 0.005903310685  0.005133435337  0.003655750491  0.002446617925  0.001664354072   0.00117719608 0.0008663709947 0.0006600903326   0.00051774875 0.0004160408013 0.0003411263008 0.0002844947896 0.0002407228546 0.0002062338572 0.0001785969469 0.0001561231222 0.0001376129905 0.0001221901508 0.0001092086023 9.818361272e-05 8.873907374e-05 8.058960174e-05 7.350952507e-05 6.732007227e-05 6.187829396e-05 5.706918873e-05 5.279799303e-05 4.898819159e-05 4.557538875e-05 3.134799061e-05 
  0.00513348092  0.005903291197  0.005133531656  0.003655804771  0.002446697836  0.001664350075  0.001177200054 0.0008663524907 0.0006600818584 0.0005177525021 0.0004160389242 0.0003411317869 0.0002844939465 0.0002407246157 0.0002062300004  0.000178597457 0.0001561235156  0.000137612145 0.0001221906034 0.0001092092114 9.818296715e-05 8.873997423e-05 8.058983509e-05 7.350937406e-05  6.73203742e-05 6.187846295e-05 5.706904348e-05 5.279788682e-05 4.898768555e-05 3.330741971e-05 
 0.003655906931  0.005133601746  0.005903260615  0.005133553337  0.003655869051  0.002446765298    0.0016643607  0.001177202146 0.0008663654217 0.0006600796473 0.0005177511737 0.0004160387875 0.0003411243775 0.0002844949472  0.000240723034 0.0002062339968 0.0001785948027 0.0001561226079 0.0001376140821 0.0001221913313 0.0001092094833 9.818346591e-05 8.873913789e-05  8.05895822e-05 7.350933105e-05 6.732032174e-05 6.187819199e-05 5.706910923e-05 5.279810824e-05 3.545996866e-05 
 0.002446723904   0.00365574369   0.00513353488  0.005903268235  0.005133559654  0.003655758094  0.002446738766  0.001664421131  0.001177202258 0.0008663461182  0.000660090832 0.0005177522097 0.0004160399422 0.0003411238536 0.0002844941768  0.000240725792 0.0002062345454 0.0001785938775 0.0001561220646 0.0001376118899  0.000122190899  0.000109208856 9.818299143e-05 8.873864203e-05 8.058956838e-05 7.350940704e-05 6.732008653e-05 6.187887044e-05 5.706948944e-05 3.782995052e-05 
 0.001664372516    0.0024467651  0.003655814791   0.00513348083  0.005903287106  0.005133538565   0.00365582513  0.002446767612  0.001664371373  0.001177215725 0.0008663654461 0.0006600756504 0.0005177469526  0.000416038879  0.000341120118  0.000284498449 0.0002407254686 0.0002062318661 0.0001785953427 0.0001561239391 0.0001376131507 0.0001221910934 0.0001092096658 9.818268127e-05 8.873921175e-05 8.058970447e-05 7.350924884e-05 6.731980705e-05  6.18786038e-05 4.044597557e-05 
 0.001177203231  0.001664398544   0.00244671278  0.003655806934  0.005133519279  0.005903284277  0.005133520196  0.003655766847  0.002446691344  0.001664340156  0.001177214413 0.0008663574069  0.000660095758 0.0005177540911 0.0004160421711   0.00034112855  0.000284496189 0.0002407252688 0.0002062332855 0.0001785965421   0.00015612307 0.0001376120047 0.0001221907923 0.0001092096555 9.818274625e-05 8.873859042e-05 8.058957298e-05 7.350914577e-05 6.732017304e-05 4.334876429e-05 
 0.000866356996   0.00117720839  0.001664398219  0.002446730947  0.003655785562  0.005133473111  0.005903308148  0.005133435923  0.003655662255  0.002446805906  0.001664415689  0.001177225628 0.0008663745277 0.0006600942699  0.000517750426 0.0004160409714 0.0003411214479 0.0002844960252 0.0002407244221  0.000206231772 0.0001785962257 0.0001561221803 0.0001376111358 0.0001221898924 0.0001092095292  9.81830695e-05 8.873914394e-05 8.058939679e-05 7.350950355e-05 4.657821871e-05 
0.0006600843424 0.0008663510507  0.001177204512  0.001664366824  0.002446765875  0.003655806353  0.005133461781  0.005903311588  0.005133534362  0.003655883248  0.002446729648  0.001664411449  0.001177229626 0.0008663724762  0.000660090513  0.000517757717 0.0004160424283 0.0003411231579 0.0002844942904 0.0002407259294 0.0002062352636 0.0001785943994 0.0001561229716 0.0001376125727 0.0001221902227 0.0001092097721 9.818242459e-05 8.873915087e-05 8.058961698e-05 5.018523137e-05 
0.0005177523512 0.0006600897656 0.0008663675367  0.001177218104  0.001664409691  0.002446701299  0.003655753067  0.005133555822  0.005903302306  0.005133616834  0.003655984697  0.002446721068  0.001664375102  0.001177177689 0.0008663643754 0.0006600905558 0.0005177452756 0.0004160424887   0.00034112698 0.0002844941806 0.0002407238329 0.0002062353034 0.0001785942926 0.0001561230603  0.000137612424 0.0001221904909 0.0001092104131 9.818363549e-05 8.873881829e-05 5.423572489e-05 
0.0004160378507 0.0005177500139 0.0006601029403 0.0008663454251  0.001177191704  0.001664373957  0.002446820716  0.003655807287  0.005133392795  0.005903308447   0.00513352747  0.003655873462  0.002446815041  0.001664392409   0.00117722242 0.0008663899441  0.000660090435 0.0005177505096  0.000416033891  0.000341118383 0.0002844939735 0.0002407216257 0.0002062326479 0.0001785936251 0.0001561223052 0.0001376131768 0.0001221912014 0.0001092102785 9.818311927e-05 5.880515056e-05 
 0.000341125185 0.0004160396652 0.0005177487991 0.0006600817585 0.0008663706693  0.001177191556  0.001664326479  0.002446714488  0.003655781729  0.005133535955  0.005903280195  0.005133415845  0.003655781366  0.002446713769  0.001664389796   0.00117720556 0.0008663575012  0.000660087147 0.0005177488362 0.0004160360061 0.0003411191763 0.0002844962455 0.0002407239877 0.0002062354191 0.0001785959102 0.0001561234509 0.0001376112343  0.000122190437 0.0001092091798 6.398266624e-05 
0.0002844924835 0.0003411207449 0.0004160407926 0.0005177504713 0.0006600871532 0.0008663682591  0.001177202114   0.00166438096  0.002446797393   0.00365573016  0.005133576627  0.005903314488  0.005133523688   0.00365585498   0.00244673286  0.001664403034  0.001177208624 0.0008663728192 0.0006600912015 0.0005177575667 0.0004160433333 0.0003411224889 0.0002844918596 0.0002407242499 0.0002062330175 0.0001785932104  0.000156122663 0.0001376123427 0.0001221905924 6.989232615e-05 
0.0002407243207 0.0002844948829 0.0003411234998 0.0004160395123 0.0005177609953  0.000660089155 0.0008663389973  0.001177215329  0.001664399802  0.002446816878   0.00365579722  0.005133515501  0.005903299992  0.005133537869  0.003655768838  0.002446722283  0.001664375647  0.001177228667 0.0008663655395 0.0006600947912 0.0005177494825 0.0004160430257 0.0003411237204 0.0002844907268 0.0002407236695 0.0002062324481 0.0001785969491 0.0001561217451 0.0001376129212 7.666886779e-05 
0.0002062332981 0.0002407247377  0.000284496262 0.0003411233116 0.0004160402887  0.000517746996 0.0006600937135 0.0008663753411  0.001177172509   0.00166437906  0.002446732705  0.003655698867  0.005133540406  0.005903330674  0.005133621918   0.00365583836  0.002446728585  0.001664400928  0.001177212648 0.0008663658757 0.0006600979716 0.0005177496945  0.000416037918 0.0003411214838 0.0002844943441 0.0002407229441 0.0002062335508 0.0001785952268 0.0001561244145  8.45044082e-05 
0.0001785940206 0.0002062327295 0.0002407257023 0.0002844980179 0.0003411183374 0.0004160387744 0.0005177483003 0.0006600918374 0.0008663470013   0.00117721265  0.001664389434   0.00244675739   0.00365586116  0.005133486315  0.005903301445  0.005133669021  0.003655803501  0.002446769832  0.001664383374  0.001177186352 0.0008663752116 0.0006600926894 0.0005177534057 0.0004160390988  0.000341126617 0.0002844987373  0.000240726818 0.0002062333977 0.0001785962757 9.362644093e-05 
0.0001561244071 0.0001785948343 0.0002062343604 0.0002407241327   0.00028449527  0.000341122103 0.0004160411378 0.0005177507466 0.0006600966375 0.0008663872997  0.001177228209  0.001664399064   0.00244672673  0.003655742966  0.005133536996  0.005903276734   0.00513354595  0.003655860765  0.002446661791  0.001664341922  0.001177202023  0.000866365156 0.0006600894142  0.000517744126 0.0004160440454 0.0003411293344  0.000284495454 0.0002407267104 0.0002062346023 0.0001043504334 
0.0001376132141  0.000156124113 0.0001785947357 0.0002062343773 0.0002407265186 0.0002844960237 0.0003411274791 0.0004160364011 0.0005177533761 0.0006600854118  0.000866361224  0.001177225586  0.001664339577  0.002446728343  0.003655833122  0.005133499084  0.005903294349  0.005133588368  0.003655859644  0.002446711143   0.00166440897  0.001177230319 0.0008663649332 0.0006600849661 0.0005177582099 0.0004160405499 0.0003411235429 0.0002844960188 0.0002407251906   0.00011707231 
0.0001221905892 0.0001376123878 0.0001561219933 0.0001785965887 0.0002062331671 0.0002407243987 0.0002844976881 0.0003411266828  0.000416036281 0.0005177487599 0.0006600886781 0.0008663607705  0.001177219623  0.001664391055   0.00244671727  0.003655799585  0.005133465168  0.005903288518  0.005133447038  0.003655804049   0.00244679485  0.001664401798    0.0011772008 0.0008663719141  0.000660080267 0.0005177525719 0.0004160400167 0.0003411265999 0.0002844960343 0.0001323476416 
0.0001092101145 0.0001221909953 0.0001376121739 0.0001561222752 0.0001785956201 0.0002062320426 0.0002407271001 0.0002844937929 0.0003411206482 0.0004160441128  0.000517755829 0.0006600912978 0.0008663406252  0.001177230644  0.001664348979  0.002446717094  0.003655750709  0.005133601299  0.005903297122  0.005133487819    0.0036557734  0.002446700224  0.001664383537  0.001177219076 0.0008663508788 0.0006600976006 0.0005177450579 0.0004160403488 0.0003411255033 0.0001508987535 
9.818278028e-05 0.0001092100479  0.000122190316 0.0001376133403 0.0001561222764 0.0001785960541 0.0002062302978 0.0002407215809 0.0002844987609 0.0003411262163 0.0004160391682 0.0005177504535 0.0006600869213 0.0008663543483  0.001177209618  0.001664371567  0.002446808895  0.003655784562  0.005133474616  0.005903316167  0.005133531181  0.003655867578  0.002446769295   0.00166436631  0.001177211952 0.0008663778503 0.0006601011259 0.0005177554949 0.0004160457746 0.0001737980358 
8.873890121e-05 9.818272518e-05 0.0001092092439 0.0001221909944 0.0001376121401 0.0001561227059 0.0001785961565 0.0002062334507 0.0002407261506 0.0002844978357 0.0003411306862 0.0004160427983 0.0005177526668  0.000660079818 0.0008663525007  0.001177223323  0.001664380802  0.002446815259  0.003655779603  0.005133576602  0.005903279853   0.00513358668  0.003655844424  0.002446704514  0.001664440366  0.001177217803 0.0008663633401 0.0006600961864 0.0005177463585 0.0002024966515 
8.059000439e-05 8.873925915e-05 9.818329941e-05 0.0001092091041 0.0001221904895 0.0001376120946 0.0001561229073 0.0001785963573 0.0002062340576 0.0002407248445 0.0002844939508 0.0003411217979 0.0004160419139 0.0005177494114 0.0006600920346 0.0008663599157  0.001177195037  0.001664375577  0.002446721379  0.003655811201  0.005133517864  0.005903307128  0.005133602825  0.003655860604  0.002446729876  0.001664368213  0.001177226137 0.0008663652026 0.0006600838042 0.0002392650746 
7.350959483e-05 8.058957219e-05 8.873913057e-05 9.818319146e-05  0.000109209759 0.0001221915847 0.0001376129129 0.0001561230047 0.0001785956466 0.0002062321688 0.0002407238541 0.0002844925224  0.000341120247 0.0004160435803 0.0005177521386  0.000660093544 0.0008663709938  0.001177208371   0.00166444517   0.00244675811  0.003655828626  0.005133525203  0.005903292009  0.005133545781  0.003655781997  0.002446741752  0.001664347575  0.001177178805 0.0008663726924 0.0002874401264 
6.732006652e-05 7.350986179e-05 8.058979253e-05 8.873898857e-05 9.818231376e-05 0.0001092094388  0.000122190331 0.0001376138556 0.0001561230926 0.0001785952959 0.0002062321883 0.0002407240044 0.0002844943395 0.0003411235491  0.000416038435 0.0005177516657 0.0006600799241 0.0008663512142  0.001177210792  0.001664377605  0.002446736027  0.003655878824  0.005133581193  0.005903294183  0.005133554438   0.00365581969   0.00244677641  0.001664326433  0.001177226834 0.0003524420064 
6.187842268e-05 6.732017553e-05 7.350982537e-05 8.058995111e-05 8.873914505e-05 9.818301297e-05 0.0001092100711 0.0001221908515 0.0001376147757 0.0001561239354 0.0001785966398 0.0002062324097 0.0002407235346 0.0002844945877 0.0003411249769 0.0004160403158 0.0005177573888 0.0006600990409  0.000866353805  0.001177184837  0.001664420302    0.0024467654  0.003655888376  0.005133548997  0.005903314838  0.005133579669  0.003655769854   0.00244679174  0.001664386306  0.000443146896 
5.706920954e-05 6.187842879e-05 6.731993123e-05 7.350926123e-05 8.059028088e-05 8.873940564e-05  9.81826884e-05 0.0001092095853 0.0001221910331 0.0001376125669 0.0001561234088 0.0001785961929 0.0002062323049 0.0002407208755 0.0002844957794 0.0003411242209 0.0004160376521 0.0005177505302 0.0006600773548 0.0008663638192  0.001177198416  0.001664385765  0.002446693096   0.00365569813  0.005133560728    0.0059032841  0.005133520142  0.003655878295  0.002446791468 0.0005744911953 
5.279783075e-05 5.706889436e-05 6.187853709e-05 6.732043354e-05 7.350972026e-05 8.058959815e-05 8.873902072e-05 9.818374345e-05 0.0001092100909 0.0001221894892 0.0001376140027 0.0001561224443  0.000178595035 0.0002062316274 0.0002407218658 0.0002844985391 0.0003411235187 0.0004160345792   0.00051775543 0.0006600936665 0.0008663498747  0.001177206373  0.001664342177  0.002446732831  0.003655796184  0.005133530492  0.005903275696  0.005133576197  0.003655769127 0.0007718152948 
4.898785772e-05 5.279823617e-05 5.706919207e-05 6.187863716e-05 6.732005216e-05 7.350976247e-05 8.059023777e-05 8.873894113e-05 9.818313816e-05 0.0001092103134  0.000122190135 0.0001376123793 0.0001561241434  0.000178593133 0.0002062342605 0.0002407240465 0.0002844953158 0.0003411256695 0.0004160385483  0.000517745908 0.0006600921131 0.0008663774184  0.001177178883  0.001664423728   0.00244673211  0.003655808397  0.005133559876  0.005903297517  0.005133509018  0.001071388322 
4.557486523e-05 4.898815802e-05 5.279797645e-05 5.706865077e-05 6.187857657e-05 6.731968835e-05  7.35097907e-05 8.058921897e-05 8.873928476e-05 9.818338632e-05 0.0001092097161 0.0001221910188 0.0001376123266 0.0001561226502 0.0001785956639 0.0002062332372 0.0002407259168 0.0002844938988 0.0003411244304 0.0004160328053 0.0005177506984 0.0006600840606 0.0008663609303  0.001177210146  0.001664327553  0.002446798257  0.003655854859  0.005133487419  0.005903304761  0.001496508093 
3.134814767e-05 3.330912635e-05 3.546006544e-05 3.783000266e-05 4.044626086e-05 4.334868886e-05  4.65806458e-05 5.018446669e-05  5.42340241e-05 5.880396211e-05 6.398358699e-05 6.988980967e-05 7.666907332e-05 8.450887434e-05 9.362666097e-05 0.0001043574361 0.0001170747024 0.0001323431512 0.0001508952478 0.0001737915358 0.0002025134649 0.0002392747725 0.0002874488354   0.00035250826 0.0004431450841 0.0005745793889 0.0007718314675  0.001071488505   0.00149659476  0.002632112117 
