  jla_mock 0.503084 42.37013020 0.14571158 42.35104191
  jla_mock 0.580724 43.05043334 0.16122778 42.72544420
  jla_mock 0.494795 42.15528393 0.12070859 42.30792132
  jla_mock 0.345928 41.61233079 0.13253081 41.39127679
  jla_mock 0.677662 43.34964916 0.22871689 43.13159771
  jla_mock 0.610712 42.77087970 0.22548733 42.85755119
  jla_mock 0.866494 44.18244487 0.25803499 43.78399511
  jla_mock 0.330932 41.29148866 0.12801230 41.27949682
  jla_mock 0.798566 43.33407817 0.25919990 43.56669516
  jla_mock 0.449562 42.10422849 0.16139765 42.06004102
  jla_mock 0.371443 41.61758431 0.14921889 41.57158328
  jla_mock 0.291718 41.22857058 0.14231442 40.96351391
  jla_mock 0.355820 41.39474800 0.14101044 41.46259197
  jla_mock 0.461274 42.31365629 0.15587207 42.12637684
  jla_mock 0.283610 40.85363739 0.13055630 40.89332726
  jla_mock 0.632234 42.79966831 0.22182909 42.94863350
  jla_mock 0.466414 42.24566718 0.17243727 42.15499621
  jla_mock 0.268624 40.65584341 0.12820280 40.75859431
  jla_mock 0.946890 43.92816184 0.29224985 44.02068105
  jla_mock 0.924917 43.98990199 0.31213110 43.95800648
  jla_mock 0.693165 43.10273092 0.29243158 43.19137081
  jla_mock 0.625233 42.86186272 0.19088816 42.91933154
  jla_mock 0.896944 44.09819691 0.26745476 43.87607256
  jla_mock 0.608261 42.67212645 0.15987482 42.84698635
  jla_mock 0.789054 44.00731577 0.26932700 43.53484560
  jla_mock 0.578292 42.61352668 0.14637659 42.71444998
  jla_mock 0.590280 42.83164091 0.18966931 42.76822720
  jla_mock 0.719626 43.54029311 0.25305179 43.29050179
  jla_mock 0.210032 40.30310098 0.13132256 40.15508565
  jla_mock 0.766590 43.64640065 0.22576765 43.45813147
  jla_mock 0.858513 43.95188939 0.22289539 43.75933955
  jla_mock 0.367904 41.67963757 0.09931133 41.54726971
  jla_mock 0.558746 42.79117537 0.15678156 42.62447408
  jla_mock 0.848509 43.84263866 0.21739327 43.72811733
  jla_mock 0.996390 44.00834181 0.24266005 44.15678878
  jla_mock 0.776594 43.28894200 0.26449227 43.49255925
  jla_mock 0.582932 42.77902113 0.13306958 42.73538825
  jla_mock 0.583743 42.93515571 0.16752875 42.73903180
  jla_mock 0.796552 43.71413661 0.22887969 43.55998229
  jla_mock 0.588721 43.05570158 0.15579306 42.76129222
  jla_mock 0.913473 44.22552753 0.24294053 43.92478371
  jla_mock 0.768587 43.29097506 0.23905376 43.46503842
  jla_mock 0.948455 43.88710895 0.26528102 44.02509035
  jla_mock 0.513793 42.66495846 0.15287930 42.40577946
  jla_mock 0.733609 43.32695154 0.19294483 43.34148483
  jla_mock 0.637701 42.90942896 0.27010736 42.97130188
  jla_mock 0.765588 43.56904359 0.21113574 43.45465935
  jla_mock 0.434861 42.30202140 0.15772880 41.97446567
  jla_mock 0.983407 44.33131577 0.25879722 44.12174547
  jla_mock 0.583743 42.90077686 0.16232669 42.73903180
  jla_mock 0.700631 43.46709076 0.21687358 43.21970245
  jla_mock 0.662058 43.03685469 0.21294856 43.07010358
  jla_mock 0.838126 44.42462258 0.28077453 43.69533139
  jla_mock 0.621874 43.17643465 0.17546981 42.90516222
  jla_mock 0.370586 41.78299993 0.14291643 41.56571521
  jla_mock 0.416632 42.04414474 0.13815441 41.86454678
  jla_mock 0.358570 41.65139099 0.10704088 41.48209300
  jla_mock 0.451681 42.14676272 0.15278703 42.07216096
  jla_mock 0.522762 42.60911326 0.16112888 42.45080836
  jla_mock 0.733996 43.36566236 0.30408870 43.34288256
  jla_mock 0.701965 43.58750058 0.31176741 43.22473424
  jla_mock 0.742008 43.30006873 0.29013165 43.37166168
  jla_mock 0.746118 43.60973990 0.21822021 43.38630913
  jla_mock 0.349560 41.62132534 0.13472825 41.41767712
  jla_mock 0.591835 42.91618132 0.15357327 42.77512718
  jla_mock 0.514746 42.56115030 0.15561143 42.41059876
  jla_mock 0.620632 43.07308892 0.18447364 42.89990471
  jla_mock 0.643646 42.80557516 0.24392132 42.99574384
  jla_mock 1.002795 44.14831765 0.33216844 44.17391138
  jla_mock 0.470586 42.08344239 0.14420733 42.17801083
  jla_mock 0.610643 42.86479846 0.15877872 42.85725432
  jla_mock 0.263487 40.80350341 0.12804977 40.71081308
  jla_mock 0.358336 41.52178436 0.12918713 41.48043901
  jla_mock 0.742697 43.81492951 0.25908753 43.37412260
  jla_mock 0.451556 41.94711970 0.11538935 42.07144747
  jla_mock 0.910752 43.97153652 0.26164869 43.91682448
  jla_mock 0.552605 42.54242984 0.15821060 42.59559344
  jla_mock 0.337534 41.46047207 0.12813367 41.32927134
  jla_mock 0.750681 43.27932376 0.24281434 43.40248043
  jla_mock 0.983777 43.92417594 0.34665096 44.12275046
  jla_mock 0.822697 43.47237902 0.22175759 43.64587597
  jla_mock 0.813696 43.48507526 0.24256727 43.61660738
  jla_mock 0.950763 44.45569445 0.26472927 44.03158000
  jla_mock 0.817732 43.72008359 0.24643394 43.62976987
  jla_mock 0.340520 41.40943680 0.12574260 41.35148976
  jla_mock 0.960751 43.85384878 0.28766046 44.05948701
  jla_mock 0.810720 43.42396199 0.27275574 43.60686128
  jla_mock 0.756687 43.40247167 0.24755189 43.42362217
  jla_mock 0.611252 42.83226971 0.18572910 42.85987342
  jla_mock 0.877971 43.63001055 0.22378685 43.81906566
  jla_mock 0.548325 42.37039521 0.14258079 42.57528608
  jla_mock 0.809032 43.38262472 0.23222084 43.60131782
  jla_mock 1.028800 44.15133779 0.28337345 44.24233887
  jla_mock 0.627239 43.07465217 0.17555461 42.92775911
  jla_mock 0.422452 41.66020270 0.15606690 41.90011713
  jla_mock 0.933900 43.98043284 0.34999950 43.98380379
  jla_mock 0.701158 43.47440959 0.22740618 43.22169137
  jla_mock 0.697164 43.31029323 0.20952266 43.20658211
  jla_mock 0.685179 43.74497470 0.27044472 43.16074133
  jla_mock 0.767075 43.27599622 0.25233801 43.45981051
  jla_mock 0.931901 44.05240210 0.25136810 43.97808419
  jla_mock 0.863978 43.12670420 0.24510246 43.77624644
  jla_mock 0.749100 43.04678125 0.22590126 43.39688808
  jla_mock 0.514353 42.37762388 0.15357466 42.40861238
  jla_mock 0.468406 42.14754027 0.11440416 42.16600877
  jla_mock 0.470398 42.15807104 0.15654577 42.17697783
  jla_mock 0.958871 44.01823781 0.27681249 44.05425605
  jla_mock 0.927909 44.10383029 0.29724149 43.96662606
  jla_mock 0.840522 44.12341839 0.21913135 43.70293203
  jla_mock 0.630699 43.03458226 0.17083127 42.94223535
  jla_mock 0.562751 42.69716735 0.14440652 42.64314895
  jla_mock 0.615698 43.04787521 0.16969222 42.87891969
  jla_mock 0.828528 43.39729888 0.22446355 43.66467138
  jla_mock 0.564741 42.82324686 0.16042692 42.65238167
  jla_mock 0.578745 42.87228027 0.14758356 42.71650114
  jla_mock 0.557743 42.67700595 0.15831963 42.61977749
  jla_mock 0.864497 43.90980589 0.22870035 43.77784663
  jla_mock 0.735608 43.52340902 0.23468503 43.34869704
  jla_mock 0.858507 44.18267219 0.28336591 43.75932093
  jla_mock 0.261984 40.73800859 0.10443414 40.69667086
  jla_mock 0.585743 43.10974309 0.18660838 42.74799676
  jla_mock 0.761580 43.20568461 0.21598834 43.44072697
  jla_mock 0.488800 42.24046016 0.11155101 42.27631225
  jla_mock 0.858516 43.48896729 0.27431051 43.75934886
  jla_mock 0.688656 43.14984802 0.18053033 43.17411869
  jla_mock 0.558743 42.72396186 0.15491557 42.62446004
  jla_mock 0.324532 41.30388976 0.12601850 41.23036431
  jla_mock 0.480704 42.11724815 0.10839252 42.23304676
  jla_mock 0.185371 40.13618883 0.13095679 39.85305148
  jla_mock 0.922221 44.20880865 0.33854809 43.95021620
  jla_mock 0.681942 42.83930566 0.19640351 43.14822898
  jla_mock 0.475707 42.20391110 0.10811298 42.20600231
  jla_mock 0.922210 44.13690822 0.27644363 43.95018437
  jla_mock 0.893183 43.99581110 0.25783329 43.86486632
  jla_mock 0.428646 42.15488400 0.14143599 41.93747792
  jla_mock 0.631882 43.10614796 0.23474045 42.94716761
  jla_mock 0.699960 42.98216647 0.25834877 43.21716801
  jla_mock 0.736007 43.61875640 0.26468680 43.35013433
  jla_mock 0.575823 42.75671596 0.15953941 42.70324385
  jla_mock 0.418633 41.82047991 0.10651651 41.87682801
  jla_mock 0.511746 42.56945440 0.12000546 42.39539947
  jla_mock 0.535771 42.51975959 0.12653138 42.51485102
  jla_mock 0.641893 43.40735691 0.21547239 42.98855901
  jla_mock 0.734996 42.97640350 0.22720400 43.34649100
  jla_mock 0.351560 41.27617235 0.13079492 41.43210698
  jla_mock 0.609860 42.89006972 0.17401244 42.85388326
  jla_mock 0.349557 41.52896779 0.13436921 41.41765542
  jla_mock 0.701969 43.32867167 0.18819535 43.22474932
  jla_mock 0.355261 41.51223941 0.10427939 41.45861096
  jla_mock 0.983280 44.14238863 0.25756994 44.12140043
  jla_mock 0.872152 43.91361259 0.26597542 43.80134063
  jla_mock 0.759030 43.48989966 0.20819082 43.43182601
  jla_mock 0.926220 43.85984493 0.24599386 43.96176361
  jla_mock 0.643642 42.48015544 0.22846121 42.99572746
  jla_mock 0.419569 41.90892618 0.13772753 41.88255410
  jla_mock 0.515587 42.12391597 0.20313602 42.41484477
  jla_mock 0.890729 43.66648165 0.21057911 43.85752952
  jla_mock 0.805696 43.58630481 0.22987004 43.59032927
  jla_mock 0.480568 42.27671679 0.10874993 42.23231419
  jla_mock 0.800697 43.79277279 0.24546005 43.57378020
  jla_mock 0.580604 42.91927432 0.18881444 42.72490274
  jla_mock 0.715652 43.26335648 0.24396561 43.27583891
  jla_mock 0.805695 43.44056682 0.23276535 43.59032597
  jla_mock 0.766684 43.27412335 0.25283777 43.45845698
  jla_mock 0.664638 43.27746283 0.19578546 43.08036579
  jla_mock 0.901736 44.18435925 0.25190507 43.89028441
  jla_mock 0.745665 43.18646246 0.21142864 43.38469852
  jla_mock 0.718680 43.31631403 0.20380008 43.28701838
  jla_mock 0.736690 43.37971862 0.19636251 43.35259294
  jla_mock 0.579600 42.53738193 0.12084594 42.72036839
  jla_mock 0.370531 41.63165330 0.10256736 41.56533819
  jla_mock 0.960740 43.98293749 0.23956115 44.05945643
  jla_mock 0.850729 43.65357829 0.21179952 43.73507669
  jla_mock 0.648640 42.97261036 0.19254569 43.01611076
  jla_mock 0.219462 40.36226987 0.13036783 40.26196681
  jla_mock 0.936755 44.60991325 0.24129989 43.99195180
  jla_mock 0.647639 42.89672255 0.17876349 43.01204038
  jla_mock 0.461564 42.15962844 0.13341110 42.12799943
  jla_mock 0.600603 42.77957080 0.17945434 42.81371586
  jla_mock 0.670654 42.96488724 0.23100742 43.10414845
  jla_mock 0.760698 43.30915132 0.20946016 43.43765154
  jla_mock 0.246492 40.68978788 0.13212126 40.54637902
  jla_mock 0.470573 42.04973205 0.14759396 42.17793941
  jla_mock 0.169455 39.83851261 0.11209573 39.63766354
  jla_mock 0.497379 42.24733405 0.12912927 42.32143557
  jla_mock 0.638234 42.96989403 0.19688575 42.97350203
  jla_mock 0.507371 42.45371469 0.14542671 42.37308383
  jla_mock 0.535327 42.58171393 0.14229510 42.51268936
  jla_mock 0.587285 42.86690128 0.16639385 42.75488905
  jla_mock 0.773081 43.54058161 0.25620999 43.48051857
  jla_mock 0.699166 43.49184319 0.22210270 43.21416597
  jla_mock 0.370511 41.58783844 0.12736057 41.56520108
  jla_mock 0.761089 43.60301867 0.22808946 43.43901534
  jla_mock 0.699169 43.03596248 0.21959570 43.21417732
  jla_mock 0.788060 43.54907348 0.19242158 43.53149594
  jla_mock 0.373513 41.52207490 0.13202741 41.58570563
  jla_mock 0.405478 41.79446327 0.13198879 41.79507130
  jla_mock 0.852994 43.83319273 0.25729076 43.74215894
  jla_mock 0.808048 43.60199010 0.24185374 43.59808117
  jla_mock 0.603272 42.70762903 0.18397635 42.82535672
  jla_mock 0.583290 42.96080788 0.17902789 42.73699721
  jla_mock 0.534335 42.69053531 0.14774220 42.50785365
  jla_mock 0.720140 43.39312906 0.24070231 43.29239263
  jla_mock 0.400485 41.85211469 0.21060605 41.76339635
  jla_mock 0.837004 44.10461124 0.21502566 43.69176490
  jla_mock 0.371508 41.56944375 0.10193219 41.57202784
  jla_mock 0.806041 43.64864765 0.25907683 43.59146772
  jla_mock 0.840005 43.69899102 0.23506835 43.70129378
  jla_mock 0.500728 42.28141583 0.12981336 42.33885355
  jla_mock 0.532765 42.60810371 0.17422186 42.50018312
  jla_mock 0.533766 42.73174493 0.18215335 42.50507613
  jla_mock 0.932229 43.97011976 0.34152943 43.97902349
  jla_mock 0.822103 43.68611796 0.25790730 43.64395405
  jla_mock 0.553797 42.27928966 0.13544877 42.60122283
  jla_mock 0.125298 39.01329636 0.13709229 38.92293877
  jla_mock 0.842123 43.89542695 0.28302626 43.70799902
  jla_mock 0.443668 42.17401031 0.15186631 42.02604821
  jla_mock 0.727675 43.56041029 0.24978201 43.31996388
  jla_mock 0.683659 43.42441073 0.41253064 43.15487294
  jla_mock 0.442548 41.96567292 0.13367762 42.01954139
  jla_mock 0.726679 43.18294355 0.20021505 43.31633517
  jla_mock 0.282510 40.88130176 0.12747632 40.88366322
  jla_mock 0.404549 42.00147082 0.12965359 41.78920526
  jla_mock 0.519611 42.63717893 0.13964385 42.43507170
  jla_mock 0.690652 42.90930340 0.23214813 43.18176896
  jla_mock 1.060801 44.53724338 0.27869308 44.32423223
  jla_mock 0.576612 42.90723947 0.15376326 42.70682983
  jla_mock 0.268489 40.84276251 0.12614174 40.75734943
  jla_mock 0.720680 43.65253956 0.25106936 43.29437771
  jla_mock 0.250498 40.62200822 0.13111277 40.58605882
  jla_mock 0.760691 43.48423211 0.27664014 43.43762712
  jla_mock 0.698167 43.19854500 0.26129048 43.21038422
  jla_mock 0.550315 42.69154902 0.16854352 42.58474650
  jla_mock 0.730128 43.41643420 0.23524622 43.32888057
  jla_mock 0.847985 44.02740858 0.24702775 43.72647209
  jla_mock 0.997826 43.97312060 0.24705649 44.16063709
  jla_mock 0.435446 42.20988345 0.13052406 41.97792194
  jla_mock 0.409470 41.96570265 0.12922369 41.82013748
  jla_mock 0.301590 41.22342578 0.12598595 41.04658579
  jla_mock 1.299106 44.89852353 0.19340708 44.86622170
  jla_mock 1.020807 43.95008134 0.23668119 44.22149044
  jla_mock 0.839734 43.95225403 0.19264717 43.70043465
  jla_mock 1.120850 44.54088826 0.20807086 44.47149026
  jla_mock 1.230892 44.83376958 0.23900250 44.72198803
  jla_mock 0.974230 44.22036639 0.18427047 44.09669905
  jla_mock 0.970782 43.58680481 0.33863365 44.08722847
  jla_mock 0.064229 37.48506347 0.15072784 37.38367208
  jla_mock 0.129030 38.91143954 0.16416611 38.99181609
  jla_mock 0.102890 38.73768832 0.14983539 38.46361443
  jla_mock 0.044130 36.60720289 0.17359564 36.53790737
  jla_mock 0.113040 38.89032745 0.15276523 38.68228835
  jla_mock 0.256110 39.98066972 0.20496122 40.64067411
  jla_mock 0.380260 42.09505792 0.28702753 41.63124000
  jla_mock 0.145470 39.36767881 0.16218924 39.27457233
  jla_mock 0.088890 38.11210606 0.14636771 38.12583382
  jla_mock 0.260590 40.70683949 0.18294429 40.68348731
  jla_mock 0.078910 37.92765956 0.15602647 37.85259413
  jla_mock 0.083040 37.94393238 0.15331705 37.96945274
  jla_mock 0.165650 39.61482615 0.13854363 39.58339248
  jla_mock 0.168170 39.54512065 0.16196037 39.61946333
  jla_mock 0.170630 39.85936820 0.16520984 39.65419380
  jla_mock 0.170280 39.60933384 0.17035518 39.64928098
  jla_mock 0.120440 38.90624484 0.15109792 38.83033422
  jla_mock 0.276530 40.85188351 0.21443501 40.83051212
  jla_mock 0.231600 40.53820489 0.18253328 40.39346548
  jla_mock 0.305690 41.15246546 0.26735001 41.08035322
  jla_mock 0.079970 37.93956347 0.16566195 37.88313388
  jla_mock 0.174150 39.82690580 0.15831009 39.70308864
  jla_mock 0.138680 39.20697985 0.16604939 39.16160914
  jla_mock 0.146070 39.31925765 0.16391832 39.28431597
  jla_mock 0.081330 38.06926809 0.14393418 37.92175604
  jla_mock 0.233800 40.30025518 0.17178002 40.41661639
  jla_mock 0.256550 40.71435768 0.17733386 40.64490939
  jla_mock 0.245620 40.65612287 0.20041043 40.53766308
  jla_mock 0.125930 38.83617927 0.19132506 38.93473721
  jla_mock 0.223510 39.94167375 0.21582750 40.30655156
  jla_mock 0.102640 38.28231179 0.14663754 38.45797501
  jla_mock 0.119670 39.15933116 0.14566661 38.81533475
  jla_mock 0.180550 39.88699104 0.16851019 39.78968278
  jla_mock 0.197090 39.81898001 0.17389574 40.00093917
  jla_mock 0.229160 40.32101907 0.19939442 40.36755056
  jla_mock 0.264510 40.75233123 0.19876199 40.72039640
  jla_mock 0.103370 38.40608985 0.12264053 38.47440587
  jla_mock 0.364410 41.38899134 0.23042794 41.52305266
  jla_mock 0.205600 40.11209885 0.15584351 40.10331215
  jla_mock 0.179810 40.14317658 0.19620482 39.77981734
  jla_mock 0.199590 40.14197049 0.18224440 40.03143112
  jla_mock 0.156530 39.35691333 0.15012954 39.44843626
  jla_mock 0.161800 39.59373035 0.14760764 39.52728616
  jla_mock 0.209530 40.31019852 0.20608020 40.14927240
  jla_mock 0.241790 40.47721144 0.19813238 40.49904000
  jla_mock 0.236460 40.41383499 0.16266354 40.44434112
  jla_mock 0.226680 40.32290459 0.21050732 40.34094863
  jla_mock 0.296780 41.04334407 0.19716042 41.00642792
  jla_mock 0.208520 39.96773404 0.16317028 40.13753731
  jla_mock 0.251040 40.70321288 0.22085837 40.59138241
  jla_mock 0.250120 40.39846652 0.17967388 40.58233978
  jla_mock 0.117710 38.38966526 0.14551100 38.77674059
  jla_mock 0.219710 40.34712881 0.16999397 40.26472003
  jla_mock 0.149010 39.27427512 0.14890457 39.33152597
  jla_mock 0.287420 40.77708823 0.18840122 40.92653533
  jla_mock 0.143600 39.33811187 0.16639625 39.24396193
  jla_mock 0.328370 41.55395297 0.19601268 41.25993440
  jla_mock 0.246250 40.63873037 0.16506508 40.54396300
  jla_mock 0.119660 38.96192848 0.15026680 38.81513935
  jla_mock 0.328380 41.58169306 0.27642285 41.26001103
  jla_mock 0.215130 40.42913991 0.18366862 40.21340500
  jla_mock 0.144780 39.33530097 0.13616902 39.26332062
  jla_mock 0.132430 39.08649949 0.12839376 39.05295780
  jla_mock 0.210820 40.29453696 0.16235031 40.16418499
  jla_mock 0.203990 40.20310001 0.15780808 40.08424872
  jla_mock 0.279520 41.17230796 0.16701092 40.85721851
  jla_mock 0.044280 36.48292969 0.15509722 36.54550888
  jla_mock 0.180370 39.80833758 0.15078404 39.78728654
  jla_mock 0.260700 40.90017170 0.18972170 40.68452998
  jla_mock 0.056540 37.24707242 0.18696980 37.09512776
  jla_mock 0.212600 40.41301364 0.19194689 40.18462419
  jla_mock 0.369410 41.67769906 0.23700047 41.55764247
  jla_mock 0.173860 39.77769396 0.13051969 39.69909525
  jla_mock 0.142650 39.25134109 0.16862649 39.22826819
  jla_mock 0.177890 39.86397955 0.17323466 39.75404371
  jla_mock 0.328370 40.99715210 0.20656404 41.25993440
  jla_mock 0.253510 40.59960421 0.19560920 40.61550974
  jla_mock 0.300010 40.97171115 0.19320267 41.03346007
  jla_mock 0.105890 38.45122971 0.14607715 38.53029502
  jla_mock 0.223280 40.29585282 0.16843887 40.30403838
  jla_mock 0.118450 38.72510912 0.12252294 38.79138243
  jla_mock 0.176530 39.75583136 0.17118858 39.73563069
  jla_mock 0.182800 39.63833232 0.18906536 39.81945031
  jla_mock 0.297620 41.18636700 0.22708191 41.01348391
  jla_mock 0.196990 39.87719302 0.16336648 39.99971206
  jla_mock 0.152950 39.61217426 0.14755004 39.39344849
  jla_mock 0.248500 40.68694818 0.17447627 40.56634213
  jla_mock 0.138180 39.34115226 0.12408786 39.15308754
  jla_mock 0.207040 39.96496850 0.17044837 40.12024608
  jla_mock 0.214680 40.07916928 0.18059604 40.20830882
  jla_mock 0.306320 40.66631146 0.21502986 41.08550488
  jla_mock 0.246950 40.69274257 0.17120148 40.55094551
  jla_mock 0.198010 39.81215461 0.14489973 40.01220161
  jla_mock 0.222560 40.14979040 0.15195110 40.29615558
  jla_mock 0.135080 39.15620708 0.15130600 39.09960029
  jla_mock 0.210540 40.16858044 0.18260591 40.16095532
  jla_mock 0.272580 40.89049239 0.16910743 40.79482057
  jla_mock 0.246600 40.51596735 0.16168519 40.54745654
  jla_mock 0.220680 40.38995087 0.19428942 40.27546119
  jla_mock 0.274470 40.61972773 0.19147108 40.81195729
  jla_mock 0.176560 39.89476276 0.15540451 39.73603828
  jla_mock 0.310880 41.49984865 0.22015615 41.12250493
  jla_mock 0.184350 39.97182420 0.17307932 39.83975978
  jla_mock 0.159350 39.34453893 0.14827050 39.49093145
  jla_mock 0.219760 40.10854774 0.16604587 40.26527477
  jla_mock 0.252050 40.62010245 0.18410044 40.60127456
  jla_mock 0.181220 39.68330819 0.14940352 39.79858271
  jla_mock 0.173730 39.61381023 0.13336424 39.69730310
  jla_mock 0.380470 41.65755321 0.24246083 41.63264525
  jla_mock 0.178650 39.80563508 0.17172186 39.76427650
  jla_mock 0.245680 40.67102174 0.18910008 40.53826371
  jla_mock 0.209100 40.22579101 0.16102286 40.14428268
  jla_mock 0.249470 40.80662877 0.20970726 40.57593247
  jla_mock 0.133920 39.12785424 0.16606211 39.07928968
  jla_mock 0.177060 39.73613152 0.16039966 39.74282196
  jla_mock 0.281110 40.92597513 0.18775324 40.87131332
  jla_mock 0.173830 39.57817657 0.15186906 39.69868179
  jla_mock 0.196540 39.92074426 0.16513423 39.99418292
  jla_mock 0.363970 41.43240086 0.22724835 41.51998782
  jla_mock 0.378350 41.33232598 0.26733097 41.61842592
  jla_mock 0.316460 40.82610684 0.21038880 41.16710744
  jla_mock 0.183220 40.04585625 0.13519430 39.82496925
  jla_mock 0.241020 40.58275273 0.16773658 40.49120702
  jla_mock 0.202030 39.86165118 0.19953174 40.06085237
  jla_mock 0.168690 39.64822593 0.16511959 39.62684391
  jla_mock 0.197940 39.80668283 0.17492454 40.01134639
  jla_mock 0.122760 39.15528665 0.14574653 38.87498830
  jla_mock 0.203180 40.12402047 0.16105255 40.07460514
  jla_mock 0.127390 39.19438263 0.14895509 38.96178192
  jla_mock 0.275490 40.81331374 0.19972760 40.82116060
  jla_mock 0.144680 39.45209572 0.14721731 39.26168579
  jla_mock 0.334360 41.14675624 0.24977783 41.30545460
  jla_mock 0.195800 39.83524537 0.15392559 39.98506502
  jla_mock 0.193920 40.02969113 0.16374737 39.96175638
  jla_mock 0.249730 40.58386014 0.18580683 40.57849724
  jla_mock 0.148600 39.45756195 0.14879989 39.32499474
  jla_mock 0.155960 39.44476656 0.14872192 39.43976020
  jla_mock 0.095820 38.54500292 0.15034816 38.29888959
  jla_mock 0.150650 39.35245170 0.15872946 39.35748429
  jla_mock 0.309330 41.09677638 0.24715745 41.10998454
  jla_mock 0.248570 40.57150737 0.17340396 40.56703537
  jla_mock 0.365540 41.21742423 0.24311996 41.53090809
  jla_mock 0.117710 38.72375360 0.12847626 38.77674059
  jla_mock 0.191760 39.85838697 0.14428474 39.93471648
  jla_mock 0.182550 39.85753350 0.16171197 39.81615965
  jla_mock 0.234720 40.26308717 0.18444964 40.42623815
  jla_mock 0.246470 40.67877184 0.19927669 40.54615947
  jla_mock 0.288450 41.15055711 0.18873457 40.93544325
  jla_mock 0.209600 39.99372437 0.19927022 40.15008378
  jla_mock 0.191980 40.08040770 0.17965405 39.93748342
  jla_mock 0.114020 38.63824607 0.12215388 38.70241012
  jla_mock 0.113890 38.77238717 0.18397194 38.69975030
  jla_mock 0.198800 40.28693724 0.20967258 40.02183405
  jla_mock 0.220580 39.89560026 0.22796022 40.27435587
  jla_mock 0.182570 40.01394006 0.16453718 39.81642306
  jla_mock 0.158950 39.60509430 0.16372575 39.48494661
  jla_mock 0.078490 37.78883017 0.14911597 37.84038499
  jla_mock 0.138640 39.15673962 0.13217046 39.16092847
  jla_mock 0.180790 39.92691561 0.15445548 39.79287433
  jla_mock 0.177570 40.17676785 0.18629282 39.74972302
  jla_mock 0.170660 39.74141094 0.16102003 39.65461446
  jla_mock 0.233810 40.37098796 0.20858516 40.41672116
  jla_mock 0.071530 37.57396349 0.17410666 37.62841570
  jla_mock 0.154630 39.39605410 0.18791656 39.41940058
  jla_mock 0.090100 38.37818057 0.15950858 38.15695339
  jla_mock 0.176580 40.13365171 0.20448697 39.73630997
  jla_mock 0.130450 39.00462016 0.16440638 39.01753336
  jla_mock 0.182040 39.65057352 0.17166998 39.80943370
  jla_mock 0.256170 40.15674321 0.17261330 40.64125204
  jla_mock 0.138110 39.11492428 0.14854031 39.15189221
  jla_mock 0.170700 39.82769436 0.16749506 39.65517524
  jla_mock 0.216740 40.08796660 0.14793120 40.23155770
  jla_mock 0.245550 40.17971098 0.17887642 40.53696217
  jla_mock 0.143820 39.28271805 0.16709807 39.24758242
  jla_mock 0.248620 40.59643773 0.18856198 40.56753043
  jla_mock 0.145330 39.38813117 0.17138622 39.27229342
  jla_mock 0.135880 39.37396617 0.12760365 39.11351263
  jla_mock 0.058740 37.00119005 0.12754402 37.18137021
  jla_mock 0.036520 36.04086397 0.15191506 36.11499823
  jla_mock 0.277490 40.92513960 0.22703402 40.83911561
  jla_mock 0.205150 39.89120348 0.29701418 40.09799780
  jla_mock 0.280510 40.93062518 0.20078942 40.86600318
  jla_mock 0.198670 40.04533286 0.16215673 40.02025140
  jla_mock 0.159990 39.55205822 0.15164286 39.50047815
  jla_mock 0.210750 39.80846044 0.18113105 40.16337794
  jla_mock 0.071950 37.58002082 0.17245857 37.64175542
  jla_mock 0.237820 40.32136707 0.19074175 40.45840525
  jla_mock 0.141390 39.44570634 0.17359013 39.20730191
  jla_mock 0.155060 39.57143232 0.15760876 39.42600081
  jla_mock 0.370130 41.61437324 0.22886799 41.56258778
  jla_mock 0.093910 38.28432701 0.17056414 38.25241093
  jla_mock 0.118630 38.75345282 0.17057943 38.79493094
  jla_mock 0.153630 39.45740186 0.15381057 39.40398478
  jla_mock 0.253560 40.75879352 0.16809525 40.61599591
  jla_mock 0.107250 38.32419860 0.14420228 38.55993725
  jla_mock 0.129610 38.73973981 0.15302154 39.00235225
  jla_mock 0.266650 40.44159585 0.19376454 40.74033372
  jla_mock 0.212260 39.95678755 0.16262819 40.18073232
  jla_mock 0.278220 40.93785817 0.18167466 40.84563951
  jla_mock 0.245400 40.64009693 0.16811689 40.53545960
  jla_mock 0.133620 39.44463700 0.15059378 39.07401011
  jla_mock 0.176560 39.74100505 0.16208219 39.73603828
  jla_mock 0.113680 38.93076878 0.14584429 38.69544762
  jla_mock 0.320380 41.52863478 0.26368273 41.19801010
  jla_mock 0.112710 38.67805086 0.12253270 38.67547563
  jla_mock 0.106020 38.56770770 0.14472955 38.53314397
  jla_mock 0.391350 41.72721201 0.26610488 41.70448789
  jla_mock 0.155750 39.25434427 0.14611530 39.43655631
  jla_mock 0.186670 40.01870116 0.16762102 39.86986452
  jla_mock 0.196710 40.44979489 0.16669908 39.99627308
  jla_mock 0.191910 39.99872048 0.17339098 39.93660335
  jla_mock 0.190840 40.08784218 0.15087610 39.92311374
  jla_mock 0.176250 39.78449331 0.15361286 39.73182344
  jla_mock 0.128370 38.87441721 0.15035584 38.97977249
  jla_mock 0.122620 38.93323389 0.14734428 38.87231625
  jla_mock 0.127150 39.05279287 0.14706216 38.95735627
  jla_mock 0.213230 40.49385258 0.17620944 40.19182042
  jla_mock 0.218610 39.86981816 0.18110338 40.25248623
  jla_mock 0.268560 40.74958793 0.19152223 40.75800422
  jla_mock 0.204660 39.79382790 0.16518790 40.09219879
  jla_mock 0.267100 40.72042875 0.17377576 40.74450740
  jla_mock 0.217570 40.13282353 0.17264916 40.24086733
  jla_mock 0.241850 40.34800646 0.17151433 40.49964940
  jla_mock 0.293500 41.14177213 0.20071643 40.97869876
  jla_mock 0.353460 40.98543677 0.23113786 41.44574541
  jla_mock 0.185630 39.93745938 0.15494760 39.85641243
  jla_mock 0.285430 40.61521999 0.19928385 40.90924132
  jla_mock 0.194940 40.00638881 0.16836015 39.97442839
  jla_mock 0.075920 37.70871839 0.14499851 37.76428887
  jla_mock 0.163570 39.34936692 0.15777754 39.55323307
  jla_mock 0.257210 40.68778202 0.20821329 40.65124979
  jla_mock 0.219550 39.94938610 0.18725136 40.26294408
  jla_mock 0.175580 39.62303113 0.15163366 39.72269036
  jla_mock 0.226670 40.18630893 0.18608202 40.34084082
  jla_mock 0.153220 39.46223531 0.15082218 39.39763723
  jla_mock 0.210250 40.19766098 0.19550076 40.15760614
  jla_mock 0.121640 38.76071553 0.12361443 38.85353115
  jla_mock 0.291350 41.06339098 0.19904915 40.96036745
  jla_mock 0.294480 41.02106934 0.27859702 40.98701345
  jla_mock 0.164550 39.57571735 0.12599124 39.56748698
  jla_mock 0.307020 41.36553553 0.20906564 41.09121752
  jla_mock 0.198630 40.15507192 0.16157737 40.01976424
  jla_mock 0.268210 40.98215583 0.21539519 40.75477485
  jla_mock 0.401280 41.71092346 0.24823001 41.76846410
  jla_mock 0.136680 38.87908884 0.15334431 39.12734848
  jla_mock 0.295420 41.52389564 0.24720467 40.99496487
  jla_mock 0.291920 41.57818948 0.19219946 40.96523948
  jla_mock 0.090070 38.15648027 0.12096556 38.15618664
  jla_mock 0.205570 40.36940916 0.18292629 40.10295819
  jla_mock 0.145820 39.13987811 0.14934529 39.28026067
  jla_mock 0.117670 38.93976948 0.14486540 38.77594667
  jla_mock 0.054990 37.19433776 0.14997934 37.03239938
  jla_mock 0.174200 39.55588739 0.15142908 39.70377654
  jla_mock 0.244950 40.92498995 0.18020903 40.53094681
  jla_mock 0.224520 40.15587012 0.18249954 40.31755948
  jla_mock 0.245580 40.76441194 0.16228277 40.53726258
  jla_mock 0.283510 40.78315148 0.21250233 40.89245014
  jla_mock 0.180560 39.91791755 0.17619167 39.78981584
  jla_mock 0.103910 38.37605640 0.12352191 38.48648974
  jla_mock 0.129610 38.78895789 0.15326847 39.00235225
  jla_mock 0.243520 40.58098213 0.16045597 40.51655525
  jla_mock 0.331360 40.98655272 0.26935111 41.28275125
  jla_mock 0.243480 40.48061537 0.19048000 40.51615157
  jla_mock 0.314680 41.56479727 0.17577640 41.15295859
  jla_mock 0.218650 40.14813306 0.18935500 40.25293209
  jla_mock 0.260140 40.71709860 0.21925656 40.67921764
  jla_mock 0.282430 40.88970387 0.19830733 40.88295904
  jla_mock 0.300410 40.79279989 0.20581539 41.03678905
  jla_mock 0.151860 39.61502228 0.14864409 39.37646794
  jla_mock 0.263570 40.86240576 0.18936772 40.71159189
  jla_mock 0.213820 40.32960560 0.20621233 40.19854195
  jla_mock 0.162840 39.64336900 0.16761662 39.54256362
  jla_mock 0.124400 39.13310693 0.17140549 38.90607803
  jla_mock 0.194650 39.89311311 0.13938689 39.97083181
  jla_mock 0.205540 40.28321652 0.18299408 40.10260419
  jla_mock 0.106670 38.51374999 0.14588621 38.54733939
  jla_mock 0.187720 39.90167041 0.18724598 39.88337565
  jla_mock 0.163870 39.53167862 0.15682059 39.55760493
  jla_mock 0.290210 40.68716982 0.19470283 40.95059702
  jla_mock 0.094010 38.26350464 0.12497638 38.25486653
  jla_mock 0.227860 40.40420892 0.18009820 40.35363931
  jla_mock 0.107510 38.59317937 0.14764565 38.56556368
  jla_mock 0.310650 41.06332410 0.22259423 41.12065070
  jla_mock 0.145640 39.58299409 0.15575872 39.27733684
  jla_mock 0.087840 37.87466550 0.12609586 38.09850103
  jla_mock 0.148390 39.14773248 0.15572534 39.32164294
  jla_mock 0.286620 41.10686942 0.19365541 40.91959626
  jla_mock 0.122810 38.85471428 0.13329108 38.87594191
  jla_mock 0.186550 40.15490526 0.20280242 39.86831590
  jla_mock 0.128930 39.30185901 0.15503539 38.98999503
  jla_mock 0.194220 39.91414483 0.16863568 39.96548983
  jla_mock 0.148000 39.23098299 0.14676099 39.31540643
  jla_mock 0.211790 40.24118607 0.22866165 40.17534289
  jla_mock 0.179620 39.59379814 0.17351314 39.77727823
  jla_mock 0.263490 40.95683122 0.18130204 40.71084123
  jla_mock 0.192150 40.00201757 0.15956887 39.93961949
  jla_mock 0.338800 41.28711069 0.22987627 41.33871350
  jla_mock 0.117410 38.60394278 0.14766783 38.77078001
  jla_mock 0.143100 39.49935586 0.16841647 39.23571421
  jla_mock 0.160350 39.33257064 0.13218212 39.50583255
  jla_mock 0.288720 41.20023798 0.21129560 40.93777350
  jla_mock 0.123030 38.81145923 0.15464992 38.88013347
  jla_mock 0.264050 40.84319245 0.18533646 40.71609141
  jla_mock 0.126080 39.19795125 0.17182656 38.93752932
  jla_mock 0.173740 39.48938821 0.14981160 39.69744100
  jla_mock 0.164400 39.76152972 0.14972618 39.56531039
  jla_mock 0.249610 40.45777463 0.16242204 40.57731380
  jla_mock 0.159990 39.53017571 0.15136580 39.50047815
  jla_mock 0.244480 40.46541663 0.15150476 40.52622528
  jla_mock 0.248510 40.63953891 0.17707716 40.56644117
  jla_mock 0.228930 40.24195648 0.16847625 40.36509465
  jla_mock 0.085280 38.16136724 0.14384543 38.03053562
  jla_mock 0.062818 37.62231476 0.14854713 37.33330552
  jla_mock 0.277450 40.61506746 0.23370164 40.83875768
  jla_mock 0.275440 40.77226855 0.21508178 40.82071019
  jla_mock 0.330510 41.12560582 0.21087893 41.27628421
  jla_mock 0.361930 41.38311636 0.24565378 41.50573334
  jla_mock 0.331030 41.39619022 0.21800830 41.28024234
  jla_mock 0.160500 39.45669779 0.12714994 39.50806025
  jla_mock 0.300210 40.97236604 0.20430208 41.03512507
  jla_mock 0.116350 38.71067911 0.12231010 38.74960383
  jla_mock 0.218290 40.63957748 0.16062208 40.24891663
  jla_mock 0.119670 38.89651277 0.12046332 38.81533475
  jla_mock 0.154730 39.23534706 0.12395445 39.42093704
  jla_mock 0.178100 40.11302331 0.16562813 39.75687524
  jla_mock 0.250370 40.63331652 0.16560962 40.58480004
  jla_mock 0.251740 40.36972456 0.14466362 40.59824225
  jla_mock 0.129530 38.87135699 0.14518911 39.00090162
  jla_mock 0.309290 40.95695271 0.18810950 41.10966066
  jla_mock 0.278520 40.88473190 0.17881943 40.84831601
  jla_mock 0.185810 39.73346885 0.13605911 39.85874567
  jla_mock 0.066510 37.44964749 0.17228058 37.46288716
  jla_mock 0.258000 40.71125313 0.18756945 40.65881939
  jla_mock 0.298880 41.38360045 0.21609463 41.02403360
  jla_mock 0.270440 40.87845251 0.22437165 40.77528452
  jla_mock 0.279160 40.77555386 0.17183675 40.85401700
  jla_mock 0.292870 41.01899785 0.21554431 40.97334010
  jla_mock 0.189650 40.09632677 0.15711153 39.90802874
  jla_mock 0.265760 40.81710301 0.19291042 40.73205999
  jla_mock 0.123760 39.00555820 0.14509081 38.89399154
  jla_mock 0.182550 39.65575592 0.14971699 39.81615965
  jla_mock 0.056340 37.38075900 0.14895035 37.08712772
  jla_mock 0.312880 41.01218804 0.18264477 41.13857562
  jla_mock 0.309150 40.82332559 0.22328713 41.10852682
  jla_mock 0.200610 39.82774447 0.15587566 40.04377042
  jla_mock 0.326400 41.10300334 0.20549386 41.24479642
  jla_mock 0.211630 40.24786365 0.13899445 40.17350567
  jla_mock 0.179690 39.85971213 0.15636245 39.77821398
  jla_mock 0.302400 41.17914163 0.19662226 41.05329027
  jla_mock 0.109240 38.51742652 0.14870399 38.60267717
  jla_mock 0.085220 37.74308545 0.15002378 38.02891950
  jla_mock 0.202310 40.19520029 0.16131988 40.06420752
  jla_mock 0.126490 38.93646467 0.15584855 38.94514516
  jla_mock 0.214570 40.31004180 0.16812914 40.20706159
  jla_mock 0.320450 41.12272161 0.19168742 41.19855877
  jla_mock 0.218350 40.39844238 0.17273249 40.24958630
  jla_mock 0.190100 39.70611124 0.15982384 39.91374343
  jla_mock 0.092430 38.12688587 0.15614025 38.21577494
  jla_mock 0.379860 42.05200958 0.18489314 41.62856135
  jla_mock 0.211340 40.30770207 0.16607978 40.17017243
  jla_mock 0.258330 40.65919939 0.18011571 40.66197505
  jla_mock 0.183270 39.70858680 0.16855779 39.82562548
  jla_mock 0.212950 40.23563916 0.17784935 40.18862452
  jla_mock 0.116510 38.90322580 0.15544019 38.75281185
  jla_mock 0.144010 39.40735616 0.17185674 39.25070505
  jla_mock 0.252490 40.76588685 0.18599877 40.60557260
  jla_mock 0.255390 41.23602734 0.21319916 40.63372916
  jla_mock 0.216980 39.95412955 0.18860575 40.23425302
  jla_mock 1.265901 44.75070326 0.22380442 44.79698974
  jla_mock 0.935774 43.76248649 0.22958872 43.98915483
  jla_mock 0.049519 36.91667067 0.20228994 36.79643881
  jla_mock 0.030325 35.76359121 0.18207848 35.70156680
  jla_mock 0.074579 38.12591944 0.21872943 37.72359936
  jla_mock 0.025198 35.21225265 0.22034080 35.29122886
  jla_mock 0.014411 34.50374026 0.20528439 34.06048197
  jla_mock 0.020792 34.83178843 0.19750056 34.86681304
  jla_mock 0.035218 36.17915960 0.20378488 36.03411951
  jla_mock 0.041657 36.53334918 0.21523275 36.40882742
  jla_mock 0.042400 36.41832772 0.20618664 36.44837502
  jla_mock 0.018902 34.54631832 0.18361956 34.65682456
  jla_mock 0.078840 38.09336006 0.21534076 37.85056359
  jla_mock 0.063345 37.29150802 0.20758765 37.35224323
  jla_mock 0.027637 35.63180854 0.23141589 35.49574473
  jla_mock 0.049325 37.15521657 0.21068097 36.78761579
  jla_mock 0.070153 37.81768919 0.22041411 37.58414793
  jla_mock 0.023909 35.21424238 0.18367797 35.17514301
  jla_mock 0.053126 37.03474504 0.22335947 36.95466158
  jla_mock 0.024951 35.43191129 0.18978288 35.26944337
  jla_mock 0.015664 34.62518677 0.20165316 34.24355971
  jla_mock 0.048984 36.78051856 0.15985830 36.77202553
  jla_mock 0.022399 35.06482299 0.18927946 35.03105780
  jla_mock 0.034854 35.89241163 0.23666209 36.01098585
  jla_mock 0.016966 34.75150125 0.20291443 34.41905369
  jla_mock 0.030721 35.49246230 0.18171781 35.73036747
  jla_mock 0.030482 35.54678780 0.18203752 35.71302906
  jla_mock 0.010550 32.98716096 0.21945028 33.37697498
  jla_mock 0.014256 33.88762001 0.17170736 34.03674778
  jla_mock 0.027688 35.56383007 0.18124529 35.49982939
  jla_mock 0.053860 36.93989170 0.15903793 36.98558282
  jla_mock 0.017672 34.74551386 0.19251135 34.50872719
  jla_mock 0.017450 34.39794448 0.17037052 34.48091679
  jla_mock 0.015573 34.07170081 0.20219934 34.23076011
  jla_mock 0.010060 33.51774837 0.23112569 33.27290010
  jla_mock 0.054931 37.16801384 0.18431298 37.02997807
  jla_mock 0.039083 36.52885605 0.16317419 36.26630443
  jla_mock 0.078317 37.65088137 0.18391968 37.83533784
  jla_mock 0.031764 35.68604142 0.15356487 35.80451887
  jla_mock 0.014440 34.10954127 0.22581465 34.06489449
  jla_mock 0.013533 33.67608902 0.22079334 33.92255325
  jla_mock 0.026677 35.24333909 0.19349962 35.41744509
  jla_mock 0.023360 35.23014326 0.17880596 35.12382045
  jla_mock 0.036934 36.23324664 0.19001518 36.14012659
  jla_mock 0.023552 35.20285550 0.17819828 35.14190296
  jla_mock 0.017483 34.49882087 0.19211831 34.48507280
  jla_mock 0.040259 36.21616494 0.17447686 36.33251957
  jla_mock 0.030381 35.31633307 0.20408145 35.70566190
  jla_mock 0.015504 34.07769868 0.20027602 34.22100552
  jla_mock 0.014151 34.16102990 0.18788306 34.02052423
  jla_mock 0.015487 34.21573816 0.18431337 34.21859562
  jla_mock 0.015554 34.10839880 0.19852180 34.22807833
  jla_mock 0.037075 36.26447303 0.15485493 36.14862211
  jla_mock 0.015482 34.17597429 0.20249750 34.21788633
  jla_mock 0.013324 33.99436171 0.18643777 33.88841558
  jla_mock 0.014575 34.33138326 0.20791179 34.08532079
  jla_mock 0.015791 34.07847814 0.19846605 34.26130051
  jla_mock 0.024746 35.28726941 0.17954713 35.25120075
  jla_mock 0.027748 35.69531595 0.17503344 35.50462544
  jla_mock 0.010888 33.40923732 0.25477943 33.44600638
  jla_mock 0.013652 33.89947453 0.18670962 33.94175799
  jla_mock 0.035755 36.12064935 0.16295663 36.06782528
  jla_mock 0.024725 35.33468424 0.17710562 35.24932362
  jla_mock 0.038086 36.22518193 0.17051564 36.20862960
  jla_mock 0.021541 34.87258220 0.17711857 34.94486566
  jla_mock 0.019581 34.62877083 0.17898631 34.73455541
  jla_mock 0.030416 35.70613256 0.17571774 35.70821759
  jla_mock 0.039219 36.44973450 0.17021381 36.27406046
  jla_mock 0.034971 35.99367585 0.15987848 36.01844730
  jla_mock 0.028561 35.52913218 0.17650121 35.56862791
  jla_mock 0.020997 34.80677372 0.18822756 34.88844780
  jla_mock 0.032538 35.77115368 0.18232286 35.85802163
  jla_mock 0.015469 33.69513770 0.19318910 34.21604112
  jla_mock 0.015678 34.18267465 0.20747940 34.24552235
  jla_mock 0.027499 35.52329377 0.15598630 35.48465493
  jla_mock 0.046856 36.69704985 0.17134850 36.67229170
  jla_mock 0.033173 35.84168559 0.18295753 35.90099459
  jla_mock 0.010291 33.66166048 0.23549671 33.32257649
  jla_mock 0.080103 37.97293249 0.17116407 37.88693845
  jla_mock 0.012317 33.51950650 0.20020781 33.71612539
  jla_mock 0.024586 35.51213707 0.20631378 35.23685912
  jla_mock 0.014467 34.63085939 0.20827809 34.06899482
  jla_mock 0.015154 34.15347544 0.18399751 34.17085499
  jla_mock 0.029086 35.58882664 0.17337203 35.60901553
  jla_mock 0.034781 35.91466597 0.17928903 36.00631801
  jla_mock 0.044920 36.62169799 0.14070569 36.57766347
  jla_mock 0.034074 36.04277548 0.16958177 35.96060864
  jla_mock 0.074870 37.73093618 0.14386215 37.73248819
  jla_mock 0.014960 34.10512807 0.19782876 34.14256149
  jla_mock 0.020396 34.55423038 0.17103812 34.82441926
  jla_mock 0.040689 36.37367994 0.17468105 36.35626161
  jla_mock 0.026567 35.26826631 0.18033141 35.40829726
  jla_mock 0.026881 35.34973070 0.15330990 35.43431258
  jla_mock 0.023471 35.06672204 0.17597781 35.13429215
  jla_mock 0.069122 37.46556466 0.19117659 37.55045468
  jla_mock 0.065193 37.20081723 0.15879632 37.41747470
  jla_mock 0.022980 35.24111770 0.17790505 35.08759706
  jla_mock 0.017387 34.51666125 0.19829162 34.47296098
  jla_mock 0.031485 35.82076849 0.15108749 35.78491972
  jla_mock 0.011184 33.75493827 0.19447979 33.50473574
  jla_mock 0.021956 34.86863539 0.17567209 34.98696935
  jla_mock 0.031484 35.77535935 0.15080691 35.78484917
  jla_mock 0.023321 34.86968858 0.20285194 35.12012958
  jla_mock 0.020390 34.80627435 0.18300723 34.82377071
  jla_mock 0.022466 35.01675194 0.18140785 35.03765097
  jla_mock 0.033614 35.92056607 0.18044129 35.93036816
  jla_mock 0.036969 36.08599034 0.17916902 36.14223835
  jla_mock 0.022629 35.19778469 0.18007478 35.05361062
  jla_mock 0.014700 33.98927599 0.18462322 34.10406779
  jla_mock 0.036950 36.18053296 0.14876338 36.14109221
  jla_mock 0.060959 37.07572578 0.12531329 37.26525946
  jla_mock 0.059289 37.11907491 0.12135718 37.20240586
  jla_mock 0.069751 37.51309480 0.15873536 37.57106733
  jla_mock 0.029526 35.85443138 0.17470465 35.64231764
  jla_mock 0.033255 35.89143636 0.17565362 35.90648512
  jla_mock 0.024159 35.05116272 0.18124182 35.19813107
  jla_mock 0.015999 34.27651142 0.19155982 34.29005387
  jla_mock 0.062961 37.07525825 0.16530929 37.33845928
  jla_mock 0.021706 35.12421773 0.19186355 34.96170055
  jla_mock 0.031638 36.03201421 0.18943844 35.79568859
  jla_mock 0.018599 34.35471103 0.17304818 34.62124460
  jla_mock 0.027064 35.29875833 0.17332763 35.44933715
  jla_mock 0.025468 35.17691286 0.18469991 35.31480424
  jla_mock 0.023810 34.80444337 0.19336693 35.16597435
  jla_mock 0.023867 35.23321651 0.18298494 35.17125784
  jla_mock 0.022068 34.91355854 0.16678206 34.99819802
