jla_mock     0.50308   41.94067    0.14571   42.35104
jla_mock     0.58072   42.93177    0.16123   42.72544
jla_mock     0.49479   42.27826    0.12071   42.30792
jla_mock     0.34593   41.23191    0.13253   41.39128
jla_mock     0.67766   43.38456    0.22872   43.13160
jla_mock     0.61071   42.73940    0.22549   42.85755
jla_mock     0.86649   44.06817    0.25803   43.78400
jla_mock     0.33093   41.44675    0.12801   41.27950
jla_mock     0.79857   43.36877    0.25920   43.56670
jla_mock     0.44956   42.03216    0.16140   42.06004
jla_mock     0.37144   41.39157    0.14922   41.57158
jla_mock     0.29172   40.92155    0.14231   40.96351
jla_mock     0.35582   41.26160    0.14101   41.46259
jla_mock     0.46127   42.12621    0.15587   42.12638
jla_mock     0.28361   40.69535    0.13056   40.89333
jla_mock     0.63223   42.94463    0.22183   42.94863
jla_mock     0.46641   41.99594    0.17244   42.15500
jla_mock     0.26862   40.79925    0.12820   40.75859
jla_mock     0.94689   44.34015    0.29225   44.02068
jla_mock     0.92492   44.45401    0.31213   43.95801
jla_mock     0.69317   43.42815    0.29243   43.19137
jla_mock     0.62523   42.95065    0.19089   42.91933
jla_mock     0.89694   44.01514    0.26745   43.87607
jla_mock     0.60826   42.81349    0.15987   42.84699
jla_mock     0.78905   43.68378    0.26933   43.53485
jla_mock     0.57829   42.70561    0.14638   42.71445
jla_mock     0.59028   42.48645    0.18967   42.76823
jla_mock     0.71963   43.34339    0.25305   43.29050
jla_mock     0.21003   40.21455    0.13132   40.15509
jla_mock     0.76659   43.47728    0.22577   43.45813
jla_mock     0.85851   43.67137    0.22290   43.75934
jla_mock     0.36790   41.48071    0.09931   41.54727
jla_mock     0.55875   42.86655    0.15678   42.62447
jla_mock     0.84851   43.49297    0.21739   43.72812
jla_mock     0.99639   44.11530    0.24266   44.15679
jla_mock     0.77659   43.80191    0.26449   43.49256
jla_mock     0.58293   43.02524    0.13307   42.73539
jla_mock     0.58374   42.78371    0.16753   42.73903
jla_mock     0.79655   43.66419    0.22888   43.55998
jla_mock     0.58872   42.81926    0.15579   42.76129
jla_mock     0.91347   43.89378    0.24294   43.92478
jla_mock     0.76859   43.25349    0.23905   43.46504
jla_mock     0.94846   44.03853    0.26528   44.02509
jla_mock     0.51379   42.36465    0.15288   42.40578
jla_mock     0.73361   43.12590    0.19294   43.34148
jla_mock     0.63770   43.29554    0.27011   42.97130
jla_mock     0.76559   43.34086    0.21114   43.45466
jla_mock     0.43486   42.12704    0.15773   41.97447
jla_mock     0.98341   44.33983    0.25880   44.12175
jla_mock     0.58374   42.85649    0.16233   42.73903
jla_mock     0.70063   43.06878    0.21687   43.21970
jla_mock     0.66206   43.12764    0.21295   43.07010
jla_mock     0.83813   42.87294    0.28077   43.69533
jla_mock     0.62187   43.01521    0.17547   42.90516
jla_mock     0.37059   41.59391    0.14292   41.56572
jla_mock     0.41663   41.70320    0.13815   41.86455
jla_mock     0.35857   41.32965    0.10704   41.48209
jla_mock     0.45168   42.21106    0.15279   42.07216
jla_mock     0.52276   42.20306    0.16113   42.45081
jla_mock     0.73400   43.67596    0.30409   43.34288
jla_mock     0.70196   42.72226    0.31177   43.22473
jla_mock     0.74201   42.96813    0.29013   43.37166
jla_mock     0.74612   43.11111    0.21822   43.38631
jla_mock     0.34956   41.54205    0.13473   41.41768
jla_mock     0.59183   42.55626    0.15357   42.77513
jla_mock     0.51475   42.49133    0.15561   42.41060
jla_mock     0.62063   42.49739    0.18447   42.89990
jla_mock     0.64365   42.64158    0.24392   42.99574
jla_mock     1.00280   44.03704    0.33217   44.17391
jla_mock     0.47059   42.14929    0.14421   42.17801
jla_mock     0.61064   42.69534    0.15878   42.85725
jla_mock     0.26349   40.72855    0.12805   40.71081
jla_mock     0.35834   41.37605    0.12919   41.48044
jla_mock     0.74270   43.39867    0.25909   43.37412
jla_mock     0.45156   42.06511    0.11539   42.07145
jla_mock     0.91075   44.14133    0.26165   43.91682
jla_mock     0.55261   42.68307    0.15821   42.59559
jla_mock     0.33753   41.40977    0.12813   41.32927
jla_mock     0.75068   43.39221    0.24281   43.40248
jla_mock     0.98378   44.91897    0.34665   44.12275
jla_mock     0.82270   43.33679    0.22176   43.64588
jla_mock     0.81370   43.34031    0.24257   43.61661
jla_mock     0.95076   44.07276    0.26473   44.03158
jla_mock     0.81773   43.58911    0.24643   43.62977
jla_mock     0.34052   41.18321    0.12574   41.35149
jla_mock     0.96075   44.29272    0.28766   44.05949
jla_mock     0.81072   43.99807    0.27276   43.60686
jla_mock     0.75669   43.02837    0.24755   43.42362
jla_mock     0.61125   42.67553    0.18573   42.85987
jla_mock     0.87797   44.07605    0.22379   43.81907
jla_mock     0.54832   42.66152    0.14258   42.57529
jla_mock     0.80903   43.88967    0.23222   43.60132
jla_mock     1.02880   44.66547    0.28337   44.24234
jla_mock     0.62724   43.16063    0.17555   42.92776
jla_mock     0.42245   41.65736    0.15607   41.90012
jla_mock     0.93390   44.22315    0.35000   43.98380
jla_mock     0.70116   43.71414    0.22741   43.22169
jla_mock     0.69716   43.49359    0.20952   43.20658
jla_mock     0.68518   43.03372    0.27044   43.16074
jla_mock     0.76707   43.94207    0.25234   43.45981
jla_mock     0.93190   43.70182    0.25137   43.97808
jla_mock     0.86398   43.97078    0.24510   43.77625
jla_mock     0.74910   43.56207    0.22590   43.39689
jla_mock     0.51435   42.44489    0.15357   42.40861
jla_mock     0.46841   42.20550    0.11440   42.16601
jla_mock     0.47040   42.05908    0.15655   42.17698
jla_mock     0.95887   43.85433    0.27681   44.05426
jla_mock     0.92791   43.75989    0.29724   43.96663
jla_mock     0.84052   43.86248    0.21913   43.70293
jla_mock     0.63070   42.87461    0.17083   42.94224
jla_mock     0.56275   42.68366    0.14441   42.64315
jla_mock     0.61570   42.83389    0.16969   42.87892
jla_mock     0.82853   44.36541    0.22446   43.66467
jla_mock     0.56474   42.60741    0.16043   42.65238
jla_mock     0.57874   42.62842    0.14758   42.71650
jla_mock     0.55774   42.70955    0.15832   42.61978
jla_mock     0.86450   43.59776    0.22870   43.77785
jla_mock     0.73561   43.29910    0.23469   43.34870
jla_mock     0.85851   43.78511    0.28337   43.75932
jla_mock     0.26198   40.63284    0.10443   40.69667
jla_mock     0.58574   42.70766    0.18661   42.74800
jla_mock     0.76158   43.89070    0.21599   43.44073
jla_mock     0.48880   42.00438    0.11155   42.27631
jla_mock     0.85852   44.03135    0.27431   43.75935
jla_mock     0.68866   43.33808    0.18053   43.17412
jla_mock     0.55874   42.68313    0.15492   42.62446
jla_mock     0.32453   40.93964    0.12602   41.23036
jla_mock     0.48070   42.13605    0.10839   42.23305
jla_mock     0.18537   39.57239    0.13096   39.85305
jla_mock     0.92222   43.97268    0.33855   43.95022
jla_mock     0.68194   43.35323    0.19640   43.14823
jla_mock     0.47571   42.29591    0.10811   42.20600
jla_mock     0.92221   43.68003    0.27644   43.95018
jla_mock     0.89318   43.67382    0.25783   43.86487
jla_mock     0.42865   41.86403    0.14144   41.93748
jla_mock     0.63188   42.87756    0.23474   42.94717
jla_mock     0.69996   43.37222    0.25835   43.21717
jla_mock     0.73601   43.24503    0.26469   43.35013
jla_mock     0.57582   42.98071    0.15954   42.70324
jla_mock     0.41863   41.83047    0.10652   41.87683
jla_mock     0.51175   42.70330    0.12001   42.39540
jla_mock     0.53577   42.41166    0.12653   42.51485
jla_mock     0.64189   42.86904    0.21547   42.98856
jla_mock     0.73500   43.16882    0.22720   43.34649
jla_mock     0.35156   41.28968    0.13079   41.43211
jla_mock     0.60986   42.52860    0.17401   42.85388
jla_mock     0.34956   41.33826    0.13437   41.41766
jla_mock     0.70197   43.25024    0.18820   43.22475
jla_mock     0.35526   41.57459    0.10428   41.45861
jla_mock     0.98328   44.56419    0.25757   44.12140
jla_mock     0.87215   43.94433    0.26598   43.80134
jla_mock     0.75903   43.33226    0.20819   43.43183
jla_mock     0.92622   43.85659    0.24599   43.96176
jla_mock     0.64364   42.90108    0.22846   42.99573
jla_mock     0.41957   41.93891    0.13773   41.88255
jla_mock     0.51559   42.60310    0.20314   42.41484
jla_mock     0.89073   44.06018    0.21058   43.85753
jla_mock     0.80570   43.52139    0.22987   43.59033
jla_mock     0.48057   42.40198    0.10875   42.23231
jla_mock     0.80070   44.36929    0.24546   43.57378
jla_mock     0.58060   42.54375    0.18881   42.72490
jla_mock     0.71565   43.47625    0.24397   43.27584
jla_mock     0.80570   43.48016    0.23277   43.59033
jla_mock     0.76668   43.40946    0.25284   43.45846
jla_mock     0.66464   43.05016    0.19579   43.08037
jla_mock     0.90174   44.13222    0.25191   43.89028
jla_mock     0.74567   43.56199    0.21143   43.38470
jla_mock     0.71868   43.11719    0.20380   43.28702
jla_mock     0.73669   43.02902    0.19636   43.35259
jla_mock     0.57960   42.66446    0.12085   42.72037
jla_mock     0.37053   41.51343    0.10257   41.56534
jla_mock     0.96074   44.48292    0.23956   44.05946
jla_mock     0.85073   43.57288    0.21180   43.73508
jla_mock     0.64864   43.08502    0.19255   43.01611
jla_mock     0.21946   40.08016    0.13037   40.26197
jla_mock     0.93676   44.09410    0.24130   43.99195
jla_mock     0.64764   43.24624    0.17876   43.01204
jla_mock     0.46156   42.11288    0.13341   42.12800
jla_mock     0.60060   42.82400    0.17945   42.81372
jla_mock     0.67065   43.26497    0.23101   43.10415
jla_mock     0.76070   43.62749    0.20946   43.43765
jla_mock     0.24649   40.48043    0.13212   40.54638
jla_mock     0.47057   42.13980    0.14759   42.17794
jla_mock     0.16945   39.56896    0.11210   39.63766
jla_mock     0.49738   42.32918    0.12913   42.32144
jla_mock     0.63823   43.09901    0.19689   42.97350
jla_mock     0.50737   42.51445    0.14543   42.37308
jla_mock     0.53533   42.48583    0.14230   42.51269
jla_mock     0.58728   42.71913    0.16639   42.75489
jla_mock     0.77308   43.26096    0.25621   43.48052
jla_mock     0.69917   43.04155    0.22210   43.21417
jla_mock     0.37051   41.54245    0.12736   41.56520
jla_mock     0.76109   43.60883    0.22809   43.43902
jla_mock     0.69917   43.19581    0.21960   43.21418
jla_mock     0.78806   43.42913    0.19242   43.53150
jla_mock     0.37351   41.59842    0.13203   41.58571
jla_mock     0.40548   41.61586    0.13199   41.79507
jla_mock     0.85299   43.82408    0.25729   43.74216
jla_mock     0.80805   43.89808    0.24185   43.59808
jla_mock     0.60327   42.92602    0.18398   42.82536
jla_mock     0.58329   42.69586    0.17903   42.73700
jla_mock     0.53434   42.34916    0.14774   42.50785
jla_mock     0.72014   42.98831    0.24070   43.29239
jla_mock     0.40048   41.67158    0.21061   41.76340
jla_mock     0.83700   43.78450    0.21503   43.69176
jla_mock     0.37151   41.47990    0.10193   41.57203
jla_mock     0.80604   43.54168    0.25908   43.59147
jla_mock     0.84001   43.68430    0.23507   43.70129
jla_mock     0.50073   42.43149    0.12981   42.33885
jla_mock     0.53277   42.37168    0.17422   42.50018
jla_mock     0.53377   42.80709    0.18215   42.50508
jla_mock     0.93223   43.82104    0.34153   43.97902
jla_mock     0.82210   43.74900    0.25791   43.64395
jla_mock     0.55380   42.75820    0.13545   42.60122
jla_mock     0.12530   38.86845    0.13709   38.92294
jla_mock     0.84212   43.45364    0.28303   43.70800
jla_mock     0.44367   42.25069    0.15187   42.02605
jla_mock     0.72767   43.54082    0.24978   43.31996
jla_mock     0.68366   43.40545    0.41253   43.15487
jla_mock     0.44255   41.95323    0.13368   42.01954
jla_mock     0.72668   43.51837    0.20022   43.31634
jla_mock     0.28251   40.75817    0.12748   40.88366
jla_mock     0.40455   41.75295    0.12965   41.78921
jla_mock     0.51961   42.30718    0.13964   42.43507
jla_mock     0.69065   43.13925    0.23215   43.18177
jla_mock     1.06080   44.55305    0.27869   44.32423
jla_mock     0.57661   42.72440    0.15376   42.70683
jla_mock     0.26849   40.67378    0.12614   40.75735
jla_mock     0.72068   43.73230    0.25107   43.29438
jla_mock     0.25050   40.54867    0.13111   40.58606
jla_mock     0.76069   43.40344    0.27664   43.43763
jla_mock     0.69817   43.25177    0.26129   43.21038
jla_mock     0.55031   42.36156    0.16854   42.58475
jla_mock     0.73013   43.25407    0.23525   43.32888
jla_mock     0.84798   44.15584    0.24703   43.72647
jla_mock     0.99783   44.01892    0.24706   44.16064
jla_mock     0.43545   42.00732    0.13052   41.97792
jla_mock     0.40947   41.66956    0.12922   41.82014
jla_mock     0.30159   40.90520    0.12599   41.04659
jla_mock     1.29911   45.14952    0.19341   44.86622
jla_mock     1.02081   44.08535    0.23668   44.22149
jla_mock     0.83973   43.67853    0.19265   43.70043
jla_mock     1.12085   44.39938    0.20807   44.47149
jla_mock     1.23089   44.80675    0.23900   44.72199
jla_mock     0.97423   44.11815    0.18427   44.09670
jla_mock     0.97078   44.12079    0.33863   44.08723
jla_mock     0.06423   37.12280    0.15073   37.38367
jla_mock     0.12903   38.88600    0.16417   38.99182
jla_mock     0.10289   38.29071    0.14984   38.46361
jla_mock     0.04413   36.51571    0.17360   36.53791
jla_mock     0.11304   38.60640    0.15277   38.68229
jla_mock     0.25611   40.54001    0.20496   40.64067
jla_mock     0.38026   41.74361    0.28703   41.63124
jla_mock     0.14547   38.97482    0.16219   39.27457
jla_mock     0.08889   38.13563    0.14637   38.12583
jla_mock     0.26059   40.84496    0.18294   40.68349
jla_mock     0.07891   38.01403    0.15603   37.85259
jla_mock     0.08304   37.85299    0.15332   37.96945
jla_mock     0.16565   39.63323    0.13854   39.58339
jla_mock     0.16817   39.54289    0.16196   39.61946
jla_mock     0.17063   39.60395    0.16521   39.65419
jla_mock     0.17028   39.57647    0.17036   39.64928
jla_mock     0.12044   38.83897    0.15110   38.83033
jla_mock     0.27653   40.65214    0.21444   40.83051
jla_mock     0.23160   40.23051    0.18253   40.39347
jla_mock     0.30569   40.80329    0.26735   41.08035
jla_mock     0.07997   37.79008    0.16566   37.88313
jla_mock     0.17415   39.72105    0.15831   39.70309
jla_mock     0.13868   38.98238    0.16605   39.16161
jla_mock     0.14607   39.15411    0.16392   39.28432
jla_mock     0.08133   37.62020    0.14393   37.92176
jla_mock     0.23380   40.73789    0.17178   40.41662
jla_mock     0.25655   40.77215    0.17733   40.64491
jla_mock     0.24562   40.53020    0.20041   40.53766
jla_mock     0.12593   38.91407    0.19133   38.93474
jla_mock     0.22351   40.16078    0.21583   40.30655
jla_mock     0.10264   38.41160    0.14664   38.45798
jla_mock     0.11967   38.78658    0.14567   38.81533
jla_mock     0.18055   39.84747    0.16851   39.78968
jla_mock     0.19709   39.87958    0.17390   40.00094
jla_mock     0.22916   40.48133    0.19939   40.36755
jla_mock     0.26451   40.59437    0.19876   40.72040
jla_mock     0.10337   38.36888    0.12264   38.47441
jla_mock     0.36441   41.69929    0.23043   41.52305
jla_mock     0.20560   39.79352    0.15584   40.10331
jla_mock     0.17981   39.74374    0.19620   39.77982
jla_mock     0.19959   39.97789    0.18224   40.03143
jla_mock     0.15653   39.26619    0.15013   39.44844
jla_mock     0.16180   39.50011    0.14761   39.52729
jla_mock     0.20953   39.74243    0.20608   40.14927
jla_mock     0.24179   40.80585    0.19813   40.49904
jla_mock     0.23646   40.35139    0.16266   40.44434
jla_mock     0.22668   40.21253    0.21051   40.34095
jla_mock     0.29678   40.83514    0.19716   41.00643
jla_mock     0.20852   40.26761    0.16317   40.13754
jla_mock     0.25104   40.66815    0.22086   40.59138
jla_mock     0.25012   40.46085    0.17967   40.58234
jla_mock     0.11771   38.80270    0.14551   38.77674
jla_mock     0.21971   40.22246    0.16999   40.26472
jla_mock     0.14901   39.10007    0.14890   39.33153
jla_mock     0.28742   40.91376    0.18840   40.92654
jla_mock     0.14360   38.90829    0.16640   39.24396
jla_mock     0.32837   41.31839    0.19601   41.25993
jla_mock     0.24625   40.27942    0.16507   40.54396
jla_mock     0.11966   38.70789    0.15027   38.81514
jla_mock     0.32838   41.05708    0.27642   41.26001
jla_mock     0.21513   40.09003    0.18367   40.21341
jla_mock     0.14478   39.47138    0.13617   39.26332
jla_mock     0.13243   38.98565    0.12839   39.05296
jla_mock     0.21082   40.00820    0.16235   40.16418
jla_mock     0.20399   39.99711    0.15781   40.08425
jla_mock     0.27952   41.14994    0.16701   40.85722
jla_mock     0.04428   36.37245    0.15510   36.54551
jla_mock     0.18037   39.59074    0.15078   39.78729
jla_mock     0.26070   40.50584    0.18972   40.68453
jla_mock     0.05654   37.35487    0.18697   37.09513
jla_mock     0.21260   40.25531    0.19195   40.18462
jla_mock     0.36941   41.38174    0.23700   41.55764
jla_mock     0.17386   39.57722    0.13052   39.69910
jla_mock     0.14265   39.20409    0.16863   39.22827
jla_mock     0.17789   39.82139    0.17323   39.75404
jla_mock     0.32837   41.36687    0.20656   41.25993
jla_mock     0.25351   40.60493    0.19561   40.61551
jla_mock     0.30001   40.93211    0.19320   41.03346
jla_mock     0.10589   38.56011    0.14608   38.53030
jla_mock     0.22328   40.07261    0.16844   40.30404
jla_mock     0.11845   38.90667    0.12252   38.79138
jla_mock     0.17653   39.65460    0.17119   39.73563
jla_mock     0.18280   39.90049    0.18907   39.81945
jla_mock     0.29762   40.65835    0.22708   41.01348
jla_mock     0.19699   40.12302    0.16337   39.99971
jla_mock     0.15295   39.20396    0.14755   39.39345
jla_mock     0.24850   40.56386    0.17448   40.56634
jla_mock     0.13818   39.04660    0.12409   39.15309
jla_mock     0.20704   40.09214    0.17045   40.12025
jla_mock     0.21468   40.21551    0.18060   40.20831
jla_mock     0.30632   41.10245    0.21503   41.08550
jla_mock     0.24695   40.49687    0.17120   40.55095
jla_mock     0.19801   40.01436    0.14490   40.01220
jla_mock     0.22256   40.23354    0.15195   40.29616
jla_mock     0.13508   39.00391    0.15131   39.09960
jla_mock     0.21054   40.20061    0.18261   40.16096
jla_mock     0.27258   40.63726    0.16911   40.79482
jla_mock     0.24660   40.47825    0.16169   40.54746
jla_mock     0.22068   40.34311    0.19429   40.27546
jla_mock     0.27447   40.82213    0.19147   40.81196
jla_mock     0.17656   39.52088    0.15540   39.73604
jla_mock     0.31088   40.88795    0.22016   41.12250
jla_mock     0.18435   39.68530    0.17308   39.83976
jla_mock     0.15935   39.49633    0.14827   39.49093
jla_mock     0.21976   40.05980    0.16605   40.26527
jla_mock     0.25205   40.47606    0.18410   40.60127
jla_mock     0.18122   39.69151    0.14940   39.79858
jla_mock     0.17373   40.07940    0.13336   39.69730
jla_mock     0.38047   41.50466    0.24246   41.63265
jla_mock     0.17865   39.53310    0.17172   39.76428
jla_mock     0.24568   40.21070    0.18910   40.53826
jla_mock     0.20910   40.06270    0.16102   40.14428
jla_mock     0.24947   40.10894    0.20971   40.57593
jla_mock     0.13392   38.99702    0.16606   39.07929
jla_mock     0.17706   39.57292    0.16040   39.74282
jla_mock     0.28111   40.98071    0.18775   40.87131
jla_mock     0.17383   39.74149    0.15187   39.69868
jla_mock     0.19654   39.99058    0.16513   39.99418
jla_mock     0.36397   41.24258    0.22725   41.51999
jla_mock     0.37835   41.46509    0.26733   41.61843
jla_mock     0.31646   40.99276    0.21039   41.16711
jla_mock     0.18322   39.65280    0.13519   39.82497
jla_mock     0.24102   40.33637    0.16774   40.49121
jla_mock     0.20203   39.87626    0.19953   40.06085
jla_mock     0.16869   39.55050    0.16512   39.62684
jla_mock     0.19794   39.71767    0.17492   40.01135
jla_mock     0.12276   38.89087    0.14575   38.87499
jla_mock     0.20318   40.12721    0.16105   40.07461
jla_mock     0.12739   38.83162    0.14896   38.96178
jla_mock     0.27549   40.75572    0.19973   40.82116
jla_mock     0.14468   39.19628    0.14722   39.26169
jla_mock     0.33436   40.78281    0.24978   41.30545
jla_mock     0.19580   39.86383    0.15393   39.98507
jla_mock     0.19392   39.81895    0.16375   39.96176
jla_mock     0.24973   40.56275    0.18581   40.57850
jla_mock     0.14860   39.17478    0.14880   39.32499
jla_mock     0.15596   39.19751    0.14872   39.43976
jla_mock     0.09582   38.28764    0.15035   38.29889
jla_mock     0.15065   39.15997    0.15873   39.35748
jla_mock     0.30933   41.11259    0.24716   41.10998
jla_mock     0.24857   40.38275    0.17340   40.56704
jla_mock     0.36554   41.54979    0.24312   41.53091
jla_mock     0.11771   38.71405    0.12848   38.77674
jla_mock     0.19176   39.99028    0.14428   39.93472
jla_mock     0.18255   39.88429    0.16171   39.81616
jla_mock     0.23472   40.22895    0.18445   40.42624
jla_mock     0.24647   40.33748    0.19928   40.54616
jla_mock     0.28845   40.75796    0.18873   40.93544
jla_mock     0.20960   40.13876    0.19927   40.15008
jla_mock     0.19198   39.80161    0.17965   39.93748
jla_mock     0.11402   38.73465    0.12215   38.70241
jla_mock     0.11389   38.37288    0.18397   38.69975
jla_mock     0.19880   40.10376    0.20967   40.02183
jla_mock     0.22058   40.41415    0.22796   40.27436
jla_mock     0.18257   39.79567    0.16454   39.81642
jla_mock     0.15895   39.71112    0.16373   39.48495
jla_mock     0.07849   37.87238    0.14912   37.84038
jla_mock     0.13864   39.16947    0.13217   39.16093
jla_mock     0.18079   39.95882    0.15446   39.79287
jla_mock     0.17757   39.56615    0.18629   39.74972
jla_mock     0.17066   39.61842    0.16102   39.65461
jla_mock     0.23381   40.20619    0.20859   40.41672
jla_mock     0.07153   37.68186    0.17411   37.62842
jla_mock     0.15463   39.56436    0.18792   39.41940
jla_mock     0.09010   37.97342    0.15951   38.15695
jla_mock     0.17658   39.63869    0.20449   39.73631
jla_mock     0.13045   38.87948    0.16441   39.01753
jla_mock     0.18204   39.62764    0.17167   39.80943
jla_mock     0.25617   40.82657    0.17261   40.64125
jla_mock     0.13811   39.17913    0.14854   39.15189
jla_mock     0.17070   39.55894    0.16750   39.65518
jla_mock     0.21674   40.17655    0.14793   40.23156
jla_mock     0.24555   40.70750    0.17888   40.53696
jla_mock     0.14382   39.19086    0.16710   39.24758
jla_mock     0.24862   40.26617    0.18856   40.56753
jla_mock     0.14533   39.13651    0.17139   39.27229
jla_mock     0.13588   38.84156    0.12760   39.11351
jla_mock     0.05874   36.94082    0.12754   37.18137
jla_mock     0.03652   36.23104    0.15192   36.11500
jla_mock     0.27749   40.95228    0.22703   40.83912
jla_mock     0.20515   40.61937    0.29701   40.09800
jla_mock     0.28051   40.74931    0.20079   40.86600
jla_mock     0.19867   40.18387    0.16216   40.02025
jla_mock     0.15999   39.28489    0.15164   39.50048
jla_mock     0.21075   40.08990    0.18113   40.16338
jla_mock     0.07195   37.41261    0.17246   37.64176
jla_mock     0.23782   40.40687    0.19074   40.45841
jla_mock     0.14139   39.46592    0.17359   39.20730
jla_mock     0.15506   39.21635    0.15761   39.42600
jla_mock     0.37013   41.73952    0.22887   41.56259
jla_mock     0.09391   38.16918    0.17056   38.25241
jla_mock     0.11863   38.93048    0.17058   38.79493
jla_mock     0.15363   39.28538    0.15381   39.40398
jla_mock     0.25356   40.55172    0.16810   40.61600
jla_mock     0.10725   38.64276    0.14420   38.55994
jla_mock     0.12961   38.78219    0.15302   39.00235
jla_mock     0.26665   40.36785    0.19376   40.74033
jla_mock     0.21226   40.19721    0.16263   40.18073
jla_mock     0.27822   41.08020    0.18167   40.84564
jla_mock     0.24540   40.51805    0.16812   40.53546
jla_mock     0.13362   38.98159    0.15059   39.07401
jla_mock     0.17656   39.30394    0.16208   39.73604
jla_mock     0.11368   38.72589    0.14584   38.69545
jla_mock     0.32038   41.20342    0.26368   41.19801
jla_mock     0.11271   38.87118    0.12253   38.67548
jla_mock     0.10602   38.47780    0.14473   38.53314
jla_mock     0.39135   41.78702    0.26610   41.70449
jla_mock     0.15575   39.27043    0.14612   39.43656
jla_mock     0.18667   39.84483    0.16762   39.86986
jla_mock     0.19671   40.18804    0.16670   39.99627
jla_mock     0.19191   39.64674    0.17339   39.93660
jla_mock     0.19084   39.83572    0.15088   39.92311
jla_mock     0.17625   39.56782    0.15361   39.73182
jla_mock     0.12837   38.82632    0.15036   38.97977
jla_mock     0.12262   38.90185    0.14734   38.87232
jla_mock     0.12715   38.85512    0.14706   38.95736
jla_mock     0.21323   40.00517    0.17621   40.19182
jla_mock     0.21861   40.45975    0.18110   40.25249
jla_mock     0.26856   40.72748    0.19152   40.75800
jla_mock     0.20466   40.12118    0.16519   40.09220
jla_mock     0.26710   40.72019    0.17378   40.74451
jla_mock     0.21757   40.42421    0.17265   40.24087
jla_mock     0.24185   40.30013    0.17151   40.49965
jla_mock     0.29350   40.94931    0.20072   40.97870
jla_mock     0.35346   41.34574    0.23114   41.44575
jla_mock     0.18563   39.90186    0.15495   39.85641
jla_mock     0.28543   40.64349    0.19928   40.90924
jla_mock     0.19494   39.69275    0.16836   39.97443
jla_mock     0.07592   37.70402    0.14500   37.76429
jla_mock     0.16357   39.23927    0.15778   39.55323
jla_mock     0.25721   40.57515    0.20821   40.65125
jla_mock     0.21955   40.27046    0.18725   40.26294
jla_mock     0.17558   39.67435    0.15163   39.72269
jla_mock     0.22667   40.36903    0.18608   40.34084
jla_mock     0.15322   39.27509    0.15082   39.39764
jla_mock     0.21025   40.01053    0.19550   40.15761
jla_mock     0.12164   38.86263    0.12361   38.85353
jla_mock     0.29135   40.64833    0.19905   40.96037
jla_mock     0.29448   40.85849    0.27860   40.98701
jla_mock     0.16455   39.53010    0.12599   39.56749
jla_mock     0.30702   41.16957    0.20907   41.09122
jla_mock     0.19863   40.02704    0.16158   40.01976
jla_mock     0.26821   40.56999    0.21540   40.75477
jla_mock     0.40128   41.60360    0.24823   41.76846
jla_mock     0.13668   39.08038    0.15334   39.12735
jla_mock     0.29542   40.81046    0.24720   40.99496
jla_mock     0.29192   41.13347    0.19220   40.96524
jla_mock     0.09007   38.10296    0.12097   38.15619
jla_mock     0.20557   39.71410    0.18293   40.10296
jla_mock     0.14582   39.28029    0.14935   39.28026
jla_mock     0.11767   38.52098    0.14487   38.77595
jla_mock     0.05499   37.09343    0.14998   37.03240
jla_mock     0.17420   39.61158    0.15143   39.70378
jla_mock     0.24495   40.50654    0.18021   40.53095
jla_mock     0.22452   40.32162    0.18250   40.31756
jla_mock     0.24558   40.54434    0.16228   40.53726
jla_mock     0.28351   40.43572    0.21250   40.89245
jla_mock     0.18056   39.54438    0.17619   39.78982
jla_mock     0.10391   38.45810    0.12352   38.48649
jla_mock     0.12961   39.00731    0.15327   39.00235
jla_mock     0.24352   40.19068    0.16046   40.51656
jla_mock     0.33136   41.27781    0.26935   41.28275
jla_mock     0.24348   40.43318    0.19048   40.51615
jla_mock     0.31468   41.26933    0.17578   41.15296
jla_mock     0.21865   40.36225    0.18935   40.25293
jla_mock     0.26014   40.42466    0.21926   40.67922
jla_mock     0.28243   40.91300    0.19831   40.88296
jla_mock     0.30041   40.91636    0.20582   41.03679
jla_mock     0.15186   39.18134    0.14864   39.37647
jla_mock     0.26357   40.39439    0.18937   40.71159
jla_mock     0.21382   40.31737    0.20621   40.19854
jla_mock     0.16284   39.54336    0.16762   39.54256
jla_mock     0.12440   38.46034    0.17141   38.90608
jla_mock     0.19465   39.92212    0.13939   39.97083
jla_mock     0.20554   40.14234    0.18299   40.10260
jla_mock     0.10667   38.49902    0.14589   38.54734
jla_mock     0.18772   39.72774    0.18725   39.88338
jla_mock     0.16387   39.66378    0.15682   39.55760
jla_mock     0.29021   41.07892    0.19470   40.95060
jla_mock     0.09401   38.24032    0.12498   38.25487
jla_mock     0.22786   40.31572    0.18010   40.35364
jla_mock     0.10751   38.52720    0.14765   38.56556
jla_mock     0.31065   41.07895    0.22259   41.12065
jla_mock     0.14564   39.29939    0.15576   39.27734
jla_mock     0.08784   38.07027    0.12610   38.09850
jla_mock     0.14839   39.25829    0.15573   39.32164
jla_mock     0.28662   40.82677    0.19366   40.91960
jla_mock     0.12281   39.02306    0.13329   38.87594
jla_mock     0.18655   39.84906    0.20280   39.86832
jla_mock     0.12893   38.99666    0.15504   38.99000
jla_mock     0.19422   40.28098    0.16864   39.96549
jla_mock     0.14800   39.19079    0.14676   39.31541
jla_mock     0.21179   40.02550    0.22866   40.17534
jla_mock     0.17962   40.15516    0.17351   39.77728
jla_mock     0.26349   40.62325    0.18130   40.71084
jla_mock     0.19215   39.84288    0.15957   39.93962
jla_mock     0.33880   41.23687    0.22988   41.33871
jla_mock     0.11741   38.66294    0.14767   38.77078
jla_mock     0.14310   39.11789    0.16842   39.23571
jla_mock     0.16035   39.46141    0.13218   39.50583
jla_mock     0.28872   40.64809    0.21130   40.93777
jla_mock     0.12303   38.59184    0.15465   38.88013
jla_mock     0.26405   40.77216    0.18534   40.71609
jla_mock     0.12608   38.83797    0.17183   38.93753
jla_mock     0.17374   39.90341    0.14981   39.69744
jla_mock     0.16440   39.46076    0.14973   39.56531
jla_mock     0.24961   40.59315    0.16242   40.57731
jla_mock     0.15999   39.50369    0.15137   39.50048
jla_mock     0.24448   40.64572    0.15150   40.52623
jla_mock     0.24851   40.78945    0.17708   40.56644
jla_mock     0.22893   40.39015    0.16848   40.36509
jla_mock     0.08528   37.85431    0.14385   38.03054
jla_mock     0.06282   37.30247    0.14855   37.33331
jla_mock     0.27745   40.54780    0.23370   40.83876
jla_mock     0.27544   40.79573    0.21508   40.82071
jla_mock     0.33051   40.96510    0.21088   41.27628
jla_mock     0.36193   41.40145    0.24565   41.50573
jla_mock     0.33103   41.50625    0.21801   41.28024
jla_mock     0.16050   39.39867    0.12715   39.50806
jla_mock     0.30021   41.12968    0.20430   41.03513
jla_mock     0.11635   38.86834    0.12231   38.74960
jla_mock     0.21829   40.21825    0.16062   40.24892
jla_mock     0.11967   38.73898    0.12046   38.81533
jla_mock     0.15473   39.46540    0.12395   39.42094
jla_mock     0.17810   39.90545    0.16563   39.75688
jla_mock     0.25037   40.50082    0.16561   40.58480
jla_mock     0.25174   40.58018    0.14466   40.59824
jla_mock     0.12953   39.05902    0.14519   39.00090
jla_mock     0.30929   41.07443    0.18811   41.10966
jla_mock     0.27852   40.61216    0.17882   40.84832
jla_mock     0.18581   40.16492    0.13606   39.85875
jla_mock     0.06651   37.14364    0.17228   37.46289
jla_mock     0.25800   40.73626    0.18757   40.65882
jla_mock     0.29888   41.38116    0.21609   41.02403
jla_mock     0.27044   40.54527    0.22437   40.77528
jla_mock     0.27916   40.93808    0.17184   40.85402
jla_mock     0.29287   41.11685    0.21554   40.97334
jla_mock     0.18965   39.93147    0.15711   39.90803
jla_mock     0.26576   40.66425    0.19291   40.73206
jla_mock     0.12376   38.87400    0.14509   38.89399
jla_mock     0.18255   39.55248    0.14972   39.81616
jla_mock     0.05634   36.93103    0.14895   37.08713
jla_mock     0.31288   41.13085    0.18264   41.13858
jla_mock     0.30915   41.29393    0.22329   41.10853
jla_mock     0.20061   39.92112    0.15588   40.04377
jla_mock     0.32640   41.07280    0.20549   41.24480
jla_mock     0.21163   40.23129    0.13899   40.17351
jla_mock     0.17969   39.59000    0.15636   39.77821
jla_mock     0.30240   41.30533    0.19662   41.05329
jla_mock     0.10924   38.51750    0.14870   38.60268
jla_mock     0.08522   38.08429    0.15002   38.02892
jla_mock     0.20231   39.89503    0.16132   40.06421
jla_mock     0.12649   39.11525    0.15585   38.94515
jla_mock     0.21457   40.02090    0.16813   40.20706
jla_mock     0.32045   41.48248    0.19169   41.19856
jla_mock     0.21835   40.38911    0.17273   40.24959
jla_mock     0.19010   39.74874    0.15982   39.91374
jla_mock     0.09243   38.48219    0.15614   38.21577
jla_mock     0.37986   41.57743    0.18489   41.62856
jla_mock     0.21134   39.94413    0.16608   40.17017
jla_mock     0.25833   40.84594    0.18012   40.66198
jla_mock     0.18327   39.78354    0.16856   39.82563
jla_mock     0.21295   40.08301    0.17785   40.18862
jla_mock     0.11651   38.74004    0.15544   38.75281
jla_mock     0.14401   39.16583    0.17186   39.25071
jla_mock     0.25249   40.38772    0.18600   40.60557
jla_mock     0.25539   40.57641    0.21320   40.63373
jla_mock     0.21698   40.21715    0.18861   40.23425
jla_mock     1.26590   44.66020    0.22380   44.79699
jla_mock     0.93577   43.99522    0.22959   43.98915
jla_mock     0.04952   36.72578    0.20229   36.79644
jla_mock     0.03033   35.59255    0.18208   35.70157
jla_mock     0.07458   37.60835    0.21873   37.72360
jla_mock     0.02520   35.19977    0.22034   35.29123
jla_mock     0.01441   34.17841    0.20528   34.06048
jla_mock     0.02079   34.56614    0.19750   34.86681
jla_mock     0.03522   35.93574    0.20378   36.03412
jla_mock     0.04166   36.29524    0.21523   36.40883
jla_mock     0.04240   36.40629    0.20619   36.44838
jla_mock     0.01890   35.07527    0.18362   34.65682
jla_mock     0.07884   38.00053    0.21534   37.85056
jla_mock     0.06334   37.27347    0.20759   37.35224
jla_mock     0.02764   35.53659    0.23142   35.49574
jla_mock     0.04933   36.68876    0.21068   36.78762
jla_mock     0.07015   37.63517    0.22041   37.58415
jla_mock     0.02391   35.02277    0.18368   35.17514
jla_mock     0.05313   36.81333    0.22336   36.95466
jla_mock     0.02495   35.56102    0.18978   35.26944
jla_mock     0.01566   34.23193    0.20165   34.24356
jla_mock     0.04898   36.76517    0.15986   36.77203
jla_mock     0.02240   34.84541    0.18928   35.03106
jla_mock     0.03485   36.02978    0.23666   36.01099
jla_mock     0.01697   34.39409    0.20291   34.41905
jla_mock     0.03072   35.40884    0.18172   35.73037
jla_mock     0.03048   35.76405    0.18204   35.71303
jla_mock     0.01055   33.45939    0.21945   33.37697
jla_mock     0.01426   33.88678    0.17171   34.03675
jla_mock     0.02769   35.55398    0.18125   35.49983
jla_mock     0.05386   37.01524    0.15904   36.98558
jla_mock     0.01767   34.56268    0.19251   34.50873
jla_mock     0.01745   34.36877    0.17037   34.48092
jla_mock     0.01557   34.04008    0.20220   34.23076
jla_mock     0.01006   33.23848    0.23113   33.27290
jla_mock     0.05493   37.11006    0.18431   37.02998
jla_mock     0.03908   36.04927    0.16317   36.26630
jla_mock     0.07832   37.68323    0.18392   37.83534
jla_mock     0.03176   35.53209    0.15356   35.80452
jla_mock     0.01444   34.04353    0.22581   34.06489
jla_mock     0.01353   33.51249    0.22079   33.92255
jla_mock     0.02668   35.45366    0.19350   35.41745
jla_mock     0.02336   35.17373    0.17881   35.12382
jla_mock     0.03693   36.27354    0.19002   36.14013
jla_mock     0.02355   35.28096    0.17820   35.14190
jla_mock     0.01748   34.68068    0.19212   34.48507
jla_mock     0.04026   36.40055    0.17448   36.33252
jla_mock     0.03038   35.73376    0.20408   35.70566
jla_mock     0.01550   34.24278    0.20028   34.22101
jla_mock     0.01415   34.03088    0.18788   34.02052
jla_mock     0.01549   33.98376    0.18431   34.21860
jla_mock     0.01555   34.45573    0.19852   34.22808
jla_mock     0.03707   36.45201    0.15485   36.14862
jla_mock     0.01548   34.17185    0.20250   34.21789
jla_mock     0.01332   33.88242    0.18644   33.88842
jla_mock     0.01457   33.99839    0.20791   34.08532
jla_mock     0.01579   34.34326    0.19847   34.26130
jla_mock     0.02475   34.78505    0.17955   35.25120
jla_mock     0.02775   35.45032    0.17503   35.50463
jla_mock     0.01089   33.21533    0.25478   33.44601
jla_mock     0.01365   33.65033    0.18671   33.94176
jla_mock     0.03576   36.00381    0.16296   36.06783
jla_mock     0.02473   35.34731    0.17711   35.24932
jla_mock     0.03809   36.13138    0.17052   36.20863
jla_mock     0.02154   34.82958    0.17712   34.94487
jla_mock     0.01958   34.76114    0.17899   34.73456
jla_mock     0.03042   36.11949    0.17572   35.70822
jla_mock     0.03922   36.15951    0.17021   36.27406
jla_mock     0.03497   35.85557    0.15988   36.01845
jla_mock     0.02856   35.64728    0.17650   35.56863
jla_mock     0.02100   34.95665    0.18823   34.88845
jla_mock     0.03254   36.12974    0.18232   35.85802
jla_mock     0.01547   33.93671    0.19319   34.21604
jla_mock     0.01568   34.15553    0.20748   34.24552
jla_mock     0.02750   35.41193    0.15599   35.48465
jla_mock     0.04686   36.46555    0.17135   36.67229
jla_mock     0.03317   35.91950    0.18296   35.90099
jla_mock     0.01029   33.33678    0.23550   33.32258
jla_mock     0.08010   37.87170    0.17116   37.88694
jla_mock     0.01232   33.57183    0.20021   33.71613
jla_mock     0.02459   35.33889    0.20631   35.23686
jla_mock     0.01447   34.13891    0.20828   34.06899
jla_mock     0.01515   34.68451    0.18400   34.17085
jla_mock     0.02909   35.66818    0.17337   35.60902
jla_mock     0.03478   36.16702    0.17929   36.00632
jla_mock     0.04492   36.69201    0.14071   36.57766
jla_mock     0.03407   35.80979    0.16958   35.96061
jla_mock     0.07487   37.58666    0.14386   37.73249
jla_mock     0.01496   34.01150    0.19783   34.14256
jla_mock     0.02040   34.86601    0.17104   34.82442
jla_mock     0.04069   36.26478    0.17468   36.35626
jla_mock     0.02657   35.42394    0.18033   35.40830
jla_mock     0.02688   35.21295    0.15331   35.43431
jla_mock     0.02347   35.02484    0.17598   35.13429
jla_mock     0.06912   37.28943    0.19118   37.55045
jla_mock     0.06519   37.29638    0.15880   37.41747
jla_mock     0.02298   35.02729    0.17791   35.08760
jla_mock     0.01739   34.24836    0.19829   34.47296
jla_mock     0.03148   35.92653    0.15109   35.78492
jla_mock     0.01118   33.29933    0.19448   33.50474
jla_mock     0.02196   35.50579    0.17567   34.98697
jla_mock     0.03148   35.76705    0.15081   35.78485
jla_mock     0.02332   35.18085    0.20285   35.12013
jla_mock     0.02039   34.81669    0.18301   34.82377
jla_mock     0.02247   34.95979    0.18141   35.03765
jla_mock     0.03361   35.96069    0.18044   35.93037
jla_mock     0.03697   36.05818    0.17917   36.14224
jla_mock     0.02263   35.02219    0.18007   35.05361
jla_mock     0.01470   34.04722    0.18462   34.10407
jla_mock     0.03695   36.02944    0.14876   36.14109
jla_mock     0.06096   37.46842    0.12531   37.26526
jla_mock     0.05929   37.25794    0.12136   37.20241
jla_mock     0.06975   37.54310    0.15874   37.57107
jla_mock     0.02953   35.71883    0.17470   35.64232
jla_mock     0.03325   35.75144    0.17565   35.90649
jla_mock     0.02416   34.91934    0.18124   35.19813
jla_mock     0.01600   34.29027    0.19156   34.29005
jla_mock     0.06296   37.36618    0.16531   37.33846
jla_mock     0.02171   34.81685    0.19186   34.96170
jla_mock     0.03164   35.69326    0.18944   35.79569
jla_mock     0.01860   34.69959    0.17305   34.62124
jla_mock     0.02706   35.48176    0.17333   35.44934
jla_mock     0.02547   35.05355    0.18470   35.31480
jla_mock     0.02381   34.80468    0.19337   35.16597
jla_mock     0.02387   35.11208    0.18298   35.17126
jla_mock     0.02207   34.86451    0.16678   34.99820
