jla_mock     0.50308   42.34146    0.14571   42.35104
jla_mock     0.58072   42.79536    0.16123   42.72544
jla_mock     0.49479   42.13553    0.12071   42.30792
jla_mock     0.34593   41.49702    0.13253   41.39128
jla_mock     0.67766   43.11549    0.22872   43.13160
jla_mock     0.61071   42.95391    0.22549   42.85755
jla_mock     0.86649   43.91611    0.25803   43.78400
jla_mock     0.33093   41.50413    0.12801   41.27950
jla_mock     0.79857   43.03375    0.25920   43.56670
jla_mock     0.44956   42.05060    0.16140   42.06004
jla_mock     0.37144   41.59283    0.14922   41.57158
jla_mock     0.29172   41.15660    0.14231   40.96351
jla_mock     0.35582   41.77543    0.14101   41.46259
jla_mock     0.46127   42.20147    0.15587   42.12638
jla_mock     0.28361   40.93870    0.13056   40.89333
jla_mock     0.63223   43.06338    0.22183   42.94863
jla_mock     0.46641   42.38669    0.17244   42.15500
jla_mock     0.26862   40.78141    0.12820   40.75859
jla_mock     0.94689   44.09565    0.29225   44.02068
jla_mock     0.92492   43.93058    0.31213   43.95801
jla_mock     0.69317   43.35685    0.29243   43.19137
jla_mock     0.62523   43.03418    0.19089   42.91933
jla_mock     0.89694   43.54503    0.26745   43.87607
jla_mock     0.60826   42.97681    0.15987   42.84699
jla_mock     0.78905   43.63190    0.26933   43.53485
jla_mock     0.57829   42.85485    0.14638   42.71445
jla_mock     0.59028   42.96352    0.18967   42.76823
jla_mock     0.71963   43.32702    0.25305   43.29050
jla_mock     0.21003   40.25124    0.13132   40.15509
jla_mock     0.76659   43.32157    0.22577   43.45813
jla_mock     0.85851   43.65389    0.22290   43.75934
jla_mock     0.36790   41.58589    0.09931   41.54727
jla_mock     0.55875   42.61744    0.15678   42.62447
jla_mock     0.84851   43.56022    0.21739   43.72812
jla_mock     0.99639   44.16845    0.24266   44.15679
jla_mock     0.77659   43.61679    0.26449   43.49256
jla_mock     0.58293   42.74616    0.13307   42.73539
jla_mock     0.58374   42.43733    0.16753   42.73903
jla_mock     0.79655   43.47527    0.22888   43.55998
jla_mock     0.58872   42.76034    0.15579   42.76129
jla_mock     0.91347   44.38288    0.24294   43.92478
jla_mock     0.76859   43.57334    0.23905   43.46504
jla_mock     0.94846   44.14898    0.26528   44.02509
jla_mock     0.51379   42.47171    0.15288   42.40578
jla_mock     0.73361   43.13853    0.19294   43.34148
jla_mock     0.63770   42.97044    0.27011   42.97130
jla_mock     0.76559   43.29428    0.21114   43.45466
jla_mock     0.43486   41.79110    0.15773   41.97447
jla_mock     0.98341   43.90638    0.25880   44.12175
jla_mock     0.58374   42.82575    0.16233   42.73903
jla_mock     0.70063   43.11316    0.21687   43.21970
jla_mock     0.66206   43.30727    0.21295   43.07010
jla_mock     0.83813   43.99107    0.28077   43.69533
jla_mock     0.62187   42.88063    0.17547   42.90516
jla_mock     0.37059   41.35799    0.14292   41.56572
jla_mock     0.41663   42.06849    0.13815   41.86455
jla_mock     0.35857   41.59649    0.10704   41.48209
jla_mock     0.45168   42.06150    0.15279   42.07216
jla_mock     0.52276   42.48732    0.16113   42.45081
jla_mock     0.73400   43.08990    0.30409   43.34288
jla_mock     0.70196   43.58708    0.31177   43.22473
jla_mock     0.74201   43.55018    0.29013   43.37166
jla_mock     0.74612   43.21976    0.21822   43.38631
jla_mock     0.34956   41.43611    0.13473   41.41768
jla_mock     0.59183   42.88130    0.15357   42.77513
jla_mock     0.51475   42.36905    0.15561   42.41060
jla_mock     0.62063   42.94777    0.18447   42.89990
jla_mock     0.64365   43.10119    0.24392   42.99574
jla_mock     1.00280   44.72618    0.33217   44.17391
jla_mock     0.47059   42.30451    0.14421   42.17801
jla_mock     0.61064   42.64560    0.15878   42.85725
jla_mock     0.26349   40.84117    0.12805   40.71081
jla_mock     0.35834   41.47646    0.12919   41.48044
jla_mock     0.74270   43.49828    0.25909   43.37412
jla_mock     0.45156   42.03200    0.11539   42.07145
jla_mock     0.91075   43.55598    0.26165   43.91682
jla_mock     0.55261   42.50068    0.15821   42.59559
jla_mock     0.33753   41.57641    0.12813   41.32927
jla_mock     0.75068   43.48631    0.24281   43.40248
jla_mock     0.98378   43.29193    0.34665   44.12275
jla_mock     0.82270   44.22560    0.22176   43.64588
jla_mock     0.81370   43.56652    0.24257   43.61661
jla_mock     0.95076   43.73283    0.26473   44.03158
jla_mock     0.81773   43.58739    0.24643   43.62977
jla_mock     0.34052   41.43712    0.12574   41.35149
jla_mock     0.96075   43.77801    0.28766   44.05949
jla_mock     0.81072   43.92573    0.27276   43.60686
jla_mock     0.75669   43.32776    0.24755   43.42362
jla_mock     0.61125   42.97001    0.18573   42.85987
jla_mock     0.87797   43.76039    0.22379   43.81907
jla_mock     0.54832   42.78633    0.14258   42.57529
jla_mock     0.80903   43.40990    0.23222   43.60132
jla_mock     1.02880   44.74347    0.28337   44.24234
jla_mock     0.62724   42.92370    0.17555   42.92776
jla_mock     0.42245   41.95110    0.15607   41.90012
jla_mock     0.93390   43.97147    0.35000   43.98380
jla_mock     0.70116   43.00069    0.22741   43.22169
jla_mock     0.69716   43.30761    0.20952   43.20658
jla_mock     0.68518   43.55208    0.27044   43.16074
jla_mock     0.76707   43.56249    0.25234   43.45981
jla_mock     0.93190   43.85583    0.25137   43.97808
jla_mock     0.86398   43.89644    0.24510   43.77625
jla_mock     0.74910   43.71902    0.22590   43.39689
jla_mock     0.51435   42.50348    0.15357   42.40861
jla_mock     0.46841   42.10724    0.11440   42.16601
jla_mock     0.47040   42.30994    0.15655   42.17698
jla_mock     0.95887   44.16981    0.27681   44.05426
jla_mock     0.92791   43.48355    0.29724   43.96663
jla_mock     0.84052   43.77203    0.21913   43.70293
jla_mock     0.63070   42.75459    0.17083   42.94224
jla_mock     0.56275   42.70566    0.14441   42.64315
jla_mock     0.61570   42.67036    0.16969   42.87892
jla_mock     0.82853   43.54297    0.22446   43.66467
jla_mock     0.56474   42.70698    0.16043   42.65238
jla_mock     0.57874   42.61876    0.14758   42.71650
jla_mock     0.55774   42.91539    0.15832   42.61978
jla_mock     0.86450   43.71713    0.22870   43.77785
jla_mock     0.73561   43.20489    0.23469   43.34870
jla_mock     0.85851   43.51581    0.28337   43.75932
jla_mock     0.26198   40.67293    0.10443   40.69667
jla_mock     0.58574   43.00557    0.18661   42.74800
jla_mock     0.76158   43.49273    0.21599   43.44073
jla_mock     0.48880   42.19211    0.11155   42.27631
jla_mock     0.85852   43.66547    0.27431   43.75935
jla_mock     0.68866   43.26689    0.18053   43.17412
jla_mock     0.55874   42.69645    0.15492   42.62446
jla_mock     0.32453   41.41421    0.12602   41.23036
jla_mock     0.48070   42.16304    0.10839   42.23305
jla_mock     0.18537   39.73865    0.13096   39.85305
jla_mock     0.92222   43.43995    0.33855   43.95022
jla_mock     0.68194   43.08174    0.19640   43.14823
jla_mock     0.47571   42.11452    0.10811   42.20600
jla_mock     0.92221   44.53017    0.27644   43.95018
jla_mock     0.89318   43.71499    0.25783   43.86487
jla_mock     0.42865   41.80134    0.14144   41.93748
jla_mock     0.63188   42.88029    0.23474   42.94717
jla_mock     0.69996   43.40363    0.25835   43.21717
jla_mock     0.73601   43.19821    0.26469   43.35013
jla_mock     0.57582   42.70552    0.15954   42.70324
jla_mock     0.41863   41.87367    0.10652   41.87683
jla_mock     0.51175   42.26254    0.12001   42.39540
jla_mock     0.53577   42.50422    0.12653   42.51485
jla_mock     0.64189   42.78038    0.21547   42.98856
jla_mock     0.73500   43.50174    0.22720   43.34649
jla_mock     0.35156   41.73214    0.13079   41.43211
jla_mock     0.60986   42.87841    0.17401   42.85388
jla_mock     0.34956   41.36867    0.13437   41.41766
jla_mock     0.70197   43.14497    0.18820   43.22475
jla_mock     0.35526   41.27946    0.10428   41.45861
jla_mock     0.98328   44.12538    0.25757   44.12140
jla_mock     0.87215   43.61677    0.26598   43.80134
jla_mock     0.75903   43.04209    0.20819   43.43183
jla_mock     0.92622   43.97039    0.24599   43.96176
jla_mock     0.64364   42.97245    0.22846   42.99573
jla_mock     0.41957   41.82230    0.13773   41.88255
jla_mock     0.51559   42.56806    0.20314   42.41484
jla_mock     0.89073   43.63995    0.21058   43.85753
jla_mock     0.80570   43.37116    0.22987   43.59033
jla_mock     0.48057   42.23195    0.10875   42.23231
jla_mock     0.80070   43.89621    0.24546   43.57378
jla_mock     0.58060   42.59821    0.18881   42.72490
jla_mock     0.71565   43.43323    0.24397   43.27584
jla_mock     0.80570   43.41999    0.23277   43.59033
jla_mock     0.76668   43.38392    0.25284   43.45846
jla_mock     0.66464   43.15960    0.19579   43.08037
jla_mock     0.90174   43.92995    0.25191   43.89028
jla_mock     0.74567   43.56185    0.21143   43.38470
jla_mock     0.71868   43.55349    0.20380   43.28702
jla_mock     0.73669   43.42655    0.19636   43.35259
jla_mock     0.57960   42.68875    0.12085   42.72037
jla_mock     0.37053   41.65803    0.10257   41.56534
jla_mock     0.96074   44.27736    0.23956   44.05946
jla_mock     0.85073   43.77538    0.21180   43.73508
jla_mock     0.64864   42.90999    0.19255   43.01611
jla_mock     0.21946   40.29537    0.13037   40.26197
jla_mock     0.93676   44.22271    0.24130   43.99195
jla_mock     0.64764   43.19381    0.17876   43.01204
jla_mock     0.46156   42.14992    0.13341   42.12800
jla_mock     0.60060   42.71744    0.17945   42.81372
jla_mock     0.67065   43.38606    0.23101   43.10415
jla_mock     0.76070   43.73918    0.20946   43.43765
jla_mock     0.24649   40.58952    0.13212   40.54638
jla_mock     0.47057   42.20357    0.14759   42.17794
jla_mock     0.16945   39.75389    0.11210   39.63766
jla_mock     0.49738   42.42105    0.12913   42.32144
jla_mock     0.63823   42.60896    0.19689   42.97350
jla_mock     0.50737   42.33035    0.14543   42.37308
jla_mock     0.53533   42.53192    0.14230   42.51269
jla_mock     0.58728   42.68320    0.16639   42.75489
jla_mock     0.77308   43.97817    0.25621   43.48052
jla_mock     0.69917   43.11107    0.22210   43.21417
jla_mock     0.37051   41.58267    0.12736   41.56520
jla_mock     0.76109   43.36736    0.22809   43.43902
jla_mock     0.69917   43.12322    0.21960   43.21418
jla_mock     0.78806   43.65044    0.19242   43.53150
jla_mock     0.37351   41.55303    0.13203   41.58571
jla_mock     0.40548   41.95672    0.13199   41.79507
jla_mock     0.85299   44.03451    0.25729   43.74216
jla_mock     0.80805   43.46604    0.24185   43.59808
jla_mock     0.60327   43.21840    0.18398   42.82536
jla_mock     0.58329   42.85830    0.17903   42.73700
jla_mock     0.53434   42.57021    0.14774   42.50785
jla_mock     0.72014   43.22650    0.24070   43.29239
jla_mock     0.40048   41.83625    0.21061   41.76340
jla_mock     0.83700   43.37064    0.21503   43.69176
jla_mock     0.37151   41.47809    0.10193   41.57203
jla_mock     0.80604   43.73967    0.25908   43.59147
jla_mock     0.84001   43.53150    0.23507   43.70129
jla_mock     0.50073   42.32150    0.12981   42.33885
jla_mock     0.53277   42.34879    0.17422   42.50018
jla_mock     0.53377   42.83607    0.18215   42.50508
jla_mock     0.93223   43.39302    0.34153   43.97902
jla_mock     0.82210   43.59914    0.25791   43.64395
jla_mock     0.55380   42.33555    0.13545   42.60122
jla_mock     0.12530   39.01655    0.13709   38.92294
jla_mock     0.84212   43.66712    0.28303   43.70800
jla_mock     0.44367   42.07845    0.15187   42.02605
jla_mock     0.72767   42.82388    0.24978   43.31996
jla_mock     0.68366   43.73866    0.41253   43.15487
jla_mock     0.44255   42.22022    0.13368   42.01954
jla_mock     0.72668   43.35148    0.20022   43.31634
jla_mock     0.28251   40.74311    0.12748   40.88366
jla_mock     0.40455   41.88191    0.12965   41.78921
jla_mock     0.51961   42.49966    0.13964   42.43507
jla_mock     0.69065   42.98993    0.23215   43.18177
jla_mock     1.06080   44.54338    0.27869   44.32423
jla_mock     0.57661   42.85384    0.15376   42.70683
jla_mock     0.26849   40.72191    0.12614   40.75735
jla_mock     0.72068   42.94091    0.25107   43.29438
jla_mock     0.25050   40.76084    0.13111   40.58606
jla_mock     0.76069   43.45500    0.27664   43.43763
jla_mock     0.69817   43.54791    0.26129   43.21038
jla_mock     0.55031   42.65747    0.16854   42.58475
jla_mock     0.73013   43.08624    0.23525   43.32888
jla_mock     0.84798   43.88771    0.24703   43.72647
jla_mock     0.99783   44.38406    0.24706   44.16064
jla_mock     0.43545   41.92270    0.13052   41.97792
jla_mock     0.40947   41.80909    0.12922   41.82014
jla_mock     0.30159   41.28577    0.12599   41.04659
jla_mock     1.29911   45.23591    0.19341   44.86622
jla_mock     1.02081   44.50388    0.23668   44.22149
jla_mock     0.83973   44.04303    0.19265   43.70043
jla_mock     1.12085   44.47206    0.20807   44.47149
jla_mock     1.23089   44.87328    0.23900   44.72199
jla_mock     0.97423   44.09957    0.18427   44.09670
jla_mock     0.97078   43.78607    0.33863   44.08723
jla_mock     0.06423   37.63507    0.15073   37.38367
jla_mock     0.12903   39.14839    0.16417   38.99182
jla_mock     0.10289   38.35745    0.14984   38.46361
jla_mock     0.04413   36.45895    0.17360   36.53791
jla_mock     0.11304   38.61755    0.15277   38.68229
jla_mock     0.25611   40.74213    0.20496   40.64067
jla_mock     0.38026   42.28397    0.28703   41.63124
jla_mock     0.14547   39.34997    0.16219   39.27457
jla_mock     0.08889   38.20083    0.14637   38.12583
jla_mock     0.26059   40.50490    0.18294   40.68349
jla_mock     0.07891   37.86852    0.15603   37.85259
jla_mock     0.08304   37.79094    0.15332   37.96945
jla_mock     0.16565   39.31907    0.13854   39.58339
jla_mock     0.16817   39.79331    0.16196   39.61946
jla_mock     0.17063   39.42751    0.16521   39.65419
jla_mock     0.17028   39.62179    0.17036   39.64928
jla_mock     0.12044   38.81024    0.15110   38.83033
jla_mock     0.27653   40.86329    0.21444   40.83051
jla_mock     0.23160   40.17349    0.18253   40.39347
jla_mock     0.30569   41.25841    0.26735   41.08035
jla_mock     0.07997   37.83580    0.16566   37.88313
jla_mock     0.17415   39.72398    0.15831   39.70309
jla_mock     0.13868   39.09458    0.16605   39.16161
jla_mock     0.14607   39.08058    0.16392   39.28432
jla_mock     0.08133   37.91945    0.14393   37.92176
jla_mock     0.23380   40.40027    0.17178   40.41662
jla_mock     0.25655   40.51331    0.17733   40.64491
jla_mock     0.24562   40.32245    0.20041   40.53766
jla_mock     0.12593   38.89080    0.19133   38.93474
jla_mock     0.22351   40.25842    0.21583   40.30655
jla_mock     0.10264   38.43785    0.14664   38.45798
jla_mock     0.11967   38.94296    0.14567   38.81533
jla_mock     0.18055   39.86970    0.16851   39.78968
jla_mock     0.19709   39.91819    0.17390   40.00094
jla_mock     0.22916   40.36523    0.19939   40.36755
jla_mock     0.26451   40.69423    0.19876   40.72040
jla_mock     0.10337   38.52731    0.12264   38.47441
jla_mock     0.36441   41.78869    0.23043   41.52305
jla_mock     0.20560   40.02450    0.15584   40.10331
jla_mock     0.17981   40.02085    0.19620   39.77982
jla_mock     0.19959   39.70968    0.18224   40.03143
jla_mock     0.15653   39.54534    0.15013   39.44844
jla_mock     0.16180   39.50487    0.14761   39.52729
jla_mock     0.20953   40.54624    0.20608   40.14927
jla_mock     0.24179   40.69102    0.19813   40.49904
jla_mock     0.23646   40.42116    0.16266   40.44434
jla_mock     0.22668   40.33352    0.21051   40.34095
jla_mock     0.29678   41.12551    0.19716   41.00643
jla_mock     0.20852   40.30886    0.16317   40.13754
jla_mock     0.25104   40.62193    0.22086   40.59138
jla_mock     0.25012   40.57434    0.17967   40.58234
jla_mock     0.11771   38.81933    0.14551   38.77674
jla_mock     0.21971   40.18280    0.16999   40.26472
jla_mock     0.14901   39.41912    0.14890   39.33153
jla_mock     0.28742   40.84273    0.18840   40.92654
jla_mock     0.14360   39.10318    0.16640   39.24396
jla_mock     0.32837   41.25738    0.19601   41.25993
jla_mock     0.24625   40.53277    0.16507   40.54396
jla_mock     0.11966   38.70738    0.15027   38.81514
jla_mock     0.32838   41.88652    0.27642   41.26001
jla_mock     0.21513   40.69456    0.18367   40.21341
jla_mock     0.14478   39.23896    0.13617   39.26332
jla_mock     0.13243   39.23616    0.12839   39.05296
jla_mock     0.21082   40.37785    0.16235   40.16418
jla_mock     0.20399   40.23655    0.15781   40.08425
jla_mock     0.27952   41.04586    0.16701   40.85722
jla_mock     0.04428   36.63285    0.15510   36.54551
jla_mock     0.18037   39.75409    0.15078   39.78729
jla_mock     0.26070   40.90631    0.18972   40.68453
jla_mock     0.05654   37.39275    0.18697   37.09513
jla_mock     0.21260   40.32202    0.19195   40.18462
jla_mock     0.36941   41.27364    0.23700   41.55764
jla_mock     0.17386   39.73062    0.13052   39.69910
jla_mock     0.14265   39.40482    0.16863   39.22827
jla_mock     0.17789   39.78779    0.17323   39.75404
jla_mock     0.32837   41.02250    0.20656   41.25993
jla_mock     0.25351   40.48130    0.19561   40.61551
jla_mock     0.30001   40.99449    0.19320   41.03346
jla_mock     0.10589   38.48315    0.14608   38.53030
jla_mock     0.22328   40.37846    0.16844   40.30404
jla_mock     0.11845   38.84625    0.12252   38.79138
jla_mock     0.17653   39.92157    0.17119   39.73563
jla_mock     0.18280   40.14578    0.18907   39.81945
jla_mock     0.29762   41.17234    0.22708   41.01348
jla_mock     0.19699   39.97674    0.16337   39.99971
jla_mock     0.15295   39.36372    0.14755   39.39345
jla_mock     0.24850   40.90737    0.17448   40.56634
jla_mock     0.13818   39.15361    0.12409   39.15309
jla_mock     0.20704   39.94125    0.17045   40.12025
jla_mock     0.21468   40.34358    0.18060   40.20831
jla_mock     0.30632   40.92512    0.21503   41.08550
jla_mock     0.24695   40.79924    0.17120   40.55095
jla_mock     0.19801   40.08459    0.14490   40.01220
jla_mock     0.22256   40.36491    0.15195   40.29616
jla_mock     0.13508   39.29021    0.15131   39.09960
jla_mock     0.21054   39.86772    0.18261   40.16096
jla_mock     0.27258   40.88499    0.16911   40.79482
jla_mock     0.24660   40.47814    0.16169   40.54746
jla_mock     0.22068   40.44616    0.19429   40.27546
jla_mock     0.27447   40.94037    0.19147   40.81196
jla_mock     0.17656   39.70184    0.15540   39.73604
jla_mock     0.31088   41.07948    0.22016   41.12250
jla_mock     0.18435   40.07004    0.17308   39.83976
jla_mock     0.15935   39.67646    0.14827   39.49093
jla_mock     0.21976   40.31789    0.16605   40.26527
jla_mock     0.25205   40.48053    0.18410   40.60127
jla_mock     0.18122   39.94452    0.14940   39.79858
jla_mock     0.17373   39.78897    0.13336   39.69730
jla_mock     0.38047   41.94432    0.24246   41.63265
jla_mock     0.17865   39.80035    0.17172   39.76428
jla_mock     0.24568   40.39002    0.18910   40.53826
jla_mock     0.20910   40.35939    0.16102   40.14428
jla_mock     0.24947   40.72367    0.20971   40.57593
jla_mock     0.13392   39.04698    0.16606   39.07929
jla_mock     0.17706   39.19481    0.16040   39.74282
jla_mock     0.28111   40.95934    0.18775   40.87131
jla_mock     0.17383   39.55479    0.15187   39.69868
jla_mock     0.19654   40.11769    0.16513   39.99418
jla_mock     0.36397   41.75223    0.22725   41.51999
jla_mock     0.37835   41.35631    0.26733   41.61843
jla_mock     0.31646   41.21252    0.21039   41.16711
jla_mock     0.18322   39.71520    0.13519   39.82497
jla_mock     0.24102   40.59649    0.16774   40.49121
jla_mock     0.20203   40.02283    0.19953   40.06085
jla_mock     0.16869   39.62994    0.16512   39.62684
jla_mock     0.19794   39.91920    0.17492   40.01135
jla_mock     0.12276   38.97185    0.14575   38.87499
jla_mock     0.20318   40.36716    0.16105   40.07461
jla_mock     0.12739   39.14637    0.14896   38.96178
jla_mock     0.27549   40.83650    0.19973   40.82116
jla_mock     0.14468   39.21174    0.14722   39.26169
jla_mock     0.33436   41.35089    0.24978   41.30545
jla_mock     0.19580   39.95325    0.15393   39.98507
jla_mock     0.19392   39.88904    0.16375   39.96176
jla_mock     0.24973   40.58899    0.18581   40.57850
jla_mock     0.14860   39.27807    0.14880   39.32499
jla_mock     0.15596   39.47945    0.14872   39.43976
jla_mock     0.09582   38.10301    0.15035   38.29889
jla_mock     0.15065   39.29838    0.15873   39.35748
jla_mock     0.30933   41.34330    0.24716   41.10998
jla_mock     0.24857   40.74942    0.17340   40.56704
jla_mock     0.36554   41.59904    0.24312   41.53091
jla_mock     0.11771   38.65042    0.12848   38.77674
jla_mock     0.19176   39.78501    0.14428   39.93472
jla_mock     0.18255   39.97379    0.16171   39.81616
jla_mock     0.23472   40.76118    0.18445   40.42624
jla_mock     0.24647   40.69128    0.19928   40.54616
jla_mock     0.28845   40.93432    0.18873   40.93544
jla_mock     0.20960   40.06156    0.19927   40.15008
jla_mock     0.19198   40.18476    0.17965   39.93748
jla_mock     0.11402   38.50279    0.12215   38.70241
jla_mock     0.11389   38.89655    0.18397   38.69975
jla_mock     0.19880   40.17468    0.20967   40.02183
jla_mock     0.22058   39.85797    0.22796   40.27436
jla_mock     0.18257   39.74751    0.16454   39.81642
jla_mock     0.15895   39.49672    0.16373   39.48495
jla_mock     0.07849   37.61638    0.14912   37.84038
jla_mock     0.13864   39.02653    0.13217   39.16093
jla_mock     0.18079   39.84932    0.15446   39.79287
jla_mock     0.17757   39.45703    0.18629   39.74972
jla_mock     0.17066   39.52314    0.16102   39.65461
jla_mock     0.23381   40.48947    0.20859   40.41672
jla_mock     0.07153   37.76117    0.17411   37.62842
jla_mock     0.15463   39.27949    0.18792   39.41940
jla_mock     0.09010   38.20808    0.15951   38.15695
jla_mock     0.17658   39.91577    0.20449   39.73631
jla_mock     0.13045   39.02419    0.16441   39.01753
jla_mock     0.18204   39.73730    0.17167   39.80943
jla_mock     0.25617   40.88304    0.17261   40.64125
jla_mock     0.13811   39.19900    0.14854   39.15189
jla_mock     0.17070   39.77786    0.16750   39.65518
jla_mock     0.21674   40.26658    0.14793   40.23156
jla_mock     0.24555   40.45864    0.17888   40.53696
jla_mock     0.14382   39.33222    0.16710   39.24758
jla_mock     0.24862   40.85293    0.18856   40.56753
jla_mock     0.14533   39.43470    0.17139   39.27229
jla_mock     0.13588   39.28673    0.12760   39.11351
jla_mock     0.05874   37.28755    0.12754   37.18137
jla_mock     0.03652   36.25000    0.15192   36.11500
jla_mock     0.27749   40.49808    0.22703   40.83912
jla_mock     0.20515   39.97075    0.29701   40.09800
jla_mock     0.28051   40.76472    0.20079   40.86600
jla_mock     0.19867   40.11356    0.16216   40.02025
jla_mock     0.15999   39.36697    0.15164   39.50048
jla_mock     0.21075   40.01447    0.18113   40.16338
jla_mock     0.07195   37.47689    0.17246   37.64176
jla_mock     0.23782   40.68924    0.19074   40.45841
jla_mock     0.14139   39.22948    0.17359   39.20730
jla_mock     0.15506   39.64984    0.15761   39.42600
jla_mock     0.37013   41.79499    0.22887   41.56259
jla_mock     0.09391   38.16562    0.17056   38.25241
jla_mock     0.11863   38.87835    0.17058   38.79493
jla_mock     0.15363   39.50560    0.15381   39.40398
jla_mock     0.25356   40.76285    0.16810   40.61600
jla_mock     0.10725   38.56220    0.14420   38.55994
jla_mock     0.12961   39.00746    0.15302   39.00235
jla_mock     0.26665   40.59638    0.19376   40.74033
jla_mock     0.21226   40.38592    0.16263   40.18073
jla_mock     0.27822   41.06965    0.18167   40.84564
jla_mock     0.24540   40.65467    0.16812   40.53546
jla_mock     0.13362   38.95778    0.15059   39.07401
jla_mock     0.17656   39.74564    0.16208   39.73604
jla_mock     0.11368   38.85984    0.14584   38.69545
jla_mock     0.32038   41.31954    0.26368   41.19801
jla_mock     0.11271   38.62586    0.12253   38.67548
jla_mock     0.10602   38.58928    0.14473   38.53314
jla_mock     0.39135   41.65559    0.26610   41.70449
jla_mock     0.15575   39.56598    0.14612   39.43656
jla_mock     0.18667   39.97787    0.16762   39.86986
jla_mock     0.19671   39.86753    0.16670   39.99627
jla_mock     0.19191   40.01113    0.17339   39.93660
jla_mock     0.19084   39.94381    0.15088   39.92311
jla_mock     0.17625   39.85668    0.15361   39.73182
jla_mock     0.12837   39.08455    0.15036   38.97977
jla_mock     0.12262   39.03247    0.14734   38.87232
jla_mock     0.12715   39.04050    0.14706   38.95736
jla_mock     0.21323   40.17292    0.17621   40.19182
jla_mock     0.21861   40.41259    0.18110   40.25249
jla_mock     0.26856   40.94660    0.19152   40.75800
jla_mock     0.20466   40.20557    0.16519   40.09220
jla_mock     0.26710   40.78456    0.17378   40.74451
jla_mock     0.21757   40.25726    0.17265   40.24087
jla_mock     0.24185   40.62086    0.17151   40.49965
jla_mock     0.29350   40.86281    0.20072   40.97870
jla_mock     0.35346   41.27673    0.23114   41.44575
jla_mock     0.18563   40.18313    0.15495   39.85641
jla_mock     0.28543   41.14958    0.19928   40.90924
jla_mock     0.19494   39.72627    0.16836   39.97443
jla_mock     0.07592   37.97129    0.14500   37.76429
jla_mock     0.16357   39.57067    0.15778   39.55323
jla_mock     0.25721   40.59954    0.20821   40.65125
jla_mock     0.21955   40.25541    0.18725   40.26294
jla_mock     0.17558   39.68448    0.15163   39.72269
jla_mock     0.22667   40.52882    0.18608   40.34084
jla_mock     0.15322   39.49939    0.15082   39.39764
jla_mock     0.21025   39.95393    0.19550   40.15761
jla_mock     0.12164   38.79178    0.12361   38.85353
jla_mock     0.29135   40.98574    0.19905   40.96037
jla_mock     0.29448   41.13383    0.27860   40.98701
jla_mock     0.16455   39.81513    0.12599   39.56749
jla_mock     0.30702   40.89708    0.20907   41.09122
jla_mock     0.19863   40.01710    0.16158   40.01976
jla_mock     0.26821   40.98467    0.21540   40.75477
jla_mock     0.40128   41.60332    0.24823   41.76846
jla_mock     0.13668   39.21838    0.15334   39.12735
jla_mock     0.29542   41.01740    0.24720   40.99496
jla_mock     0.29192   40.90990    0.19220   40.96524
jla_mock     0.09007   38.04521    0.12097   38.15619
jla_mock     0.20557   40.24106    0.18293   40.10296
jla_mock     0.14582   39.27005    0.14935   39.28026
jla_mock     0.11767   38.51333    0.14487   38.77595
jla_mock     0.05499   37.15397    0.14998   37.03240
jla_mock     0.17420   39.90133    0.15143   39.70378
jla_mock     0.24495   40.36819    0.18021   40.53095
jla_mock     0.22452   40.45100    0.18250   40.31756
jla_mock     0.24558   40.40295    0.16228   40.53726
jla_mock     0.28351   40.96726    0.21250   40.89245
jla_mock     0.18056   39.91485    0.17619   39.78982
jla_mock     0.10391   38.52158    0.12352   38.48649
jla_mock     0.12961   38.70443    0.15327   39.00235
jla_mock     0.24352   40.39187    0.16046   40.51656
jla_mock     0.33136   41.22154    0.26935   41.28275
jla_mock     0.24348   40.53712    0.19048   40.51615
jla_mock     0.31468   41.23326    0.17578   41.15296
jla_mock     0.21865   40.07957    0.18935   40.25293
jla_mock     0.26014   40.41487    0.21926   40.67922
jla_mock     0.28243   40.94798    0.19831   40.88296
jla_mock     0.30041   40.96962    0.20582   41.03679
jla_mock     0.15186   39.50766    0.14864   39.37647
jla_mock     0.26357   40.58765    0.18937   40.71159
jla_mock     0.21382   40.29965    0.20621   40.19854
jla_mock     0.16284   39.60105    0.16762   39.54256
jla_mock     0.12440   38.91669    0.17141   38.90608
jla_mock     0.19465   40.16722    0.13939   39.97083
jla_mock     0.20554   40.08546    0.18299   40.10260
jla_mock     0.10667   38.52868    0.14589   38.54734
jla_mock     0.18772   40.11715    0.18725   39.88338
jla_mock     0.16387   39.65864    0.15682   39.55760
jla_mock     0.29021   40.93934    0.19470   40.95060
jla_mock     0.09401   38.02645    0.12498   38.25487
jla_mock     0.22786   40.01424    0.18010   40.35364
jla_mock     0.10751   38.56549    0.14765   38.56556
jla_mock     0.31065   41.28683    0.22259   41.12065
jla_mock     0.14564   39.05892    0.15576   39.27734
jla_mock     0.08784   38.13118    0.12610   38.09850
jla_mock     0.14839   39.35504    0.15573   39.32164
jla_mock     0.28662   40.69484    0.19366   40.91960
jla_mock     0.12281   38.77446    0.13329   38.87594
jla_mock     0.18655   40.02964    0.20280   39.86832
jla_mock     0.12893   39.07590    0.15504   38.99000
jla_mock     0.19422   39.91207    0.16864   39.96549
jla_mock     0.14800   39.66777    0.14676   39.31541
jla_mock     0.21179   40.83052    0.22866   40.17534
jla_mock     0.17962   39.86246    0.17351   39.77728
jla_mock     0.26349   40.68812    0.18130   40.71084
jla_mock     0.19215   39.94565    0.15957   39.93962
jla_mock     0.33880   41.01689    0.22988   41.33871
jla_mock     0.11741   38.84607    0.14767   38.77078
jla_mock     0.14310   39.05325    0.16842   39.23571
jla_mock     0.16035   39.48060    0.13218   39.50583
jla_mock     0.28872   41.03806    0.21130   40.93777
jla_mock     0.12303   38.97222    0.15465   38.88013
jla_mock     0.26405   40.64902    0.18534   40.71609
jla_mock     0.12608   39.01640    0.17183   38.93753
jla_mock     0.17374   39.91024    0.14981   39.69744
jla_mock     0.16440   39.57953    0.14973   39.56531
jla_mock     0.24961   40.45686    0.16242   40.57731
jla_mock     0.15999   39.55401    0.15137   39.50048
jla_mock     0.24448   40.17910    0.15150   40.52623
jla_mock     0.24851   40.54787    0.17708   40.56644
jla_mock     0.22893   40.51869    0.16848   40.36509
jla_mock     0.08528   37.93954    0.14385   38.03054
jla_mock     0.06282   37.40170    0.14855   37.33331
jla_mock     0.27745   40.83418    0.23370   40.83876
jla_mock     0.27544   40.64307    0.21508   40.82071
jla_mock     0.33051   41.06841    0.21088   41.27628
jla_mock     0.36193   41.69092    0.24565   41.50573
jla_mock     0.33103   41.28421    0.21801   41.28024
jla_mock     0.16050   39.22563    0.12715   39.50806
jla_mock     0.30021   40.84108    0.20430   41.03513
jla_mock     0.11635   38.67837    0.12231   38.74960
jla_mock     0.21829   40.18570    0.16062   40.24892
jla_mock     0.11967   38.80618    0.12046   38.81533
jla_mock     0.15473   39.34984    0.12395   39.42094
jla_mock     0.17810   39.82861    0.16563   39.75688
jla_mock     0.25037   40.68920    0.16561   40.58480
jla_mock     0.25174   40.72374    0.14466   40.59824
jla_mock     0.12953   39.23121    0.14519   39.00090
jla_mock     0.30929   41.14068    0.18811   41.10966
jla_mock     0.27852   40.87338    0.17882   40.84832
jla_mock     0.18581   39.96996    0.13606   39.85875
jla_mock     0.06651   37.50601    0.17228   37.46289
jla_mock     0.25800   40.78426    0.18757   40.65882
jla_mock     0.29888   41.12086    0.21609   41.02403
jla_mock     0.27044   40.73152    0.22437   40.77528
jla_mock     0.27916   40.73243    0.17184   40.85402
jla_mock     0.29287   41.03704    0.21554   40.97334
jla_mock     0.18965   39.98760    0.15711   39.90803
jla_mock     0.26576   40.37835    0.19291   40.73206
jla_mock     0.12376   39.04384    0.14509   38.89399
jla_mock     0.18255   39.66812    0.14972   39.81616
jla_mock     0.05634   36.98761    0.14895   37.08713
jla_mock     0.31288   41.26423    0.18264   41.13858
jla_mock     0.30915   41.06050    0.22329   41.10853
jla_mock     0.20061   39.92252    0.15588   40.04377
jla_mock     0.32640   41.43666    0.20549   41.24480
jla_mock     0.21163   39.97303    0.13899   40.17351
jla_mock     0.17969   39.79308    0.15636   39.77821
jla_mock     0.30240   40.92973    0.19662   41.05329
jla_mock     0.10924   38.46221    0.14870   38.60268
jla_mock     0.08522   38.05847    0.15002   38.02892
jla_mock     0.20231   40.11067    0.16132   40.06421
jla_mock     0.12649   39.01017    0.15585   38.94515
jla_mock     0.21457   39.97534    0.16813   40.20706
jla_mock     0.32045   41.02341    0.19169   41.19856
jla_mock     0.21835   40.08928    0.17273   40.24959
jla_mock     0.19010   39.94698    0.15982   39.91374
jla_mock     0.09243   38.22619    0.15614   38.21577
jla_mock     0.37986   41.64986    0.18489   41.62856
jla_mock     0.21134   40.20005    0.16608   40.17017
jla_mock     0.25833   40.41587    0.18012   40.66198
jla_mock     0.18327   39.92099    0.16856   39.82563
jla_mock     0.21295   40.09705    0.17785   40.18862
jla_mock     0.11651   38.72746    0.15544   38.75281
jla_mock     0.14401   39.36981    0.17186   39.25071
jla_mock     0.25249   40.38853    0.18600   40.60557
jla_mock     0.25539   40.58930    0.21320   40.63373
jla_mock     0.21698   40.29465    0.18861   40.23425
jla_mock     1.26590   45.06740    0.22380   44.79699
jla_mock     0.93577   43.79532    0.22959   43.98915
jla_mock     0.04952   36.67047    0.20229   36.79644
jla_mock     0.03033   35.87123    0.18208   35.70157
jla_mock     0.07458   37.62465    0.21873   37.72360
jla_mock     0.02520   35.69483    0.22034   35.29123
jla_mock     0.01441   33.78567    0.20528   34.06048
jla_mock     0.02079   35.31020    0.19750   34.86681
jla_mock     0.03522   36.35329    0.20378   36.03412
jla_mock     0.04166   36.62099    0.21523   36.40883
jla_mock     0.04240   36.55489    0.20619   36.44838
jla_mock     0.01890   34.75586    0.18362   34.65682
jla_mock     0.07884   37.84672    0.21534   37.85056
jla_mock     0.06334   37.39027    0.20759   37.35224
jla_mock     0.02764   35.55780    0.23142   35.49574
jla_mock     0.04933   36.55397    0.21068   36.78762
jla_mock     0.07015   37.60625    0.22041   37.58415
jla_mock     0.02391   35.39645    0.18368   35.17514
jla_mock     0.05313   37.01207    0.22336   36.95466
jla_mock     0.02495   35.25518    0.18978   35.26944
jla_mock     0.01566   34.38367    0.20165   34.24356
jla_mock     0.04898   36.76089    0.15986   36.77203
jla_mock     0.02240   35.11652    0.18928   35.03106
jla_mock     0.03485   36.08637    0.23666   36.01099
jla_mock     0.01697   34.25889    0.20291   34.41905
jla_mock     0.03072   35.81026    0.18172   35.73037
jla_mock     0.03048   35.63755    0.18204   35.71303
jla_mock     0.01055   33.47571    0.21945   33.37697
jla_mock     0.01426   33.93863    0.17171   34.03675
jla_mock     0.02769   35.48639    0.18125   35.49983
jla_mock     0.05386   37.43920    0.15904   36.98558
jla_mock     0.01767   34.77771    0.19251   34.50873
jla_mock     0.01745   34.65482    0.17037   34.48092
jla_mock     0.01557   34.22649    0.20220   34.23076
jla_mock     0.01006   33.13519    0.23113   33.27290
jla_mock     0.05493   37.00771    0.18431   37.02998
jla_mock     0.03908   36.18617    0.16317   36.26630
jla_mock     0.07832   38.18938    0.18392   37.83534
jla_mock     0.03176   36.02196    0.15356   35.80452
jla_mock     0.01444   34.34548    0.22581   34.06489
jla_mock     0.01353   33.98846    0.22079   33.92255
jla_mock     0.02668   35.62999    0.19350   35.41745
jla_mock     0.02336   35.49814    0.17881   35.12382
jla_mock     0.03693   36.18567    0.19002   36.14013
jla_mock     0.02355   35.21661    0.17820   35.14190
jla_mock     0.01748   34.81399    0.19212   34.48507
jla_mock     0.04026   36.21303    0.17448   36.33252
jla_mock     0.03038   35.67829    0.20408   35.70566
jla_mock     0.01550   34.14274    0.20028   34.22101
jla_mock     0.01415   34.07423    0.18788   34.02052
jla_mock     0.01549   34.27127    0.18431   34.21860
jla_mock     0.01555   34.04433    0.19852   34.22808
jla_mock     0.03707   36.28357    0.15485   36.14862
jla_mock     0.01548   33.98306    0.20250   34.21789
jla_mock     0.01332   33.72226    0.18644   33.88842
jla_mock     0.01457   34.21523    0.20791   34.08532
jla_mock     0.01579   34.25919    0.19847   34.26130
jla_mock     0.02475   35.46651    0.17955   35.25120
jla_mock     0.02775   35.63772    0.17503   35.50463
jla_mock     0.01089   33.51090    0.25478   33.44601
jla_mock     0.01365   34.12538    0.18671   33.94176
jla_mock     0.03576   36.05014    0.16296   36.06783
jla_mock     0.02473   35.26122    0.17711   35.24932
jla_mock     0.03809   36.15433    0.17052   36.20863
jla_mock     0.02154   34.89006    0.17712   34.94487
jla_mock     0.01958   34.94123    0.17899   34.73456
jla_mock     0.03042   35.92356    0.17572   35.70822
jla_mock     0.03922   36.18908    0.17021   36.27406
jla_mock     0.03497   35.96105    0.15988   36.01845
jla_mock     0.02856   35.55466    0.17650   35.56863
jla_mock     0.02100   34.79331    0.18823   34.88845
jla_mock     0.03254   35.86044    0.18232   35.85802
jla_mock     0.01547   34.32247    0.19319   34.21604
jla_mock     0.01568   34.36475    0.20748   34.24552
jla_mock     0.02750   35.26195    0.15599   35.48465
jla_mock     0.04686   36.77997    0.17135   36.67229
jla_mock     0.03317   35.97523    0.18296   35.90099
jla_mock     0.01029   33.35982    0.23550   33.32258
jla_mock     0.08010   38.04181    0.17116   37.88694
jla_mock     0.01232   33.75270    0.20021   33.71613
jla_mock     0.02459   35.46317    0.20631   35.23686
jla_mock     0.01447   33.80874    0.20828   34.06899
jla_mock     0.01515   34.45761    0.18400   34.17085
jla_mock     0.02909   35.90205    0.17337   35.60902
jla_mock     0.03478   35.90958    0.17929   36.00632
jla_mock     0.04492   36.51637    0.14071   36.57766
jla_mock     0.03407   36.13470    0.16958   35.96061
jla_mock     0.07487   37.58312    0.14386   37.73249
jla_mock     0.01496   34.19071    0.19783   34.14256
jla_mock     0.02040   34.78575    0.17104   34.82442
jla_mock     0.04069   36.34624    0.17468   36.35626
jla_mock     0.02657   35.48876    0.18033   35.40830
jla_mock     0.02688   35.33997    0.15331   35.43431
jla_mock     0.02347   35.01618    0.17598   35.13429
jla_mock     0.06912   37.43577    0.19118   37.55045
jla_mock     0.06519   37.37770    0.15880   37.41747
jla_mock     0.02298   34.93716    0.17791   35.08760
jla_mock     0.01739   34.56578    0.19829   34.47296
jla_mock     0.03148   35.64416    0.15109   35.78492
jla_mock     0.01118   33.56515    0.19448   33.50474
jla_mock     0.02196   35.19872    0.17567   34.98697
jla_mock     0.03148   35.84729    0.15081   35.78485
jla_mock     0.02332   34.96214    0.20285   35.12013
jla_mock     0.02039   34.89182    0.18301   34.82377
jla_mock     0.02247   34.76637    0.18141   35.03765
jla_mock     0.03361   36.08511    0.18044   35.93037
jla_mock     0.03697   36.22530    0.17917   36.14224
jla_mock     0.02263   35.05882    0.18007   35.05361
jla_mock     0.01470   34.05271    0.18462   34.10407
jla_mock     0.03695   36.40115    0.14876   36.14109
jla_mock     0.06096   37.24953    0.12531   37.26526
jla_mock     0.05929   37.21932    0.12136   37.20241
jla_mock     0.06975   37.60913    0.15874   37.57107
jla_mock     0.02953   35.42995    0.17470   35.64232
jla_mock     0.03325   35.82326    0.17565   35.90649
jla_mock     0.02416   34.96276    0.18124   35.19813
jla_mock     0.01600   34.57650    0.19156   34.29005
jla_mock     0.06296   37.35567    0.16531   37.33846
jla_mock     0.02171   34.79085    0.19186   34.96170
jla_mock     0.03164   35.82223    0.18944   35.79569
jla_mock     0.01860   34.54632    0.17305   34.62124
jla_mock     0.02706   35.40722    0.17333   35.44934
jla_mock     0.02547   35.15442    0.18470   35.31480
jla_mock     0.02381   35.15350    0.19337   35.16597
jla_mock     0.02387   35.32050    0.18298   35.17126
jla_mock     0.02207   35.10889    0.16678   34.99820
