  jla_mock 0.503084 42.09600275 0.14571158 42.35104191
  jla_mock 0.580724 42.80350069 0.16122778 42.72544420
  jla_mock 0.494795 42.27208102 0.12070859 42.30792132
  jla_mock 0.345928 41.39157440 0.13253081 41.39127679
  jla_mock 0.677662 43.45645209 0.22871689 43.13159771
  jla_mock 0.610712 42.73096334 0.22548733 42.85755119
  jla_mock 0.866494 43.96282176 0.25803499 43.78399511
  jla_mock 0.330932 41.19915848 0.12801230 41.27949682
  jla_mock 0.798566 43.43812105 0.25919990 43.56669516
  jla_mock 0.449562 42.33401040 0.16139765 42.06004102
  jla_mock 0.371443 41.68696247 0.14921889 41.57158328
  jla_mock 0.291718 41.06779336 0.14231442 40.96351391
  jla_mock 0.355820 41.48453449 0.14101044 41.46259197
  jla_mock 0.461274 41.99016944 0.15587207 42.12637684
  jla_mock 0.283610 41.07224120 0.13055630 40.89332726
  jla_mock 0.632234 42.49794986 0.22182909 42.94863350
  jla_mock 0.466414 42.25707006 0.17243727 42.15499621
  jla_mock 0.268624 40.49712483 0.12820280 40.75859431
  jla_mock 0.946890 43.62394659 0.29224985 44.02068105
  jla_mock 0.924917 44.09637305 0.31213110 43.95800648
  jla_mock 0.693165 43.22944565 0.29243158 43.19137081
  jla_mock 0.625233 42.72162924 0.19088816 42.91933154
  jla_mock 0.896944 43.74812368 0.26745476 43.87607256
  jla_mock 0.608261 42.73763759 0.15987482 42.84698635
  jla_mock 0.789054 43.72448270 0.26932700 43.53484560
  jla_mock 0.578292 42.75568475 0.14637659 42.71444998
  jla_mock 0.590280 42.90463572 0.18966931 42.76822720
  jla_mock 0.719626 43.37414841 0.25305179 43.29050179
  jla_mock 0.210032 40.18671576 0.13132256 40.15508565
  jla_mock 0.766590 43.21664128 0.22576765 43.45813147
  jla_mock 0.858513 43.55366254 0.22289539 43.75933955
  jla_mock 0.367904 41.56536975 0.09931133 41.54726971
  jla_mock 0.558746 42.45082475 0.15678156 42.62447408
  jla_mock 0.848509 43.66144081 0.21739327 43.72811733
  jla_mock 0.996390 43.88023526 0.24266005 44.15678878
  jla_mock 0.776594 43.25071179 0.26449227 43.49255925
  jla_mock 0.582932 42.98292048 0.13306958 42.73538825
  jla_mock 0.583743 42.56111038 0.16752875 42.73903180
  jla_mock 0.796552 43.62632763 0.22887969 43.55998229
  jla_mock 0.588721 42.65783040 0.15579306 42.76129222
  jla_mock 0.913473 44.36137041 0.24294053 43.92478371
  jla_mock 0.768587 43.59083882 0.23905376 43.46503842
  jla_mock 0.948455 44.52933226 0.26528102 44.02509035
  jla_mock 0.513793 42.14864082 0.15287930 42.40577946
  jla_mock 0.733609 43.17204348 0.19294483 43.34148483
  jla_mock 0.637701 42.93425138 0.27010736 42.97130188
  jla_mock 0.765588 43.76603535 0.21113574 43.45465935
  jla_mock 0.434861 41.75420105 0.15772880 41.97446567
  jla_mock 0.983407 44.14142204 0.25879722 44.12174547
  jla_mock 0.583743 42.91801384 0.16232669 42.73903180
  jla_mock 0.700631 43.23535074 0.21687358 43.21970245
  jla_mock 0.662058 43.15895425 0.21294856 43.07010358
  jla_mock 0.838126 43.25096068 0.28077453 43.69533139
  jla_mock 0.621874 42.80308607 0.17546981 42.90516222
  jla_mock 0.370586 41.55533300 0.14291643 41.56571521
  jla_mock 0.416632 41.98292327 0.13815441 41.86454678
  jla_mock 0.358570 41.52154284 0.10704088 41.48209300
  jla_mock 0.451681 42.21819014 0.15278703 42.07216096
  jla_mock 0.522762 42.32451454 0.16112888 42.45080836
  jla_mock 0.733996 43.46747532 0.30408870 43.34288256
  jla_mock 0.701965 43.12563462 0.31176741 43.22473424
  jla_mock 0.742008 43.31484016 0.29013165 43.37166168
  jla_mock 0.746118 43.39588212 0.21822021 43.38630913
  jla_mock 0.349560 41.39651255 0.13472825 41.41767712
  jla_mock 0.591835 42.61082184 0.15357327 42.77512718
  jla_mock 0.514746 42.32511965 0.15561143 42.41059876
  jla_mock 0.620632 42.82380116 0.18447364 42.89990471
  jla_mock 0.643646 42.78117615 0.24392132 42.99574384
  jla_mock 1.002795 44.55070562 0.33216844 44.17391138
  jla_mock 0.470586 42.34816649 0.14420733 42.17801083
  jla_mock 0.610643 42.71470407 0.15877872 42.85725432
  jla_mock 0.263487 40.73240598 0.12804977 40.71081308
  jla_mock 0.358336 41.65410030 0.12918713 41.48043901
  jla_mock 0.742697 43.40885225 0.25908753 43.37412260
  jla_mock 0.451556 42.27924411 0.11538935 42.07144747
  jla_mock 0.910752 43.13384143 0.26164869 43.91682448
  jla_mock 0.552605 42.64266796 0.15821060 42.59559344
  jla_mock 0.337534 41.26032947 0.12813367 41.32927134
  jla_mock 0.750681 42.82089726 0.24281434 43.40248043
  jla_mock 0.983777 44.29810172 0.34665096 44.12275046
  jla_mock 0.822697 43.82191523 0.22175759 43.64587597
  jla_mock 0.813696 43.39588355 0.24256727 43.61660738
  jla_mock 0.950763 43.94608432 0.26472927 44.03158000
  jla_mock 0.817732 43.60988075 0.24643394 43.62976987
  jla_mock 0.340520 41.13655626 0.12574260 41.35148976
  jla_mock 0.960751 44.13825837 0.28766046 44.05948701
  jla_mock 0.810720 43.49417071 0.27275574 43.60686128
  jla_mock 0.756687 43.29496040 0.24755189 43.42362217
  jla_mock 0.611252 42.94064889 0.18572910 42.85987342
  jla_mock 0.877971 43.74079898 0.22378685 43.81906566
  jla_mock 0.548325 43.06549966 0.14258079 42.57528608
  jla_mock 0.809032 43.82974958 0.23222084 43.60131782
  jla_mock 1.028800 44.18199351 0.28337345 44.24233887
  jla_mock 0.627239 42.79667604 0.17555461 42.92775911
  jla_mock 0.422452 41.75425909 0.15606690 41.90011713
  jla_mock 0.933900 44.16908891 0.34999950 43.98380379
  jla_mock 0.701158 42.69809535 0.22740618 43.22169137
  jla_mock 0.697164 43.48997350 0.20952266 43.20658211
  jla_mock 0.685179 43.48202490 0.27044472 43.16074133
  jla_mock 0.767075 43.48243223 0.25233801 43.45981051
  jla_mock 0.931901 44.40404434 0.25136810 43.97808419
  jla_mock 0.863978 43.78584784 0.24510246 43.77624644
  jla_mock 0.749100 43.34163308 0.22590126 43.39688808
  jla_mock 0.514353 42.14475717 0.15357466 42.40861238
  jla_mock 0.468406 42.05798779 0.11440416 42.16600877
  jla_mock 0.470398 41.94075533 0.15654577 42.17697783
  jla_mock 0.958871 44.07324457 0.27681249 44.05425605
  jla_mock 0.927909 43.62510841 0.29724149 43.96662606
  jla_mock 0.840522 43.67620619 0.21913135 43.70293203
  jla_mock 0.630699 43.23946619 0.17083127 42.94223535
  jla_mock 0.562751 42.77733546 0.14440652 42.64314895
  jla_mock 0.615698 42.88868094 0.16969222 42.87891969
  jla_mock 0.828528 43.54370053 0.22446355 43.66467138
  jla_mock 0.564741 42.80730058 0.16042692 42.65238167
  jla_mock 0.578745 42.69065015 0.14758356 42.71650114
  jla_mock 0.557743 42.94895689 0.15831963 42.61977749
  jla_mock 0.864497 44.02012986 0.22870035 43.77784663
  jla_mock 0.735608 43.48701381 0.23468503 43.34869704
  jla_mock 0.858507 44.06675217 0.28336591 43.75932093
  jla_mock 0.261984 40.57285382 0.10443414 40.69667086
  jla_mock 0.585743 42.71946139 0.18660838 42.74799676
  jla_mock 0.761580 43.87702470 0.21598834 43.44072697
  jla_mock 0.488800 42.26686537 0.11155101 42.27631225
  jla_mock 0.858516 43.83980365 0.27431051 43.75934886
  jla_mock 0.688656 43.04406377 0.18053033 43.17411869
  jla_mock 0.558743 42.75195378 0.15491557 42.62446004
  jla_mock 0.324532 41.29044044 0.12601850 41.23036431
  jla_mock 0.480704 42.23630560 0.10839252 42.23304676
  jla_mock 0.185371 39.68421175 0.13095679 39.85305148
  jla_mock 0.922221 44.38337028 0.33854809 43.95021620
  jla_mock 0.681942 43.24579142 0.19640351 43.14822898
  jla_mock 0.475707 42.35822773 0.10811298 42.20600231
  jla_mock 0.922210 44.13145432 0.27644363 43.95018437
  jla_mock 0.893183 44.28253808 0.25783329 43.86486632
  jla_mock 0.428646 41.90940643 0.14143599 41.93747792
  jla_mock 0.631882 42.98410418 0.23474045 42.94716761
  jla_mock 0.699960 43.24092375 0.25834877 43.21716801
  jla_mock 0.736007 43.77882504 0.26468680 43.35013433
  jla_mock 0.575823 42.74521157 0.15953941 42.70324385
  jla_mock 0.418633 41.78934702 0.10651651 41.87682801
  jla_mock 0.511746 42.36844377 0.12000546 42.39539947
  jla_mock 0.535771 42.15457021 0.12653138 42.51485102
  jla_mock 0.641893 42.82423788 0.21547239 42.98855901
  jla_mock 0.734996 43.65624991 0.22720400 43.34649100
  jla_mock 0.351560 41.34833504 0.13079492 41.43210698
  jla_mock 0.609860 42.80260630 0.17401244 42.85388326
  jla_mock 0.349557 41.37247904 0.13436921 41.41765542
  jla_mock 0.701969 43.25991689 0.18819535 43.22474932
  jla_mock 0.355261 41.51089714 0.10427939 41.45861096
  jla_mock 0.983280 44.32081030 0.25756994 44.12140043
  jla_mock 0.872152 43.80302401 0.26597542 43.80134063
  jla_mock 0.759030 43.58427151 0.20819082 43.43182601
  jla_mock 0.926220 44.11100922 0.24599386 43.96176361
  jla_mock 0.643642 43.15872830 0.22846121 42.99572746
  jla_mock 0.419569 41.85523821 0.13772753 41.88255410
  jla_mock 0.515587 42.41639385 0.20313602 42.41484477
  jla_mock 0.890729 44.29643589 0.21057911 43.85752952
  jla_mock 0.805696 43.70311326 0.22987004 43.59032927
  jla_mock 0.480568 42.22056866 0.10874993 42.23231419
  jla_mock 0.800697 43.02131996 0.24546005 43.57378020
  jla_mock 0.580604 43.02901216 0.18881444 42.72490274
  jla_mock 0.715652 42.69274458 0.24396561 43.27583891
  jla_mock 0.805695 43.57757824 0.23276535 43.59032597
  jla_mock 0.766684 43.31100699 0.25283777 43.45845698
  jla_mock 0.664638 42.80723841 0.19578546 43.08036579
  jla_mock 0.901736 43.46766971 0.25190507 43.89028441
  jla_mock 0.745665 43.38637749 0.21142864 43.38469852
  jla_mock 0.718680 43.70842538 0.20380008 43.28701838
  jla_mock 0.736690 43.40826763 0.19636251 43.35259294
  jla_mock 0.579600 42.61676430 0.12084594 42.72036839
  jla_mock 0.370531 41.56823711 0.10256736 41.56533819
  jla_mock 0.960740 44.14225594 0.23956115 44.05945643
  jla_mock 0.850729 43.73720862 0.21179952 43.73507669
  jla_mock 0.648640 42.61527195 0.19254569 43.01611076
  jla_mock 0.219462 40.43110707 0.13036783 40.26196681
  jla_mock 0.936755 44.18279203 0.24129989 43.99195180
  jla_mock 0.647639 43.17334894 0.17876349 43.01204038
  jla_mock 0.461564 42.17648195 0.13341110 42.12799943
  jla_mock 0.600603 42.80267915 0.17945434 42.81371586
  jla_mock 0.670654 42.96897464 0.23100742 43.10414845
  jla_mock 0.760698 43.20491808 0.20946016 43.43765154
  jla_mock 0.246492 40.49299307 0.13212126 40.54637902
  jla_mock 0.470573 42.45886238 0.14759396 42.17793941
  jla_mock 0.169455 39.55958728 0.11209573 39.63766354
  jla_mock 0.497379 42.29667452 0.12912927 42.32143557
  jla_mock 0.638234 42.71772165 0.19688575 42.97350203
  jla_mock 0.507371 42.52514977 0.14542671 42.37308383
  jla_mock 0.535327 42.41486230 0.14229510 42.51268936
  jla_mock 0.587285 42.82722214 0.16639385 42.75488905
  jla_mock 0.773081 43.35857691 0.25620999 43.48051857
  jla_mock 0.699166 43.15433049 0.22210270 43.21416597
  jla_mock 0.370511 41.34170117 0.12736057 41.56520108
  jla_mock 0.761089 43.40625492 0.22808946 43.43901534
  jla_mock 0.699169 43.22394580 0.21959570 43.21417732
  jla_mock 0.788060 43.63995512 0.19242158 43.53149594
  jla_mock 0.373513 41.70098558 0.13202741 41.58570563
  jla_mock 0.405478 42.03278533 0.13198879 41.79507130
  jla_mock 0.852994 44.21125175 0.25729076 43.74215894
  jla_mock 0.808048 43.52865205 0.24185374 43.59808117
  jla_mock 0.603272 42.59547857 0.18397635 42.82535672
  jla_mock 0.583290 42.71745748 0.17902789 42.73699721
  jla_mock 0.534335 42.74564098 0.14774220 42.50785365
  jla_mock 0.720140 42.95307577 0.24070231 43.29239263
  jla_mock 0.400485 41.84658947 0.21060605 41.76339635
  jla_mock 0.837004 43.78787272 0.21502566 43.69176490
  jla_mock 0.371508 41.70469981 0.10193219 41.57202784
  jla_mock 0.806041 43.31048788 0.25907683 43.59146772
  jla_mock 0.840005 43.11302783 0.23506835 43.70129378
  jla_mock 0.500728 42.17406122 0.12981336 42.33885355
  jla_mock 0.532765 42.11660067 0.17422186 42.50018312
  jla_mock 0.533766 42.74101398 0.18215335 42.50507613
  jla_mock 0.932229 43.77451417 0.34152943 43.97902349
  jla_mock 0.822103 43.58362944 0.25790730 43.64395405
  jla_mock 0.553797 42.62490954 0.13544877 42.60122283
  jla_mock 0.125298 38.87598809 0.13709229 38.92293877
  jla_mock 0.842123 43.54822188 0.28302626 43.70799902
  jla_mock 0.443668 42.19339909 0.15186631 42.02604821
  jla_mock 0.727675 43.20052601 0.24978201 43.31996388
  jla_mock 0.683659 43.43675675 0.41253064 43.15487294
  jla_mock 0.442548 42.08927099 0.13367762 42.01954139
  jla_mock 0.726679 43.00836098 0.20021505 43.31633517
  jla_mock 0.282510 40.94860196 0.12747632 40.88366322
  jla_mock 0.404549 41.77868547 0.12965359 41.78920526
  jla_mock 0.519611 42.29693259 0.13964385 42.43507170
  jla_mock 0.690652 42.81555349 0.23214813 43.18176896
  jla_mock 1.060801 44.22585430 0.27869308 44.32423223
  jla_mock 0.576612 42.72145462 0.15376326 42.70682983
  jla_mock 0.268489 40.54113768 0.12614174 40.75734943
  jla_mock 0.720680 43.35114444 0.25106936 43.29437771
  jla_mock 0.250498 40.63196158 0.13111277 40.58605882
  jla_mock 0.760691 43.65396801 0.27664014 43.43762712
  jla_mock 0.698167 42.70751412 0.26129048 43.21038422
  jla_mock 0.550315 42.49036369 0.16854352 42.58474650
  jla_mock 0.730128 42.75417304 0.23524622 43.32888057
  jla_mock 0.847985 43.49455659 0.24702775 43.72647209
  jla_mock 0.997826 43.93862572 0.24705649 44.16063709
  jla_mock 0.435446 41.96780786 0.13052406 41.97792194
  jla_mock 0.409470 41.98379034 0.12922369 41.82013748
  jla_mock 0.301590 40.98898359 0.12598595 41.04658579
  jla_mock 1.299106 44.91322912 0.19340708 44.86622170
  jla_mock 1.020807 44.45347352 0.23668119 44.22149044
  jla_mock 0.839734 44.06425765 0.19264717 43.70043465
  jla_mock 1.120850 44.68196974 0.20807086 44.47149026
  jla_mock 1.230892 45.04448040 0.23900250 44.72198803
  jla_mock 0.974230 44.27927760 0.18427047 44.09669905
  jla_mock 0.970782 44.42963503 0.33863365 44.08722847
  jla_mock 0.064229 37.45203703 0.15072784 37.38367208
  jla_mock 0.129030 39.17438924 0.16416611 38.99181609
  jla_mock 0.102890 38.61352307 0.14983539 38.46361443
  jla_mock 0.044130 36.41276786 0.17359564 36.53790737
  jla_mock 0.113040 38.52234854 0.15276523 38.68228835
  jla_mock 0.256110 40.43766886 0.20496122 40.64067411
  jla_mock 0.380260 41.93931926 0.28702753 41.63124000
  jla_mock 0.145470 39.05480466 0.16218924 39.27457233
  jla_mock 0.088890 38.11382728 0.14636771 38.12583382
  jla_mock 0.260590 40.62209323 0.18294429 40.68348731
  jla_mock 0.078910 38.03264900 0.15602647 37.85259413
  jla_mock 0.083040 37.95384193 0.15331705 37.96945274
  jla_mock 0.165650 39.60011454 0.13854363 39.58339248
  jla_mock 0.168170 39.83612562 0.16196037 39.61946333
  jla_mock 0.170630 39.36357331 0.16520984 39.65419380
  jla_mock 0.170280 39.41123299 0.17035518 39.64928098
  jla_mock 0.120440 38.84265254 0.15109792 38.83033422
  jla_mock 0.276530 41.03478095 0.21443501 40.83051212
  jla_mock 0.231600 40.36714346 0.18253328 40.39346548
  jla_mock 0.305690 41.07340604 0.26735001 41.08035322
  jla_mock 0.079970 37.85960587 0.16566195 37.88313388
  jla_mock 0.174150 39.54067830 0.15831009 39.70308864
  jla_mock 0.138680 39.09738103 0.16604939 39.16160914
  jla_mock 0.146070 39.40555056 0.16391832 39.28431597
  jla_mock 0.081330 37.82072746 0.14393418 37.92175604
  jla_mock 0.233800 40.26766749 0.17178002 40.41661639
  jla_mock 0.256550 40.37162252 0.17733386 40.64490939
  jla_mock 0.245620 40.45901129 0.20041043 40.53766308
  jla_mock 0.125930 39.19657619 0.19132506 38.93473721
  jla_mock 0.223510 40.20008434 0.21582750 40.30655156
  jla_mock 0.102640 38.56692533 0.14663754 38.45797501
  jla_mock 0.119670 38.82569999 0.14566661 38.81533475
  jla_mock 0.180550 39.86374387 0.16851019 39.78968278
  jla_mock 0.197090 39.65172350 0.17389574 40.00093917
  jla_mock 0.229160 40.48577068 0.19939442 40.36755056
  jla_mock 0.264510 40.73707282 0.19876199 40.72039640
  jla_mock 0.103370 38.51828240 0.12264053 38.47440587
  jla_mock 0.364410 41.19556713 0.23042794 41.52305266
  jla_mock 0.205600 40.10840656 0.15584351 40.10331215
  jla_mock 0.179810 39.84058121 0.19620482 39.77981734
  jla_mock 0.199590 40.41525601 0.18224440 40.03143112
  jla_mock 0.156530 39.78653417 0.15012954 39.44843626
  jla_mock 0.161800 39.53921100 0.14760764 39.52728616
  jla_mock 0.209530 40.32971150 0.20608020 40.14927240
  jla_mock 0.241790 41.04822659 0.19813238 40.49904000
  jla_mock 0.236460 40.38108604 0.16266354 40.44434112
  jla_mock 0.226680 40.19009353 0.21050732 40.34094863
  jla_mock 0.296780 41.11576692 0.19716042 41.00642792
  jla_mock 0.208520 39.97284018 0.16317028 40.13753731
  jla_mock 0.251040 40.64342292 0.22085837 40.59138241
  jla_mock 0.250120 40.53176716 0.17967388 40.58233978
  jla_mock 0.117710 38.93609009 0.14551100 38.77674059
  jla_mock 0.219710 40.22091824 0.16999397 40.26472003
  jla_mock 0.149010 39.05765900 0.14890457 39.33152597
  jla_mock 0.287420 40.61070206 0.18840122 40.92653533
  jla_mock 0.143600 39.25656201 0.16639625 39.24396193
  jla_mock 0.328370 41.48239263 0.19601268 41.25993440
  jla_mock 0.246250 40.86914868 0.16506508 40.54396300
  jla_mock 0.119660 38.72311460 0.15026680 38.81513935
  jla_mock 0.328380 41.63568272 0.27642285 41.26001103
  jla_mock 0.215130 39.92446549 0.18366862 40.21340500
  jla_mock 0.144780 39.09187331 0.13616902 39.26332062
  jla_mock 0.132430 39.06260912 0.12839376 39.05295780
  jla_mock 0.210820 40.30545464 0.16235031 40.16418499
  jla_mock 0.203990 40.19286948 0.15780808 40.08424872
  jla_mock 0.279520 40.93866759 0.16701092 40.85721851
  jla_mock 0.044280 36.62459806 0.15509722 36.54550888
  jla_mock 0.180370 39.85418615 0.15078404 39.78728654
  jla_mock 0.260700 40.74892200 0.18972170 40.68452998
  jla_mock 0.056540 36.98543161 0.18696980 37.09512776
  jla_mock 0.212600 40.37332821 0.19194689 40.18462419
  jla_mock 0.369410 41.49885969 0.23700047 41.55764247
  jla_mock 0.173860 39.54957205 0.13051969 39.69909525
  jla_mock 0.142650 39.17877879 0.16862649 39.22826819
  jla_mock 0.177890 39.57498275 0.17323466 39.75404371
  jla_mock 0.328370 41.67950720 0.20656404 41.25993440
  jla_mock 0.253510 40.49903580 0.19560920 40.61550974
  jla_mock 0.300010 41.11251922 0.19320267 41.03346007
  jla_mock 0.105890 38.75706355 0.14607715 38.53029502
  jla_mock 0.223280 40.41667265 0.16843887 40.30403838
  jla_mock 0.118450 38.80800046 0.12252294 38.79138243
  jla_mock 0.176530 39.72867236 0.17118858 39.73563069
  jla_mock 0.182800 39.80155397 0.18906536 39.81945031
  jla_mock 0.297620 41.02083131 0.22708191 41.01348391
  jla_mock 0.196990 39.93632536 0.16336648 39.99971206
  jla_mock 0.152950 39.36683789 0.14755004 39.39344849
  jla_mock 0.248500 40.83539474 0.17447627 40.56634213
  jla_mock 0.138180 39.28859040 0.12408786 39.15308754
  jla_mock 0.207040 39.78621138 0.17044837 40.12024608
  jla_mock 0.214680 40.18197531 0.18059604 40.20830882
  jla_mock 0.306320 41.25248367 0.21502986 41.08550488
  jla_mock 0.246950 40.79603451 0.17120148 40.55094551
  jla_mock 0.198010 39.94974912 0.14489973 40.01220161
  jla_mock 0.222560 40.19914414 0.15195110 40.29615558
  jla_mock 0.135080 39.22457880 0.15130600 39.09960029
  jla_mock 0.210540 39.97433979 0.18260591 40.16095532
  jla_mock 0.272580 40.89548721 0.16910743 40.79482057
  jla_mock 0.246600 40.45839005 0.16168519 40.54745654
  jla_mock 0.220680 40.22146932 0.19428942 40.27546119
  jla_mock 0.274470 40.89438899 0.19147108 40.81195729
  jla_mock 0.176560 39.85609531 0.15540451 39.73603828
  jla_mock 0.310880 41.07102443 0.22015615 41.12250493
  jla_mock 0.184350 39.73059478 0.17307932 39.83975978
  jla_mock 0.159350 39.75490219 0.14827050 39.49093145
  jla_mock 0.219760 40.44796422 0.16604587 40.26527477
  jla_mock 0.252050 40.77809958 0.18410044 40.60127456
  jla_mock 0.181220 39.64406669 0.14940352 39.79858271
  jla_mock 0.173730 39.76028662 0.13336424 39.69730310
  jla_mock 0.380470 41.59331741 0.24246083 41.63264525
  jla_mock 0.178650 39.84750051 0.17172186 39.76427650
  jla_mock 0.245680 40.66089913 0.18910008 40.53826371
  jla_mock 0.209100 40.30259591 0.16102286 40.14428268
  jla_mock 0.249470 40.52726173 0.20970726 40.57593247
  jla_mock 0.133920 39.24485650 0.16606211 39.07928968
  jla_mock 0.177060 39.59719537 0.16039966 39.74282196
  jla_mock 0.281110 40.83847433 0.18775324 40.87131332
  jla_mock 0.173830 39.69466634 0.15186906 39.69868179
  jla_mock 0.196540 40.12732563 0.16513423 39.99418292
  jla_mock 0.363970 41.53091056 0.22724835 41.51998782
  jla_mock 0.378350 41.49173244 0.26733097 41.61842592
  jla_mock 0.316460 41.09138874 0.21038880 41.16710744
  jla_mock 0.183220 40.12201342 0.13519430 39.82496925
  jla_mock 0.241020 40.68394318 0.16773658 40.49120702
  jla_mock 0.202030 39.99911947 0.19953174 40.06085237
  jla_mock 0.168690 39.54991299 0.16511959 39.62684391
  jla_mock 0.197940 39.88377438 0.17492454 40.01134639
  jla_mock 0.122760 39.07741631 0.14574653 38.87498830
  jla_mock 0.203180 40.09394579 0.16105255 40.07460514
  jla_mock 0.127390 39.10964996 0.14895509 38.96178192
  jla_mock 0.275490 41.02003472 0.19972760 40.82116060
  jla_mock 0.144680 39.03656604 0.14721731 39.26168579
  jla_mock 0.334360 41.45883103 0.24977783 41.30545460
  jla_mock 0.195800 40.27507278 0.15392559 39.98506502
  jla_mock 0.193920 39.84857535 0.16374737 39.96175638
  jla_mock 0.249730 40.56566510 0.18580683 40.57849724
  jla_mock 0.148600 39.36474207 0.14879989 39.32499474
  jla_mock 0.155960 39.39296974 0.14872192 39.43976020
  jla_mock 0.095820 38.05836161 0.15034816 38.29888959
  jla_mock 0.150650 39.58180763 0.15872946 39.35748429
  jla_mock 0.309330 41.28050469 0.24715745 41.10998454
  jla_mock 0.248570 40.71689191 0.17340396 40.56703537
  jla_mock 0.365540 41.81885602 0.24311996 41.53090809
  jla_mock 0.117710 38.80255959 0.12847626 38.77674059
  jla_mock 0.191760 39.74431450 0.14428474 39.93471648
  jla_mock 0.182550 39.67263297 0.16171197 39.81615965
  jla_mock 0.234720 40.73152375 0.18444964 40.42623815
  jla_mock 0.246470 40.39781952 0.19927669 40.54615947
  jla_mock 0.288450 40.94095087 0.18873457 40.93544325
  jla_mock 0.209600 40.24866776 0.19927022 40.15008378
  jla_mock 0.191980 39.76986771 0.17965405 39.93748342
  jla_mock 0.114020 38.62212275 0.12215388 38.70241012
  jla_mock 0.113890 38.64115918 0.18397194 38.69975030
  jla_mock 0.198800 39.99528829 0.20967258 40.02183405
  jla_mock 0.220580 40.32256646 0.22796022 40.27435587
  jla_mock 0.182570 39.94172814 0.16453718 39.81642306
  jla_mock 0.158950 39.75003688 0.16372575 39.48494661
  jla_mock 0.078490 37.80559127 0.14911597 37.84038499
  jla_mock 0.138640 39.08217545 0.13217046 39.16092847
  jla_mock 0.180790 39.80278417 0.15445548 39.79287433
  jla_mock 0.177570 40.01478673 0.18629282 39.74972302
  jla_mock 0.170660 39.88057278 0.16102003 39.65461446
  jla_mock 0.233810 40.65500419 0.20858516 40.41672116
  jla_mock 0.071530 37.62112873 0.17410666 37.62841570
  jla_mock 0.154630 39.65452334 0.18791656 39.41940058
  jla_mock 0.090100 37.98494972 0.15950858 38.15695339
  jla_mock 0.176580 39.76116724 0.20448697 39.73630997
  jla_mock 0.130450 38.76525629 0.16440638 39.01753336
  jla_mock 0.182040 39.83478283 0.17166998 39.80943370
  jla_mock 0.256170 40.65445839 0.17261330 40.64125204
  jla_mock 0.138110 39.01365326 0.14854031 39.15189221
  jla_mock 0.170700 39.43507723 0.16749506 39.65517524
  jla_mock 0.216740 40.22122325 0.14793120 40.23155770
  jla_mock 0.245550 40.43844984 0.17887642 40.53696217
  jla_mock 0.143820 39.44662239 0.16709807 39.24758242
  jla_mock 0.248620 40.66982476 0.18856198 40.56753043
  jla_mock 0.145330 39.17081723 0.17138622 39.27229342
  jla_mock 0.135880 39.12341014 0.12760365 39.11351263
  jla_mock 0.058740 37.37309510 0.12754402 37.18137021
  jla_mock 0.036520 35.90195115 0.15191506 36.11499823
  jla_mock 0.277490 40.96948857 0.22703402 40.83911561
  jla_mock 0.205150 39.96385930 0.29701418 40.09799780
  jla_mock 0.280510 40.82213401 0.20078942 40.86600318
  jla_mock 0.198670 40.07866278 0.16215673 40.02025140
  jla_mock 0.159990 39.55950755 0.15164286 39.50047815
  jla_mock 0.210750 40.01904280 0.18113105 40.16337794
  jla_mock 0.071950 37.85938967 0.17245857 37.64175542
  jla_mock 0.237820 40.42274072 0.19074175 40.45840525
  jla_mock 0.141390 38.94261343 0.17359013 39.20730191
  jla_mock 0.155060 39.67479823 0.15760876 39.42600081
  jla_mock 0.370130 41.81027723 0.22886799 41.56258778
  jla_mock 0.093910 38.45575633 0.17056414 38.25241093
  jla_mock 0.118630 39.07206149 0.17057943 38.79493094
  jla_mock 0.153630 39.50932079 0.15381057 39.40398478
  jla_mock 0.253560 40.68108429 0.16809525 40.61599591
  jla_mock 0.107250 38.28895340 0.14420228 38.55993725
  jla_mock 0.129610 39.12027433 0.15302154 39.00235225
  jla_mock 0.266650 40.61527025 0.19376454 40.74033372
  jla_mock 0.212260 40.09923344 0.16262819 40.18073232
  jla_mock 0.278220 40.74409433 0.18167466 40.84563951
  jla_mock 0.245400 40.71161927 0.16811689 40.53545960
  jla_mock 0.133620 39.14690106 0.15059378 39.07401011
  jla_mock 0.176560 39.99346444 0.16208219 39.73603828
  jla_mock 0.113680 38.85599685 0.14584429 38.69544762
  jla_mock 0.320380 41.03254952 0.26368273 41.19801010
  jla_mock 0.112710 38.86568434 0.12253270 38.67547563
  jla_mock 0.106020 38.59536068 0.14472955 38.53314397
  jla_mock 0.391350 41.30186052 0.26610488 41.70448789
  jla_mock 0.155750 39.59753933 0.14611530 39.43655631
  jla_mock 0.186670 39.92275797 0.16762102 39.86986452
  jla_mock 0.196710 40.18596427 0.16669908 39.99627308
  jla_mock 0.191910 39.79444445 0.17339098 39.93660335
  jla_mock 0.190840 39.69487623 0.15087610 39.92311374
  jla_mock 0.176250 39.58953681 0.15361286 39.73182344
  jla_mock 0.128370 38.93644964 0.15035584 38.97977249
  jla_mock 0.122620 38.83938220 0.14734428 38.87231625
  jla_mock 0.127150 38.96786885 0.14706216 38.95735627
  jla_mock 0.213230 40.35145429 0.17620944 40.19182042
  jla_mock 0.218610 40.00197513 0.18110338 40.25248623
  jla_mock 0.268560 41.35120952 0.19152223 40.75800422
  jla_mock 0.204660 40.10559854 0.16518790 40.09219879
  jla_mock 0.267100 40.61546831 0.17377576 40.74450740
  jla_mock 0.217570 40.23118579 0.17264916 40.24086733
  jla_mock 0.241850 40.69404584 0.17151433 40.49964940
  jla_mock 0.293500 40.91492324 0.20071643 40.97869876
  jla_mock 0.353460 41.37315898 0.23113786 41.44574541
  jla_mock 0.185630 39.94918090 0.15494760 39.85641243
  jla_mock 0.285430 40.63185842 0.19928385 40.90924132
  jla_mock 0.194940 39.83638255 0.16836015 39.97442839
  jla_mock 0.075920 37.83362795 0.14499851 37.76428887
  jla_mock 0.163570 39.57125290 0.15777754 39.55323307
  jla_mock 0.257210 40.76184142 0.20821329 40.65124979
  jla_mock 0.219550 40.20877804 0.18725136 40.26294408
  jla_mock 0.175580 39.83346061 0.15163366 39.72269036
  jla_mock 0.226670 40.48792323 0.18608202 40.34084082
  jla_mock 0.153220 39.39276266 0.15082218 39.39763723
  jla_mock 0.210250 40.08363298 0.19550076 40.15760614
  jla_mock 0.121640 38.89793251 0.12361443 38.85353115
  jla_mock 0.291350 40.75946201 0.19904915 40.96036745
  jla_mock 0.294480 41.00225174 0.27859702 40.98701345
  jla_mock 0.164550 39.52542967 0.12599124 39.56748698
  jla_mock 0.307020 41.29598820 0.20906564 41.09121752
  jla_mock 0.198630 39.71820726 0.16157737 40.01976424
  jla_mock 0.268210 40.97211257 0.21539519 40.75477485
  jla_mock 0.401280 41.71817177 0.24823001 41.76846410
  jla_mock 0.136680 39.09036174 0.15334431 39.12734848
  jla_mock 0.295420 41.01617262 0.24720467 40.99496487
  jla_mock 0.291920 41.08512394 0.19219946 40.96523948
  jla_mock 0.090070 38.28419041 0.12096556 38.15618664
  jla_mock 0.205570 40.21933805 0.18292629 40.10295819
  jla_mock 0.145820 39.40817539 0.14934529 39.28026067
  jla_mock 0.117670 38.61991853 0.14486540 38.77594667
  jla_mock 0.054990 37.07274871 0.14997934 37.03239938
  jla_mock 0.174200 39.61203533 0.15142908 39.70377654
  jla_mock 0.244950 40.62374011 0.18020903 40.53094681
  jla_mock 0.224520 40.42067342 0.18249954 40.31755948
  jla_mock 0.245580 40.62935884 0.16228277 40.53726258
  jla_mock 0.283510 40.94620155 0.21250233 40.89245014
  jla_mock 0.180560 39.65111272 0.17619167 39.78981584
  jla_mock 0.103910 38.64371750 0.12352191 38.48648974
  jla_mock 0.129610 39.04133827 0.15326847 39.00235225
  jla_mock 0.243520 40.34250574 0.16045597 40.51655525
  jla_mock 0.331360 41.40237578 0.26935111 41.28275125
  jla_mock 0.243480 40.28858172 0.19048000 40.51615157
  jla_mock 0.314680 40.79605235 0.17577640 41.15295859
  jla_mock 0.218650 40.03807977 0.18935500 40.25293209
  jla_mock 0.260140 40.41600748 0.21925656 40.67921764
  jla_mock 0.282430 40.84586754 0.19830733 40.88295904
  jla_mock 0.300410 40.94786022 0.20581539 41.03678905
  jla_mock 0.151860 39.11748855 0.14864409 39.37646794
  jla_mock 0.263570 40.93471512 0.18936772 40.71159189
  jla_mock 0.213820 40.36467678 0.20621233 40.19854195
  jla_mock 0.162840 39.70765078 0.16761662 39.54256362
  jla_mock 0.124400 39.27194400 0.17140549 38.90607803
  jla_mock 0.194650 39.89125673 0.13938689 39.97083181
  jla_mock 0.205540 39.75381551 0.18299408 40.10260419
  jla_mock 0.106670 38.74084744 0.14588621 38.54733939
  jla_mock 0.187720 39.83979833 0.18724598 39.88337565
  jla_mock 0.163870 39.50239006 0.15682059 39.55760493
  jla_mock 0.290210 40.89433953 0.19470283 40.95059702
  jla_mock 0.094010 38.21926314 0.12497638 38.25486653
  jla_mock 0.227860 40.03952066 0.18009820 40.35363931
  jla_mock 0.107510 38.76353280 0.14764565 38.56556368
  jla_mock 0.310650 40.85091076 0.22259423 41.12065070
  jla_mock 0.145640 39.32578624 0.15575872 39.27733684
  jla_mock 0.087840 38.01456259 0.12609586 38.09850103
  jla_mock 0.148390 39.58764106 0.15572534 39.32164294
  jla_mock 0.286620 40.61425426 0.19365541 40.91959626
  jla_mock 0.122810 38.98840407 0.13329108 38.87594191
  jla_mock 0.186550 39.54521701 0.20280242 39.86831590
  jla_mock 0.128930 39.11952847 0.15503539 38.98999503
  jla_mock 0.194220 40.07967803 0.16863568 39.96548983
  jla_mock 0.148000 39.40021526 0.14676099 39.31540643
  jla_mock 0.211790 40.51120028 0.22866165 40.17534289
  jla_mock 0.179620 39.82029329 0.17351314 39.77727823
  jla_mock 0.263490 40.51405581 0.18130204 40.71084123
  jla_mock 0.192150 40.06512938 0.15956887 39.93961949
  jla_mock 0.338800 41.30681416 0.22987627 41.33871350
  jla_mock 0.117410 38.75559109 0.14766783 38.77078001
  jla_mock 0.143100 39.10308241 0.16841647 39.23571421
  jla_mock 0.160350 39.51828134 0.13218212 39.50583255
  jla_mock 0.288720 40.98727408 0.21129560 40.93777350
  jla_mock 0.123030 38.99157584 0.15464992 38.88013347
  jla_mock 0.264050 40.75013930 0.18533646 40.71609141
  jla_mock 0.126080 39.09729766 0.17182656 38.93752932
  jla_mock 0.173740 39.90625749 0.14981160 39.69744100
  jla_mock 0.164400 39.36560818 0.14972618 39.56531039
  jla_mock 0.249610 40.63322379 0.16242204 40.57731380
  jla_mock 0.159990 39.48633200 0.15136580 39.50047815
  jla_mock 0.244480 40.59033267 0.15150476 40.52622528
  jla_mock 0.248510 40.47307580 0.17707716 40.56644117
  jla_mock 0.228930 40.37968541 0.16847625 40.36509465
  jla_mock 0.085280 38.00830323 0.14384543 38.03053562
  jla_mock 0.062818 37.08701849 0.14854713 37.33330552
  jla_mock 0.277450 40.86131524 0.23370164 40.83875768
  jla_mock 0.275440 40.77900006 0.21508178 40.82071019
  jla_mock 0.330510 41.26889150 0.21087893 41.27628421
  jla_mock 0.361930 41.80066331 0.24565378 41.50573334
  jla_mock 0.331030 41.45476950 0.21800830 41.28024234
  jla_mock 0.160500 39.49645408 0.12714994 39.50806025
  jla_mock 0.300210 41.02922448 0.20430208 41.03512507
  jla_mock 0.116350 38.71071305 0.12231010 38.74960383
  jla_mock 0.218290 40.15309999 0.16062208 40.24891663
  jla_mock 0.119670 38.78674138 0.12046332 38.81533475
  jla_mock 0.154730 39.55863755 0.12395445 39.42093704
  jla_mock 0.178100 39.82277834 0.16562813 39.75687524
  jla_mock 0.250370 40.35281968 0.16560962 40.58480004
  jla_mock 0.251740 40.76211642 0.14466362 40.59824225
  jla_mock 0.129530 39.24455471 0.14518911 39.00090162
  jla_mock 0.309290 41.37256627 0.18810950 41.10966066
  jla_mock 0.278520 40.80141760 0.17881943 40.84831601
  jla_mock 0.185810 39.61400304 0.13605911 39.85874567
  jla_mock 0.066510 37.31836509 0.17228058 37.46288716
  jla_mock 0.258000 40.87465279 0.18756945 40.65881939
  jla_mock 0.298880 41.01472491 0.21609463 41.02403360
  jla_mock 0.270440 40.38690472 0.22437165 40.77528452
  jla_mock 0.279160 40.87157370 0.17183675 40.85401700
  jla_mock 0.292870 40.78634768 0.21554431 40.97334010
  jla_mock 0.189650 39.79180863 0.15711153 39.90802874
  jla_mock 0.265760 40.66162042 0.19291042 40.73205999
  jla_mock 0.123760 39.18015087 0.14509081 38.89399154
  jla_mock 0.182550 39.95164758 0.14971699 39.81615965
  jla_mock 0.056340 37.10834842 0.14895035 37.08712772
  jla_mock 0.312880 40.94855788 0.18264477 41.13857562
  jla_mock 0.309150 41.35971323 0.22328713 41.10852682
  jla_mock 0.200610 40.06185959 0.15587566 40.04377042
  jla_mock 0.326400 41.21129139 0.20549386 41.24479642
  jla_mock 0.211630 40.27579882 0.13899445 40.17350567
  jla_mock 0.179690 40.05292349 0.15636245 39.77821398
  jla_mock 0.302400 40.97549733 0.19662226 41.05329027
  jla_mock 0.109240 38.70069812 0.14870399 38.60267717
  jla_mock 0.085220 38.17978684 0.15002378 38.02891950
  jla_mock 0.202310 40.13418954 0.16131988 40.06420752
  jla_mock 0.126490 38.89834834 0.15584855 38.94514516
  jla_mock 0.214570 40.17338697 0.16812914 40.20706159
  jla_mock 0.320450 41.48677667 0.19168742 41.19855877
  jla_mock 0.218350 39.97772655 0.17273249 40.24958630
  jla_mock 0.190100 39.97931176 0.15982384 39.91374343
  jla_mock 0.092430 38.29965443 0.15614025 38.21577494
  jla_mock 0.379860 41.84159614 0.18489314 41.62856135
  jla_mock 0.211340 40.23643473 0.16607978 40.17017243
  jla_mock 0.258330 40.61967868 0.18011571 40.66197505
  jla_mock 0.183270 39.80244527 0.16855779 39.82562548
  jla_mock 0.212950 40.37571069 0.17784935 40.18862452
  jla_mock 0.116510 38.59106936 0.15544019 38.75281185
  jla_mock 0.144010 39.24538021 0.17185674 39.25070505
  jla_mock 0.252490 40.75799834 0.18599877 40.60557260
  jla_mock 0.255390 40.47439665 0.21319916 40.63372916
  jla_mock 0.216980 40.34780945 0.18860575 40.23425302
  jla_mock 1.265901 44.58689403 0.22380442 44.79698974
  jla_mock 0.935774 43.89549737 0.22958872 43.98915483
  jla_mock 0.049519 36.96390538 0.20228994 36.79643881
  jla_mock 0.030325 35.68749008 0.18207848 35.70156680
  jla_mock 0.074579 37.50389070 0.21872943 37.72359936
  jla_mock 0.025198 35.17924353 0.22034080 35.29122886
  jla_mock 0.014411 33.75037510 0.20528439 34.06048197
  jla_mock 0.020792 34.68845698 0.19750056 34.86681304
  jla_mock 0.035218 35.80605624 0.20378488 36.03411951
  jla_mock 0.041657 36.18503916 0.21523275 36.40882742
  jla_mock 0.042400 36.66548919 0.20618664 36.44837502
  jla_mock 0.018902 34.64329065 0.18361956 34.65682456
  jla_mock 0.078840 38.09639495 0.21534076 37.85056359
  jla_mock 0.063345 37.36818556 0.20758765 37.35224323
  jla_mock 0.027637 35.67922468 0.23141589 35.49574473
  jla_mock 0.049325 36.57659771 0.21068097 36.78761579
  jla_mock 0.070153 37.76281421 0.22041411 37.58414793
  jla_mock 0.023909 35.37584415 0.18367797 35.17514301
  jla_mock 0.053126 36.75833136 0.22335947 36.95466158
  jla_mock 0.024951 35.50157317 0.18978288 35.26944337
  jla_mock 0.015664 34.45259807 0.20165316 34.24355971
  jla_mock 0.048984 36.94930291 0.15985830 36.77202553
  jla_mock 0.022399 35.09488255 0.18927946 35.03105780
  jla_mock 0.034854 36.11871053 0.23666209 36.01098585
  jla_mock 0.016966 34.26240094 0.20291443 34.41905369
  jla_mock 0.030721 35.85126107 0.18171781 35.73036747
  jla_mock 0.030482 35.82447166 0.18203752 35.71302906
  jla_mock 0.010550 33.21303738 0.21945028 33.37697498
  jla_mock 0.014256 33.92978633 0.17170736 34.03674778
  jla_mock 0.027688 35.63562647 0.18124529 35.49982939
  jla_mock 0.053860 36.86587239 0.15903793 36.98558282
  jla_mock 0.017672 34.20759291 0.19251135 34.50872719
  jla_mock 0.017450 34.26816282 0.17037052 34.48091679
  jla_mock 0.015573 34.38180804 0.20219934 34.23076011
  jla_mock 0.010060 33.20472894 0.23112569 33.27290010
  jla_mock 0.054931 37.20827845 0.18431298 37.02997807
  jla_mock 0.039083 36.17987770 0.16317419 36.26630443
  jla_mock 0.078317 37.58116437 0.18391968 37.83533784
  jla_mock 0.031764 35.90578085 0.15356487 35.80451887
  jla_mock 0.014440 34.07706693 0.22581465 34.06489449
  jla_mock 0.013533 33.62146757 0.22079334 33.92255325
  jla_mock 0.026677 35.37829882 0.19349962 35.41744509
  jla_mock 0.023360 35.16014053 0.17880596 35.12382045
  jla_mock 0.036934 36.73242185 0.19001518 36.14012659
  jla_mock 0.023552 34.95851228 0.17819828 35.14190296
  jla_mock 0.017483 34.50642205 0.19211831 34.48507280
  jla_mock 0.040259 36.38035205 0.17447686 36.33251957
  jla_mock 0.030381 36.03390391 0.20408145 35.70566190
  jla_mock 0.015504 34.35452941 0.20027602 34.22100552
  jla_mock 0.014151 33.71599680 0.18788306 34.02052423
  jla_mock 0.015487 34.06074089 0.18431337 34.21859562
  jla_mock 0.015554 34.54778219 0.19852180 34.22807833
  jla_mock 0.037075 35.92396771 0.15485493 36.14862211
  jla_mock 0.015482 33.94509300 0.20249750 34.21788633
  jla_mock 0.013324 33.76584574 0.18643777 33.88841558
  jla_mock 0.014575 34.57891177 0.20791179 34.08532079
  jla_mock 0.015791 34.52675568 0.19846605 34.26130051
  jla_mock 0.024746 35.30036522 0.17954713 35.25120075
  jla_mock 0.027748 35.58097541 0.17503344 35.50462544
  jla_mock 0.010888 33.26702662 0.25477943 33.44600638
  jla_mock 0.013652 33.95459732 0.18670962 33.94175799
  jla_mock 0.035755 36.14050004 0.16295663 36.06782528
  jla_mock 0.024725 35.21321847 0.17710562 35.24932362
  jla_mock 0.038086 36.07716566 0.17051564 36.20862960
  jla_mock 0.021541 34.78205775 0.17711857 34.94486566
  jla_mock 0.019581 34.87230113 0.17898631 34.73455541
  jla_mock 0.030416 35.67845759 0.17571774 35.70821759
  jla_mock 0.039219 36.50274872 0.17021381 36.27406046
  jla_mock 0.034971 36.10466085 0.15987848 36.01844730
  jla_mock 0.028561 35.75344606 0.17650121 35.56862791
  jla_mock 0.020997 34.99268369 0.18822756 34.88844780
  jla_mock 0.032538 35.83405532 0.18232286 35.85802163
  jla_mock 0.015469 34.02117911 0.19318910 34.21604112
  jla_mock 0.015678 33.98457471 0.20747940 34.24552235
  jla_mock 0.027499 35.31535841 0.15598630 35.48465493
  jla_mock 0.046856 36.62937729 0.17134850 36.67229170
  jla_mock 0.033173 36.08459043 0.18295753 35.90099459
  jla_mock 0.010291 33.44250649 0.23549671 33.32257649
  jla_mock 0.080103 38.06446289 0.17116407 37.88693845
  jla_mock 0.012317 33.72113408 0.20020781 33.71612539
  jla_mock 0.024586 35.17961638 0.20631378 35.23685912
  jla_mock 0.014467 34.36612150 0.20827809 34.06899482
  jla_mock 0.015154 33.89457957 0.18399751 34.17085499
  jla_mock 0.029086 35.67776779 0.17337203 35.60901553
  jla_mock 0.034781 35.84200180 0.17928903 36.00631801
  jla_mock 0.044920 36.64266466 0.14070569 36.57766347
  jla_mock 0.034074 35.87455946 0.16958177 35.96060864
  jla_mock 0.074870 37.81097445 0.14386215 37.73248819
  jla_mock 0.014960 34.10880623 0.19782876 34.14256149
  jla_mock 0.020396 34.64964240 0.17103812 34.82441926
  jla_mock 0.040689 36.39197308 0.17468105 36.35626161
  jla_mock 0.026567 35.48482778 0.18033141 35.40829726
  jla_mock 0.026881 35.13972328 0.15330990 35.43431258
  jla_mock 0.023471 35.27811003 0.17597781 35.13429215
  jla_mock 0.069122 37.54935354 0.19117659 37.55045468
  jla_mock 0.065193 37.38889272 0.15879632 37.41747470
  jla_mock 0.022980 35.03531530 0.17790505 35.08759706
  jla_mock 0.017387 34.72450564 0.19829162 34.47296098
  jla_mock 0.031485 35.99395295 0.15108749 35.78491972
  jla_mock 0.011184 33.50201760 0.19447979 33.50473574
  jla_mock 0.021956 35.02425067 0.17567209 34.98696935
  jla_mock 0.031484 35.95932532 0.15080691 35.78484917
  jla_mock 0.023321 35.46826999 0.20285194 35.12012958
  jla_mock 0.020390 34.66026930 0.18300723 34.82377071
  jla_mock 0.022466 35.03607411 0.18140785 35.03765097
  jla_mock 0.033614 35.81367532 0.18044129 35.93036816
  jla_mock 0.036969 36.18421952 0.17916902 36.14223835
  jla_mock 0.022629 35.01958673 0.18007478 35.05361062
  jla_mock 0.014700 34.21524380 0.18462322 34.10406779
  jla_mock 0.036950 36.17358187 0.14876338 36.14109221
  jla_mock 0.060959 37.23100296 0.12531329 37.26525946
  jla_mock 0.059289 37.04475319 0.12135718 37.20240586
  jla_mock 0.069751 37.48277309 0.15873536 37.57106733
  jla_mock 0.029526 35.51098833 0.17470465 35.64231764
  jla_mock 0.033255 36.43801677 0.17565362 35.90648512
  jla_mock 0.024159 35.05021825 0.18124182 35.19813107
  jla_mock 0.015999 33.84531176 0.19155982 34.29005387
  jla_mock 0.062961 36.95713761 0.16530929 37.33845928
  jla_mock 0.021706 34.83292951 0.19186355 34.96170055
  jla_mock 0.031638 35.72681536 0.18943844 35.79568859
  jla_mock 0.018599 34.68761944 0.17304818 34.62124460
  jla_mock 0.027064 35.47054455 0.17332763 35.44933715
  jla_mock 0.025468 34.96903777 0.18469991 35.31480424
  jla_mock 0.023810 35.06124274 0.19336693 35.16597435
  jla_mock 0.023867 34.74969544 0.18298494 35.17125784
  jla_mock 0.022068 35.07757125 0.16678206 34.99819802
