jla_mock     0.50308   42.28595    0.14571   42.35104
jla_mock     0.58072   42.48271    0.16123   42.72544
jla_mock     0.49479   42.28703    0.12071   42.30792
jla_mock     0.34593   41.30282    0.13253   41.39128
jla_mock     0.67766   43.21905    0.22872   43.13160
jla_mock     0.61071   42.45204    0.22549   42.85755
jla_mock     0.86649   43.85269    0.25803   43.78400
jla_mock     0.33093   41.12713    0.12801   41.27950
jla_mock     0.79857   43.49243    0.25920   43.56670
jla_mock     0.44956   42.20461    0.16140   42.06004
jla_mock     0.37144   41.61196    0.14922   41.57158
jla_mock     0.29172   40.99738    0.14231   40.96351
jla_mock     0.35582   41.19579    0.14101   41.46259
jla_mock     0.46127   42.18990    0.15587   42.12638
jla_mock     0.28361   40.82574    0.13056   40.89333
jla_mock     0.63223   42.79482    0.22183   42.94863
jla_mock     0.46641   42.20559    0.17244   42.15500
jla_mock     0.26862   40.67206    0.12820   40.75859
jla_mock     0.94689   44.10358    0.29225   44.02068
jla_mock     0.92492   43.82024    0.31213   43.95801
jla_mock     0.69317   43.29350    0.29243   43.19137
jla_mock     0.62523   42.69496    0.19089   42.91933
jla_mock     0.89694   43.76544    0.26745   43.87607
jla_mock     0.60826   42.92716    0.15987   42.84699
jla_mock     0.78905   43.44402    0.26933   43.53485
jla_mock     0.57829   42.43502    0.14638   42.71445
jla_mock     0.59028   42.78273    0.18967   42.76823
jla_mock     0.71963   43.06976    0.25305   43.29050
jla_mock     0.21003   40.09569    0.13132   40.15509
jla_mock     0.76659   43.63667    0.22577   43.45813
jla_mock     0.85851   44.12510    0.22290   43.75934
jla_mock     0.36790   41.36426    0.09931   41.54727
jla_mock     0.55875   42.59661    0.15678   42.62447
jla_mock     0.84851   43.35706    0.21739   43.72812
jla_mock     0.99639   44.04478    0.24266   44.15679
jla_mock     0.77659   43.87582    0.26449   43.49256
jla_mock     0.58293   42.75283    0.13307   42.73539
jla_mock     0.58374   42.60545    0.16753   42.73903
jla_mock     0.79655   43.55679    0.22888   43.55998
jla_mock     0.58872   42.77256    0.15579   42.76129
jla_mock     0.91347   43.89155    0.24294   43.92478
jla_mock     0.76859   43.41765    0.23905   43.46504
jla_mock     0.94846   44.12259    0.26528   44.02509
jla_mock     0.51379   42.58519    0.15288   42.40578
jla_mock     0.73361   43.57621    0.19294   43.34148
jla_mock     0.63770   42.94240    0.27011   42.97130
jla_mock     0.76559   43.50043    0.21114   43.45466
jla_mock     0.43486   41.83352    0.15773   41.97447
jla_mock     0.98341   44.33934    0.25880   44.12175
jla_mock     0.58374   42.81622    0.16233   42.73903
jla_mock     0.70063   43.05119    0.21687   43.21970
jla_mock     0.66206   43.03915    0.21295   43.07010
jla_mock     0.83813   43.94864    0.28077   43.69533
jla_mock     0.62187   42.71773    0.17547   42.90516
jla_mock     0.37059   41.56298    0.14292   41.56572
jla_mock     0.41663   41.65750    0.13815   41.86455
jla_mock     0.35857   41.63497    0.10704   41.48209
jla_mock     0.45168   42.03589    0.15279   42.07216
jla_mock     0.52276   42.24867    0.16113   42.45081
jla_mock     0.73400   43.45195    0.30409   43.34288
jla_mock     0.70196   43.11163    0.31177   43.22473
jla_mock     0.74201   43.23706    0.29013   43.37166
jla_mock     0.74612   43.17906    0.21822   43.38631
jla_mock     0.34956   41.50740    0.13473   41.41768
jla_mock     0.59183   42.66446    0.15357   42.77513
jla_mock     0.51475   42.36333    0.15561   42.41060
jla_mock     0.62063   42.93925    0.18447   42.89990
jla_mock     0.64365   43.01494    0.24392   42.99574
jla_mock     1.00280   43.84849    0.33217   44.17391
jla_mock     0.47059   42.13406    0.14421   42.17801
jla_mock     0.61064   42.79751    0.15878   42.85725
jla_mock     0.26349   40.65806    0.12805   40.71081
jla_mock     0.35834   41.50816    0.12919   41.48044
jla_mock     0.74270   43.06332    0.25909   43.37412
jla_mock     0.45156   41.99184    0.11539   42.07145
jla_mock     0.91075   43.87075    0.26165   43.91682
jla_mock     0.55261   42.62700    0.15821   42.59559
jla_mock     0.33753   41.33432    0.12813   41.32927
jla_mock     0.75068   43.88077    0.24281   43.40248
jla_mock     0.98378   43.75430    0.34665   44.12275
jla_mock     0.82270   43.79650    0.22176   43.64588
jla_mock     0.81370   43.59076    0.24257   43.61661
jla_mock     0.95076   43.67363    0.26473   44.03158
jla_mock     0.81773   43.88641    0.24643   43.62977
jla_mock     0.34052   41.37589    0.12574   41.35149
jla_mock     0.96075   44.02514    0.28766   44.05949
jla_mock     0.81072   43.80898    0.27276   43.60686
jla_mock     0.75669   43.06974    0.24755   43.42362
jla_mock     0.61125   42.64259    0.18573   42.85987
jla_mock     0.87797   43.82299    0.22379   43.81907
jla_mock     0.54832   42.69017    0.14258   42.57529
jla_mock     0.80903   43.58087    0.23222   43.60132
jla_mock     1.02880   44.14953    0.28337   44.24234
jla_mock     0.62724   42.77010    0.17555   42.92776
jla_mock     0.42245   41.90743    0.15607   41.90012
jla_mock     0.93390   44.16218    0.35000   43.98380
jla_mock     0.70116   43.38382    0.22741   43.22169
jla_mock     0.69716   43.16522    0.20952   43.20658
jla_mock     0.68518   43.15923    0.27044   43.16074
jla_mock     0.76707   43.38217    0.25234   43.45981
jla_mock     0.93190   44.14380    0.25137   43.97808
jla_mock     0.86398   43.95975    0.24510   43.77625
jla_mock     0.74910   43.56473    0.22590   43.39689
jla_mock     0.51435   42.38427    0.15357   42.40861
jla_mock     0.46841   42.18130    0.11440   42.16601
jla_mock     0.47040   42.07606    0.15655   42.17698
jla_mock     0.95887   43.81312    0.27681   44.05426
jla_mock     0.92791   43.65354    0.29724   43.96663
jla_mock     0.84052   43.56913    0.21913   43.70293
jla_mock     0.63070   42.96158    0.17083   42.94224
jla_mock     0.56275   42.62943    0.14441   42.64315
jla_mock     0.61570   43.07321    0.16969   42.87892
jla_mock     0.82853   43.49618    0.22446   43.66467
jla_mock     0.56474   42.68687    0.16043   42.65238
jla_mock     0.57874   42.85747    0.14758   42.71650
jla_mock     0.55774   42.50381    0.15832   42.61978
jla_mock     0.86450   43.49549    0.22870   43.77785
jla_mock     0.73561   43.68180    0.23469   43.34870
jla_mock     0.85851   44.00524    0.28337   43.75932
jla_mock     0.26198   40.57628    0.10443   40.69667
jla_mock     0.58574   42.27703    0.18661   42.74800
jla_mock     0.76158   43.15265    0.21599   43.44073
jla_mock     0.48880   42.39204    0.11155   42.27631
jla_mock     0.85852   43.99785    0.27431   43.75935
jla_mock     0.68866   43.16684    0.18053   43.17412
jla_mock     0.55874   42.72958    0.15492   42.62446
jla_mock     0.32453   41.13098    0.12602   41.23036
jla_mock     0.48070   42.17088    0.10839   42.23305
jla_mock     0.18537   39.62057    0.13096   39.85305
jla_mock     0.92222   44.28492    0.33855   43.95022
jla_mock     0.68194   43.07435    0.19640   43.14823
jla_mock     0.47571   42.09480    0.10811   42.20600
jla_mock     0.92221   43.85150    0.27644   43.95018
jla_mock     0.89318   43.57599    0.25783   43.86487
jla_mock     0.42865   42.01689    0.14144   41.93748
jla_mock     0.63188   42.86377    0.23474   42.94717
jla_mock     0.69996   43.23079    0.25835   43.21717
jla_mock     0.73601   42.89952    0.26469   43.35013
jla_mock     0.57582   42.57975    0.15954   42.70324
jla_mock     0.41863   41.93089    0.10652   41.87683
jla_mock     0.51175   42.39198    0.12001   42.39540
jla_mock     0.53577   42.47944    0.12653   42.51485
jla_mock     0.64189   42.79755    0.21547   42.98856
jla_mock     0.73500   43.06768    0.22720   43.34649
jla_mock     0.35156   41.43154    0.13079   41.43211
jla_mock     0.60986   42.89728    0.17401   42.85388
jla_mock     0.34956   41.30404    0.13437   41.41766
jla_mock     0.70197   43.49452    0.18820   43.22475
jla_mock     0.35526   41.41290    0.10428   41.45861
jla_mock     0.98328   43.91313    0.25757   44.12140
jla_mock     0.87215   43.69206    0.26598   43.80134
jla_mock     0.75903   43.68013    0.20819   43.43183
jla_mock     0.92622   43.85461    0.24599   43.96176
jla_mock     0.64364   42.97249    0.22846   42.99573
jla_mock     0.41957   42.07633    0.13773   41.88255
jla_mock     0.51559   42.18807    0.20314   42.41484
jla_mock     0.89073   43.83930    0.21058   43.85753
jla_mock     0.80570   43.67696    0.22987   43.59033
jla_mock     0.48057   42.26271    0.10875   42.23231
jla_mock     0.80070   43.22860    0.24546   43.57378
jla_mock     0.58060   42.67859    0.18881   42.72490
jla_mock     0.71565   43.28212    0.24397   43.27584
jla_mock     0.80570   43.69311    0.23277   43.59033
jla_mock     0.76668   43.46795    0.25284   43.45846
jla_mock     0.66464   43.09469    0.19579   43.08037
jla_mock     0.90174   44.32770    0.25191   43.89028
jla_mock     0.74567   43.26194    0.21143   43.38470
jla_mock     0.71868   43.27524    0.20380   43.28702
jla_mock     0.73669   43.33921    0.19636   43.35259
jla_mock     0.57960   42.76633    0.12085   42.72037
jla_mock     0.37053   41.54058    0.10257   41.56534
jla_mock     0.96074   43.91604    0.23956   44.05946
jla_mock     0.85073   43.77502    0.21180   43.73508
jla_mock     0.64864   42.96267    0.19255   43.01611
jla_mock     0.21946   40.31857    0.13037   40.26197
jla_mock     0.93676   43.80052    0.24130   43.99195
jla_mock     0.64764   43.31666    0.17876   43.01204
jla_mock     0.46156   41.96165    0.13341   42.12800
jla_mock     0.60060   42.74990    0.17945   42.81372
jla_mock     0.67065   43.12855    0.23101   43.10415
jla_mock     0.76070   43.39946    0.20946   43.43765
jla_mock     0.24649   40.37377    0.13212   40.54638
jla_mock     0.47057   41.93398    0.14759   42.17794
jla_mock     0.16945   39.62368    0.11210   39.63766
jla_mock     0.49738   42.17867    0.12913   42.32144
jla_mock     0.63823   43.01827    0.19689   42.97350
jla_mock     0.50737   42.48876    0.14543   42.37308
jla_mock     0.53533   42.41632    0.14230   42.51269
jla_mock     0.58728   42.73701    0.16639   42.75489
jla_mock     0.77308   43.53284    0.25621   43.48052
jla_mock     0.69917   43.34673    0.22210   43.21417
jla_mock     0.37051   41.49472    0.12736   41.56520
jla_mock     0.76109   43.06321    0.22809   43.43902
jla_mock     0.69917   42.94960    0.21960   43.21418
jla_mock     0.78806   43.75843    0.19242   43.53150
jla_mock     0.37351   41.59063    0.13203   41.58571
jla_mock     0.40548   41.94869    0.13199   41.79507
jla_mock     0.85299   43.71249    0.25729   43.74216
jla_mock     0.80805   43.56105    0.24185   43.59808
jla_mock     0.60327   42.95551    0.18398   42.82536
jla_mock     0.58329   42.92595    0.17903   42.73700
jla_mock     0.53434   42.46505    0.14774   42.50785
jla_mock     0.72014   43.57954    0.24070   43.29239
jla_mock     0.40048   41.61819    0.21061   41.76340
jla_mock     0.83700   43.30578    0.21503   43.69176
jla_mock     0.37151   41.48616    0.10193   41.57203
jla_mock     0.80604   43.79445    0.25908   43.59147
jla_mock     0.84001   43.74225    0.23507   43.70129
jla_mock     0.50073   42.21473    0.12981   42.33885
jla_mock     0.53277   42.51013    0.17422   42.50018
jla_mock     0.53377   42.42630    0.18215   42.50508
jla_mock     0.93223   44.04111    0.34153   43.97902
jla_mock     0.82210   43.58856    0.25791   43.64395
jla_mock     0.55380   42.67465    0.13545   42.60122
jla_mock     0.12530   39.08638    0.13709   38.92294
jla_mock     0.84212   43.56748    0.28303   43.70800
jla_mock     0.44367   41.92425    0.15187   42.02605
jla_mock     0.72767   43.14880    0.24978   43.31996
jla_mock     0.68366   42.51974    0.41253   43.15487
jla_mock     0.44255   42.06830    0.13368   42.01954
jla_mock     0.72668   43.43220    0.20022   43.31634
jla_mock     0.28251   40.94123    0.12748   40.88366
jla_mock     0.40455   41.86184    0.12965   41.78921
jla_mock     0.51961   42.50219    0.13964   42.43507
jla_mock     0.69065   43.23760    0.23215   43.18177
jla_mock     1.06080   44.41991    0.27869   44.32423
jla_mock     0.57661   42.91636    0.15376   42.70683
jla_mock     0.26849   40.75173    0.12614   40.75735
jla_mock     0.72068   43.17504    0.25107   43.29438
jla_mock     0.25050   40.60225    0.13111   40.58606
jla_mock     0.76069   43.28574    0.27664   43.43763
jla_mock     0.69817   43.20718    0.26129   43.21038
jla_mock     0.55031   42.45165    0.16854   42.58475
jla_mock     0.73013   43.21610    0.23525   43.32888
jla_mock     0.84798   43.98681    0.24703   43.72647
jla_mock     0.99783   44.28169    0.24706   44.16064
jla_mock     0.43545   41.96528    0.13052   41.97792
jla_mock     0.40947   41.84879    0.12922   41.82014
jla_mock     0.30159   40.95638    0.12599   41.04659
jla_mock     1.29911   44.72773    0.19341   44.86622
jla_mock     1.02081   44.40864    0.23668   44.22149
jla_mock     0.83973   43.92405    0.19265   43.70043
jla_mock     1.12085   44.08093    0.20807   44.47149
jla_mock     1.23089   44.72268    0.23900   44.72199
jla_mock     0.97423   43.96202    0.18427   44.09670
jla_mock     0.97078   44.24554    0.33863   44.08723
jla_mock     0.06423   37.28413    0.15073   37.38367
jla_mock     0.12903   38.75405    0.16417   38.99182
jla_mock     0.10289   38.41537    0.14984   38.46361
jla_mock     0.04413   36.63587    0.17360   36.53791
jla_mock     0.11304   38.65765    0.15277   38.68229
jla_mock     0.25611   40.56422    0.20496   40.64067
jla_mock     0.38026   41.48361    0.28703   41.63124
jla_mock     0.14547   39.19061    0.16219   39.27457
jla_mock     0.08889   38.03417    0.14637   38.12583
jla_mock     0.26059   40.63498    0.18294   40.68349
jla_mock     0.07891   37.90362    0.15603   37.85259
jla_mock     0.08304   37.88592    0.15332   37.96945
jla_mock     0.16565   39.89504    0.13854   39.58339
jla_mock     0.16817   39.49875    0.16196   39.61946
jla_mock     0.17063   39.73895    0.16521   39.65419
jla_mock     0.17028   39.76190    0.17036   39.64928
jla_mock     0.12044   38.97234    0.15110   38.83033
jla_mock     0.27653   40.87440    0.21444   40.83051
jla_mock     0.23160   40.29481    0.18253   40.39347
jla_mock     0.30569   41.23280    0.26735   41.08035
jla_mock     0.07997   37.82879    0.16566   37.88313
jla_mock     0.17415   39.75012    0.15831   39.70309
jla_mock     0.13868   38.92979    0.16605   39.16161
jla_mock     0.14607   39.21269    0.16392   39.28432
jla_mock     0.08133   37.84767    0.14393   37.92176
jla_mock     0.23380   40.54716    0.17178   40.41662
jla_mock     0.25655   40.80377    0.17733   40.64491
jla_mock     0.24562   40.41654    0.20041   40.53766
jla_mock     0.12593   38.80209    0.19133   38.93474
jla_mock     0.22351   39.75551    0.21583   40.30655
jla_mock     0.10264   38.40237    0.14664   38.45798
jla_mock     0.11967   38.85702    0.14567   38.81533
jla_mock     0.18055   39.60400    0.16851   39.78968
jla_mock     0.19709   39.84880    0.17390   40.00094
jla_mock     0.22916   40.65638    0.19939   40.36755
jla_mock     0.26451   40.48482    0.19876   40.72040
jla_mock     0.10337   38.60216    0.12264   38.47441
jla_mock     0.36441   41.53023    0.23043   41.52305
jla_mock     0.20560   40.29518    0.15584   40.10331
jla_mock     0.17981   39.62619    0.19620   39.77982
jla_mock     0.19959   39.84260    0.18224   40.03143
jla_mock     0.15653   39.47337    0.15013   39.44844
jla_mock     0.16180   39.69898    0.14761   39.52729
jla_mock     0.20953   39.97448    0.20608   40.14927
jla_mock     0.24179   40.52072    0.19813   40.49904
jla_mock     0.23646   40.66365    0.16266   40.44434
jla_mock     0.22668   40.02234    0.21051   40.34095
jla_mock     0.29678   41.01075    0.19716   41.00643
jla_mock     0.20852   40.14527    0.16317   40.13754
jla_mock     0.25104   40.51404    0.22086   40.59138
jla_mock     0.25012   40.47295    0.17967   40.58234
jla_mock     0.11771   38.59682    0.14551   38.77674
jla_mock     0.21971   40.33888    0.16999   40.26472
jla_mock     0.14901   39.35486    0.14890   39.33153
jla_mock     0.28742   41.14829    0.18840   40.92654
jla_mock     0.14360   39.16357    0.16640   39.24396
jla_mock     0.32837   41.24804    0.19601   41.25993
jla_mock     0.24625   40.53526    0.16507   40.54396
jla_mock     0.11966   38.93291    0.15027   38.81514
jla_mock     0.32838   40.88733    0.27642   41.26001
jla_mock     0.21513   40.15159    0.18367   40.21341
jla_mock     0.14478   39.31878    0.13617   39.26332
jla_mock     0.13243   39.07252    0.12839   39.05296
jla_mock     0.21082   40.03823    0.16235   40.16418
jla_mock     0.20399   40.22824    0.15781   40.08425
jla_mock     0.27952   41.16117    0.16701   40.85722
jla_mock     0.04428   36.39488    0.15510   36.54551
jla_mock     0.18037   39.87489    0.15078   39.78729
jla_mock     0.26070   40.81906    0.18972   40.68453
jla_mock     0.05654   36.88455    0.18697   37.09513
jla_mock     0.21260   40.19277    0.19195   40.18462
jla_mock     0.36941   41.96952    0.23700   41.55764
jla_mock     0.17386   39.73354    0.13052   39.69910
jla_mock     0.14265   39.05503    0.16863   39.22827
jla_mock     0.17789   39.53812    0.17323   39.75404
jla_mock     0.32837   40.89303    0.20656   41.25993
jla_mock     0.25351   40.78037    0.19561   40.61551
jla_mock     0.30001   41.21566    0.19320   41.03346
jla_mock     0.10589   38.59063    0.14608   38.53030
jla_mock     0.22328   40.15811    0.16844   40.30404
jla_mock     0.11845   38.78486    0.12252   38.79138
jla_mock     0.17653   39.82481    0.17119   39.73563
jla_mock     0.18280   40.05917    0.18907   39.81945
jla_mock     0.29762   40.94890    0.22708   41.01348
jla_mock     0.19699   39.96105    0.16337   39.99971
jla_mock     0.15295   39.30021    0.14755   39.39345
jla_mock     0.24850   40.52091    0.17448   40.56634
jla_mock     0.13818   39.16385    0.12409   39.15309
jla_mock     0.20704   39.95968    0.17045   40.12025
jla_mock     0.21468   40.29751    0.18060   40.20831
jla_mock     0.30632   41.05016    0.21503   41.08550
jla_mock     0.24695   40.60229    0.17120   40.55095
jla_mock     0.19801   39.99205    0.14490   40.01220
jla_mock     0.22256   40.21501    0.15195   40.29616
jla_mock     0.13508   38.96330    0.15131   39.09960
jla_mock     0.21054   40.08132    0.18261   40.16096
jla_mock     0.27258   40.87965    0.16911   40.79482
jla_mock     0.24660   40.78442    0.16169   40.54746
jla_mock     0.22068   40.33460    0.19429   40.27546
jla_mock     0.27447   41.13105    0.19147   40.81196
jla_mock     0.17656   39.58458    0.15540   39.73604
jla_mock     0.31088   41.30567    0.22016   41.12250
jla_mock     0.18435   40.02218    0.17308   39.83976
jla_mock     0.15935   39.63021    0.14827   39.49093
jla_mock     0.21976   40.29569    0.16605   40.26527
jla_mock     0.25205   40.65215    0.18410   40.60127
jla_mock     0.18122   39.55893    0.14940   39.79858
jla_mock     0.17373   39.62969    0.13336   39.69730
jla_mock     0.38047   41.53049    0.24246   41.63265
jla_mock     0.17865   39.72779    0.17172   39.76428
jla_mock     0.24568   40.44295    0.18910   40.53826
jla_mock     0.20910   39.88253    0.16102   40.14428
jla_mock     0.24947   40.69474    0.20971   40.57593
jla_mock     0.13392   38.96870    0.16606   39.07929
jla_mock     0.17706   39.69481    0.16040   39.74282
jla_mock     0.28111   40.89942    0.18775   40.87131
jla_mock     0.17383   39.64511    0.15187   39.69868
jla_mock     0.19654   40.08313    0.16513   39.99418
jla_mock     0.36397   41.50943    0.22725   41.51999
jla_mock     0.37835   41.47695    0.26733   41.61843
jla_mock     0.31646   40.99115    0.21039   41.16711
jla_mock     0.18322   39.83605    0.13519   39.82497
jla_mock     0.24102   40.56785    0.16774   40.49121
jla_mock     0.20203   40.00544    0.19953   40.06085
jla_mock     0.16869   39.46738    0.16512   39.62684
jla_mock     0.19794   39.86138    0.17492   40.01135
jla_mock     0.12276   38.94044    0.14575   38.87499
jla_mock     0.20318   39.94342    0.16105   40.07461
jla_mock     0.12739   39.10430    0.14896   38.96178
jla_mock     0.27549   41.13436    0.19973   40.82116
jla_mock     0.14468   39.26947    0.14722   39.26169
jla_mock     0.33436   41.30843    0.24978   41.30545
jla_mock     0.19580   39.75267    0.15393   39.98507
jla_mock     0.19392   39.80607    0.16375   39.96176
jla_mock     0.24973   40.34416    0.18581   40.57850
jla_mock     0.14860   39.31402    0.14880   39.32499
jla_mock     0.15596   39.46274    0.14872   39.43976
jla_mock     0.09582   38.58450    0.15035   38.29889
jla_mock     0.15065   39.28261    0.15873   39.35748
jla_mock     0.30933   41.22136    0.24716   41.10998
jla_mock     0.24857   40.42177    0.17340   40.56704
jla_mock     0.36554   41.69084    0.24312   41.53091
jla_mock     0.11771   38.85134    0.12848   38.77674
jla_mock     0.19176   39.84929    0.14428   39.93472
jla_mock     0.18255   39.50719    0.16171   39.81616
jla_mock     0.23472   40.39299    0.18445   40.42624
jla_mock     0.24647   40.36491    0.19928   40.54616
jla_mock     0.28845   40.72521    0.18873   40.93544
jla_mock     0.20960   39.81519    0.19927   40.15008
jla_mock     0.19198   39.83830    0.17965   39.93748
jla_mock     0.11402   38.78336    0.12215   38.70241
jla_mock     0.11389   38.67778    0.18397   38.69975
jla_mock     0.19880   40.15033    0.20967   40.02183
jla_mock     0.22058   40.09785    0.22796   40.27436
jla_mock     0.18257   39.66358    0.16454   39.81642
jla_mock     0.15895   39.51619    0.16373   39.48495
jla_mock     0.07849   37.79975    0.14912   37.84038
jla_mock     0.13864   39.13326    0.13217   39.16093
jla_mock     0.18079   39.74826    0.15446   39.79287
jla_mock     0.17757   39.71297    0.18629   39.74972
jla_mock     0.17066   39.57735    0.16102   39.65461
jla_mock     0.23381   40.60130    0.20859   40.41672
jla_mock     0.07153   37.58859    0.17411   37.62842
jla_mock     0.15463   39.04927    0.18792   39.41940
jla_mock     0.09010   38.16651    0.15951   38.15695
jla_mock     0.17658   39.97959    0.20449   39.73631
jla_mock     0.13045   38.92807    0.16441   39.01753
jla_mock     0.18204   39.66488    0.17167   39.80943
jla_mock     0.25617   40.66088    0.17261   40.64125
jla_mock     0.13811   38.91969    0.14854   39.15189
jla_mock     0.17070   39.74331    0.16750   39.65518
jla_mock     0.21674   40.10061    0.14793   40.23156
jla_mock     0.24555   40.56070    0.17888   40.53696
jla_mock     0.14382   39.09956    0.16710   39.24758
jla_mock     0.24862   40.61490    0.18856   40.56753
jla_mock     0.14533   39.40817    0.17139   39.27229
jla_mock     0.13588   38.98679    0.12760   39.11351
jla_mock     0.05874   37.33077    0.12754   37.18137
jla_mock     0.03652   36.07271    0.15192   36.11500
jla_mock     0.27749   40.71949    0.22703   40.83912
jla_mock     0.20515   39.92666    0.29701   40.09800
jla_mock     0.28051   40.88472    0.20079   40.86600
jla_mock     0.19867   40.01537    0.16216   40.02025
jla_mock     0.15999   39.64417    0.15164   39.50048
jla_mock     0.21075   40.12333    0.18113   40.16338
jla_mock     0.07195   37.64010    0.17246   37.64176
jla_mock     0.23782   40.27683    0.19074   40.45841
jla_mock     0.14139   39.17387    0.17359   39.20730
jla_mock     0.15506   39.53480    0.15761   39.42600
jla_mock     0.37013   41.85150    0.22887   41.56259
jla_mock     0.09391   38.37325    0.17056   38.25241
jla_mock     0.11863   38.59646    0.17058   38.79493
jla_mock     0.15363   39.31689    0.15381   39.40398
jla_mock     0.25356   40.37325    0.16810   40.61600
jla_mock     0.10725   38.44965    0.14420   38.55994
jla_mock     0.12961   38.62068    0.15302   39.00235
jla_mock     0.26665   40.40481    0.19376   40.74033
jla_mock     0.21226   40.13409    0.16263   40.18073
jla_mock     0.27822   40.90743    0.18167   40.84564
jla_mock     0.24540   40.71375    0.16812   40.53546
jla_mock     0.13362   39.02921    0.15059   39.07401
jla_mock     0.17656   39.56503    0.16208   39.73604
jla_mock     0.11368   38.70106    0.14584   38.69545
jla_mock     0.32038   41.24215    0.26368   41.19801
jla_mock     0.11271   38.57246    0.12253   38.67548
jla_mock     0.10602   38.54781    0.14473   38.53314
jla_mock     0.39135   41.90636    0.26610   41.70449
jla_mock     0.15575   39.43189    0.14612   39.43656
jla_mock     0.18667   39.36755    0.16762   39.86986
jla_mock     0.19671   40.05933    0.16670   39.99627
jla_mock     0.19191   39.78274    0.17339   39.93660
jla_mock     0.19084   40.06336    0.15088   39.92311
jla_mock     0.17625   39.76366    0.15361   39.73182
jla_mock     0.12837   38.80473    0.15036   38.97977
jla_mock     0.12262   38.71684    0.14734   38.87232
jla_mock     0.12715   39.18799    0.14706   38.95736
jla_mock     0.21323   40.14994    0.17621   40.19182
jla_mock     0.21861   40.19167    0.18110   40.25249
jla_mock     0.26856   41.15439    0.19152   40.75800
jla_mock     0.20466   40.16111    0.16519   40.09220
jla_mock     0.26710   40.75662    0.17378   40.74451
jla_mock     0.21757   40.07088    0.17265   40.24087
jla_mock     0.24185   40.43530    0.17151   40.49965
jla_mock     0.29350   40.84247    0.20072   40.97870
jla_mock     0.35346   41.08560    0.23114   41.44575
jla_mock     0.18563   39.88854    0.15495   39.85641
jla_mock     0.28543   40.90551    0.19928   40.90924
jla_mock     0.19494   40.14753    0.16836   39.97443
jla_mock     0.07592   37.65353    0.14500   37.76429
jla_mock     0.16357   39.47988    0.15778   39.55323
jla_mock     0.25721   40.65874    0.20821   40.65125
jla_mock     0.21955   40.51288    0.18725   40.26294
jla_mock     0.17558   39.31654    0.15163   39.72269
jla_mock     0.22667   40.31641    0.18608   40.34084
jla_mock     0.15322   39.35067    0.15082   39.39764
jla_mock     0.21025   40.03522    0.19550   40.15761
jla_mock     0.12164   38.88498    0.12361   38.85353
jla_mock     0.29135   41.16995    0.19905   40.96037
jla_mock     0.29448   41.24146    0.27860   40.98701
jla_mock     0.16455   39.57869    0.12599   39.56749
jla_mock     0.30702   40.82488    0.20907   41.09122
jla_mock     0.19863   39.88836    0.16158   40.01976
jla_mock     0.26821   40.44617    0.21540   40.75477
jla_mock     0.40128   41.71090    0.24823   41.76846
jla_mock     0.13668   39.18958    0.15334   39.12735
jla_mock     0.29542   40.70469    0.24720   40.99496
jla_mock     0.29192   41.18016    0.19220   40.96524
jla_mock     0.09007   38.26386    0.12097   38.15619
jla_mock     0.20557   40.12497    0.18293   40.10296
jla_mock     0.14582   39.20272    0.14935   39.28026
jla_mock     0.11767   38.89247    0.14487   38.77595
jla_mock     0.05499   37.21405    0.14998   37.03240
jla_mock     0.17420   39.68691    0.15143   39.70378
jla_mock     0.24495   40.45239    0.18021   40.53095
jla_mock     0.22452   40.23403    0.18250   40.31756
jla_mock     0.24558   40.47961    0.16228   40.53726
jla_mock     0.28351   41.12134    0.21250   40.89245
jla_mock     0.18056   39.72541    0.17619   39.78982
jla_mock     0.10391   38.29650    0.12352   38.48649
jla_mock     0.12961   38.92165    0.15327   39.00235
jla_mock     0.24352   40.49588    0.16046   40.51656
jla_mock     0.33136   41.53127    0.26935   41.28275
jla_mock     0.24348   40.60477    0.19048   40.51615
jla_mock     0.31468   41.02310    0.17578   41.15296
jla_mock     0.21865   40.19636    0.18935   40.25293
jla_mock     0.26014   40.70182    0.21926   40.67922
jla_mock     0.28243   41.12516    0.19831   40.88296
jla_mock     0.30041   40.94105    0.20582   41.03679
jla_mock     0.15186   39.36577    0.14864   39.37647
jla_mock     0.26357   40.38898    0.18937   40.71159
jla_mock     0.21382   40.17786    0.20621   40.19854
jla_mock     0.16284   39.41069    0.16762   39.54256
jla_mock     0.12440   38.49862    0.17141   38.90608
jla_mock     0.19465   40.13670    0.13939   39.97083
jla_mock     0.20554   40.17114    0.18299   40.10260
jla_mock     0.10667   38.61653    0.14589   38.54734
jla_mock     0.18772   40.06978    0.18725   39.88338
jla_mock     0.16387   39.48731    0.15682   39.55760
jla_mock     0.29021   41.11451    0.19470   40.95060
jla_mock     0.09401   38.42342    0.12498   38.25487
jla_mock     0.22786   40.03822    0.18010   40.35364
jla_mock     0.10751   38.48445    0.14765   38.56556
jla_mock     0.31065   41.62526    0.22259   41.12065
jla_mock     0.14564   39.42156    0.15576   39.27734
jla_mock     0.08784   38.13227    0.12610   38.09850
jla_mock     0.14839   39.32920    0.15573   39.32164
jla_mock     0.28662   40.56272    0.19366   40.91960
jla_mock     0.12281   38.74610    0.13329   38.87594
jla_mock     0.18655   40.04534    0.20280   39.86832
jla_mock     0.12893   38.65488    0.15504   38.99000
jla_mock     0.19422   40.01073    0.16864   39.96549
jla_mock     0.14800   39.37092    0.14676   39.31541
jla_mock     0.21179   40.18948    0.22866   40.17534
jla_mock     0.17962   39.72826    0.17351   39.77728
jla_mock     0.26349   40.57463    0.18130   40.71084
jla_mock     0.19215   39.83000    0.15957   39.93962
jla_mock     0.33880   41.47711    0.22988   41.33871
jla_mock     0.11741   38.84608    0.14767   38.77078
jla_mock     0.14310   39.38487    0.16842   39.23571
jla_mock     0.16035   39.39135    0.13218   39.50583
jla_mock     0.28872   41.00712    0.21130   40.93777
jla_mock     0.12303   38.66938    0.15465   38.88013
jla_mock     0.26405   40.95912    0.18534   40.71609
jla_mock     0.12608   39.07841    0.17183   38.93753
jla_mock     0.17374   39.46858    0.14981   39.69744
jla_mock     0.16440   39.47385    0.14973   39.56531
jla_mock     0.24961   40.57206    0.16242   40.57731
jla_mock     0.15999   39.65927    0.15137   39.50048
jla_mock     0.24448   40.42165    0.15150   40.52623
jla_mock     0.24851   40.56241    0.17708   40.56644
jla_mock     0.22893   40.38846    0.16848   40.36509
jla_mock     0.08528   38.21329    0.14385   38.03054
jla_mock     0.06282   37.40440    0.14855   37.33331
jla_mock     0.27745   40.61902    0.23370   40.83876
jla_mock     0.27544   40.85495    0.21508   40.82071
jla_mock     0.33051   41.05999    0.21088   41.27628
jla_mock     0.36193   41.41128    0.24565   41.50573
jla_mock     0.33103   41.31073    0.21801   41.28024
jla_mock     0.16050   39.59027    0.12715   39.50806
jla_mock     0.30021   41.10335    0.20430   41.03513
jla_mock     0.11635   38.86406    0.12231   38.74960
jla_mock     0.21829   40.15734    0.16062   40.24892
jla_mock     0.11967   38.66506    0.12046   38.81533
jla_mock     0.15473   39.63078    0.12395   39.42094
jla_mock     0.17810   39.35742    0.16563   39.75688
jla_mock     0.25037   40.53938    0.16561   40.58480
jla_mock     0.25174   40.55860    0.14466   40.59824
jla_mock     0.12953   38.77365    0.14519   39.00090
jla_mock     0.30929   41.23819    0.18811   41.10966
jla_mock     0.27852   40.85205    0.17882   40.84832
jla_mock     0.18581   39.81506    0.13606   39.85875
jla_mock     0.06651   37.38366    0.17228   37.46289
jla_mock     0.25800   40.86603    0.18757   40.65882
jla_mock     0.29888   40.90935    0.21609   41.02403
jla_mock     0.27044   40.95668    0.22437   40.77528
jla_mock     0.27916   40.57382    0.17184   40.85402
jla_mock     0.29287   40.61005    0.21554   40.97334
jla_mock     0.18965   39.85748    0.15711   39.90803
jla_mock     0.26576   40.70784    0.19291   40.73206
jla_mock     0.12376   38.93127    0.14509   38.89399
jla_mock     0.18255   39.64944    0.14972   39.81616
jla_mock     0.05634   36.91128    0.14895   37.08713
jla_mock     0.31288   41.36703    0.18264   41.13858
jla_mock     0.30915   41.28894    0.22329   41.10853
jla_mock     0.20061   40.02552    0.15588   40.04377
jla_mock     0.32640   41.16195    0.20549   41.24480
jla_mock     0.21163   39.97171    0.13899   40.17351
jla_mock     0.17969   39.59804    0.15636   39.77821
jla_mock     0.30240   41.10287    0.19662   41.05329
jla_mock     0.10924   38.71416    0.14870   38.60268
jla_mock     0.08522   37.73176    0.15002   38.02892
jla_mock     0.20231   40.12535    0.16132   40.06421
jla_mock     0.12649   39.15146    0.15585   38.94515
jla_mock     0.21457   40.02018    0.16813   40.20706
jla_mock     0.32045   41.22490    0.19169   41.19856
jla_mock     0.21835   40.37104    0.17273   40.24959
jla_mock     0.19010   39.92609    0.15982   39.91374
jla_mock     0.09243   38.38146    0.15614   38.21577
jla_mock     0.37986   41.53068    0.18489   41.62856
jla_mock     0.21134   39.89127    0.16608   40.17017
jla_mock     0.25833   40.68972    0.18012   40.66198
jla_mock     0.18327   39.69271    0.16856   39.82563
jla_mock     0.21295   40.26093    0.17785   40.18862
jla_mock     0.11651   38.73887    0.15544   38.75281
jla_mock     0.14401   39.15911    0.17186   39.25071
jla_mock     0.25249   40.32383    0.18600   40.60557
jla_mock     0.25539   40.28536    0.21320   40.63373
jla_mock     0.21698   40.21569    0.18861   40.23425
jla_mock     1.26590   44.63857    0.22380   44.79699
jla_mock     0.93577   44.12948    0.22959   43.98915
jla_mock     0.04952   36.65411    0.20229   36.79644
jla_mock     0.03033   36.29875    0.18208   35.70157
jla_mock     0.07458   37.62605    0.21873   37.72360
jla_mock     0.02520   35.33230    0.22034   35.29123
jla_mock     0.01441   34.05333    0.20528   34.06048
jla_mock     0.02079   34.80037    0.19750   34.86681
jla_mock     0.03522   36.10579    0.20378   36.03412
jla_mock     0.04166   36.78609    0.21523   36.40883
jla_mock     0.04240   36.57257    0.20619   36.44838
jla_mock     0.01890   34.54491    0.18362   34.65682
jla_mock     0.07884   37.81055    0.21534   37.85056
jla_mock     0.06334   37.26664    0.20759   37.35224
jla_mock     0.02764   35.26776    0.23142   35.49574
jla_mock     0.04933   37.15878    0.21068   36.78762
jla_mock     0.07015   37.95798    0.22041   37.58415
jla_mock     0.02391   35.14709    0.18368   35.17514
jla_mock     0.05313   36.92495    0.22336   36.95466
jla_mock     0.02495   35.28934    0.18978   35.26944
jla_mock     0.01566   34.18563    0.20165   34.24356
jla_mock     0.04898   36.78048    0.15986   36.77203
jla_mock     0.02240   34.80429    0.18928   35.03106
jla_mock     0.03485   35.89640    0.23666   36.01099
jla_mock     0.01697   34.25405    0.20291   34.41905
jla_mock     0.03072   35.87820    0.18172   35.73037
jla_mock     0.03048   35.81565    0.18204   35.71303
jla_mock     0.01055   33.22536    0.21945   33.37697
jla_mock     0.01426   33.81020    0.17171   34.03675
jla_mock     0.02769   35.44685    0.18125   35.49983
jla_mock     0.05386   37.09303    0.15904   36.98558
jla_mock     0.01767   34.76104    0.19251   34.50873
jla_mock     0.01745   34.78063    0.17037   34.48092
jla_mock     0.01557   33.91125    0.20220   34.23076
jla_mock     0.01006   33.34038    0.23113   33.27290
jla_mock     0.05493   37.26594    0.18431   37.02998
jla_mock     0.03908   36.18158    0.16317   36.26630
jla_mock     0.07832   37.95932    0.18392   37.83534
jla_mock     0.03176   35.77084    0.15356   35.80452
jla_mock     0.01444   34.02393    0.22581   34.06489
jla_mock     0.01353   34.09808    0.22079   33.92255
jla_mock     0.02668   35.50404    0.19350   35.41745
jla_mock     0.02336   35.13039    0.17881   35.12382
jla_mock     0.03693   36.20138    0.19002   36.14013
jla_mock     0.02355   35.13914    0.17820   35.14190
jla_mock     0.01748   34.49321    0.19212   34.48507
jla_mock     0.04026   36.19234    0.17448   36.33252
jla_mock     0.03038   35.27094    0.20408   35.70566
jla_mock     0.01550   34.48013    0.20028   34.22101
jla_mock     0.01415   34.01621    0.18788   34.02052
jla_mock     0.01549   34.12288    0.18431   34.21860
jla_mock     0.01555   34.02376    0.19852   34.22808
jla_mock     0.03707   36.25537    0.15485   36.14862
jla_mock     0.01548   34.29406    0.20250   34.21789
jla_mock     0.01332   33.96105    0.18644   33.88842
jla_mock     0.01457   33.82444    0.20791   34.08532
jla_mock     0.01579   34.23613    0.19847   34.26130
jla_mock     0.02475   35.16167    0.17955   35.25120
jla_mock     0.02775   35.39254    0.17503   35.50463
jla_mock     0.01089   33.51105    0.25478   33.44601
jla_mock     0.01365   34.26511    0.18671   33.94176
jla_mock     0.03576   36.28498    0.16296   36.06783
jla_mock     0.02473   35.21860    0.17711   35.24932
jla_mock     0.03809   36.07893    0.17052   36.20863
jla_mock     0.02154   35.23244    0.17712   34.94487
jla_mock     0.01958   34.86564    0.17899   34.73456
jla_mock     0.03042   35.66210    0.17572   35.70822
jla_mock     0.03922   36.25510    0.17021   36.27406
jla_mock     0.03497   35.93112    0.15988   36.01845
jla_mock     0.02856   35.39466    0.17650   35.56863
jla_mock     0.02100   34.92505    0.18823   34.88845
jla_mock     0.03254   35.78885    0.18232   35.85802
jla_mock     0.01547   34.53720    0.19319   34.21604
jla_mock     0.01568   34.06428    0.20748   34.24552
jla_mock     0.02750   35.36969    0.15599   35.48465
jla_mock     0.04686   36.59037    0.17135   36.67229
jla_mock     0.03317   35.64328    0.18296   35.90099
jla_mock     0.01029   33.30134    0.23550   33.32258
jla_mock     0.08010   37.80369    0.17116   37.88694
jla_mock     0.01232   33.53677    0.20021   33.71613
jla_mock     0.02459   34.98605    0.20631   35.23686
jla_mock     0.01447   33.64456    0.20828   34.06899
jla_mock     0.01515   34.08524    0.18400   34.17085
jla_mock     0.02909   35.79648    0.17337   35.60902
jla_mock     0.03478   35.92379    0.17929   36.00632
jla_mock     0.04492   36.59535    0.14071   36.57766
jla_mock     0.03407   36.05760    0.16958   35.96061
jla_mock     0.07487   37.91602    0.14386   37.73249
jla_mock     0.01496   34.29888    0.19783   34.14256
jla_mock     0.02040   34.86673    0.17104   34.82442
jla_mock     0.04069   36.41323    0.17468   36.35626
jla_mock     0.02657   35.57098    0.18033   35.40830
jla_mock     0.02688   35.60259    0.15331   35.43431
jla_mock     0.02347   34.88503    0.17598   35.13429
jla_mock     0.06912   37.33923    0.19118   37.55045
jla_mock     0.06519   37.33044    0.15880   37.41747
jla_mock     0.02298   34.93678    0.17791   35.08760
jla_mock     0.01739   34.40230    0.19829   34.47296
jla_mock     0.03148   35.67125    0.15109   35.78492
jla_mock     0.01118   33.76743    0.19448   33.50474
jla_mock     0.02196   35.39802    0.17567   34.98697
jla_mock     0.03148   35.56754    0.15081   35.78485
jla_mock     0.02332   35.28022    0.20285   35.12013
jla_mock     0.02039   34.67654    0.18301   34.82377
jla_mock     0.02247   34.88580    0.18141   35.03765
jla_mock     0.03361   35.86113    0.18044   35.93037
jla_mock     0.03697   36.21552    0.17917   36.14224
jla_mock     0.02263   35.24256    0.18007   35.05361
jla_mock     0.01470   34.09800    0.18462   34.10407
jla_mock     0.03695   36.04657    0.14876   36.14109
jla_mock     0.06096   37.55956    0.12531   37.26526
jla_mock     0.05929   37.02510    0.12136   37.20241
jla_mock     0.06975   37.76841    0.15874   37.57107
jla_mock     0.02953   35.93603    0.17470   35.64232
jla_mock     0.03325   35.70939    0.17565   35.90649
jla_mock     0.02416   35.27984    0.18124   35.19813
jla_mock     0.01600   34.34927    0.19156   34.29005
jla_mock     0.06296   37.47419    0.16531   37.33846
jla_mock     0.02171   34.67489    0.19186   34.96170
jla_mock     0.03164   35.52925    0.18944   35.79569
jla_mock     0.01860   34.44713    0.17305   34.62124
jla_mock     0.02706   35.29148    0.17333   35.44934
jla_mock     0.02547   35.43526    0.18470   35.31480
jla_mock     0.02381   35.11064    0.19337   35.16597
jla_mock     0.02387   35.36806    0.18298   35.17126
jla_mock     0.02207   34.89645    0.16678   34.99820
