  jla_mock 0.503084 42.33912677 0.14571158 42.35104191
  jla_mock 0.580724 42.97712163 0.16122778 42.72544420
  jla_mock 0.494795 42.22611929 0.12070859 42.30792132
  jla_mock 0.345928 41.29010753 0.13253081 41.39127679
  jla_mock 0.677662 43.02377398 0.22871689 43.13159771
  jla_mock 0.610712 42.98783952 0.22548733 42.85755119
  jla_mock 0.866494 43.64036442 0.25803499 43.78399511
  jla_mock 0.330932 41.40218526 0.12801230 41.27949682
  jla_mock 0.798566 43.54161946 0.25919990 43.56669516
  jla_mock 0.449562 41.97089527 0.16139765 42.06004102
  jla_mock 0.371443 41.67349129 0.14921889 41.57158328
  jla_mock 0.291718 41.02317209 0.14231442 40.96351391
  jla_mock 0.355820 41.44140854 0.14101044 41.46259197
  jla_mock 0.461274 42.21118243 0.15587207 42.12637684
  jla_mock 0.283610 40.79207556 0.13055630 40.89332726
  jla_mock 0.632234 43.26117763 0.22182909 42.94863350
  jla_mock 0.466414 42.13865138 0.17243727 42.15499621
  jla_mock 0.268624 40.63480582 0.12820280 40.75859431
  jla_mock 0.946890 43.94972968 0.29224985 44.02068105
  jla_mock 0.924917 43.87974549 0.31213110 43.95800648
  jla_mock 0.693165 43.52334500 0.29243158 43.19137081
  jla_mock 0.625233 42.71382940 0.19088816 42.91933154
  jla_mock 0.896944 43.88878374 0.26745476 43.87607256
  jla_mock 0.608261 42.63028855 0.15987482 42.84698635
  jla_mock 0.789054 43.83035703 0.26932700 43.53484560
  jla_mock 0.578292 42.81625342 0.14637659 42.71444998
  jla_mock 0.590280 42.58781556 0.18966931 42.76822720
  jla_mock 0.719626 42.77683456 0.25305179 43.29050179
  jla_mock 0.210032 40.13906813 0.13132256 40.15508565
  jla_mock 0.766590 43.19423402 0.22576765 43.45813147
  jla_mock 0.858513 44.01938755 0.22289539 43.75933955
  jla_mock 0.367904 41.40198392 0.09931133 41.54726971
  jla_mock 0.558746 42.57409439 0.15678156 42.62447408
  jla_mock 0.848509 43.73688045 0.21739327 43.72811733
  jla_mock 0.996390 44.20404937 0.24266005 44.15678878
  jla_mock 0.776594 43.73586390 0.26449227 43.49255925
  jla_mock 0.582932 42.75098138 0.13306958 42.73538825
  jla_mock 0.583743 42.92660262 0.16752875 42.73903180
  jla_mock 0.796552 43.35340976 0.22887969 43.55998229
  jla_mock 0.588721 42.61841520 0.15579306 42.76129222
  jla_mock 0.913473 43.97626398 0.24294053 43.92478371
  jla_mock 0.768587 43.35971722 0.23905376 43.46503842
  jla_mock 0.948455 44.05208852 0.26528102 44.02509035
  jla_mock 0.513793 42.38176221 0.15287930 42.40577946
  jla_mock 0.733609 43.56785634 0.19294483 43.34148483
  jla_mock 0.637701 43.19157721 0.27010736 42.97130188
  jla_mock 0.765588 43.32908075 0.21113574 43.45465935
  jla_mock 0.434861 42.03096141 0.15772880 41.97446567
  jla_mock 0.983407 44.46913744 0.25879722 44.12174547
  jla_mock 0.583743 42.70695437 0.16232669 42.73903180
  jla_mock 0.700631 43.13998763 0.21687358 43.21970245
  jla_mock 0.662058 42.73877098 0.21294856 43.07010358
  jla_mock 0.838126 43.45504838 0.28077453 43.69533139
  jla_mock 0.621874 42.74087856 0.17546981 42.90516222
  jla_mock 0.370586 41.58997205 0.14291643 41.56571521
  jla_mock 0.416632 41.96306897 0.13815441 41.86454678
  jla_mock 0.358570 41.45673663 0.10704088 41.48209300
  jla_mock 0.451681 42.09972857 0.15278703 42.07216096
  jla_mock 0.522762 42.57144983 0.16112888 42.45080836
  jla_mock 0.733996 43.42176279 0.30408870 43.34288256
  jla_mock 0.701965 43.53238912 0.31176741 43.22473424
  jla_mock 0.742008 43.54217343 0.29013165 43.37166168
  jla_mock 0.746118 43.12597992 0.21822021 43.38630913
  jla_mock 0.349560 41.52810250 0.13472825 41.41767712
  jla_mock 0.591835 42.63234712 0.15357327 42.77512718
  jla_mock 0.514746 42.10070123 0.15561143 42.41059876
  jla_mock 0.620632 42.89024515 0.18447364 42.89990471
  jla_mock 0.643646 42.78766536 0.24392132 42.99574384
  jla_mock 1.002795 44.00938990 0.33216844 44.17391138
  jla_mock 0.470586 42.16913857 0.14420733 42.17801083
  jla_mock 0.610643 42.84310428 0.15877872 42.85725432
  jla_mock 0.263487 40.86599337 0.12804977 40.71081308
  jla_mock 0.358336 41.53059676 0.12918713 41.48043901
  jla_mock 0.742697 43.45545183 0.25908753 43.37412260
  jla_mock 0.451556 42.13667594 0.11538935 42.07144747
  jla_mock 0.910752 43.88403243 0.26164869 43.91682448
  jla_mock 0.552605 42.45208947 0.15821060 42.59559344
  jla_mock 0.337534 41.26182659 0.12813367 41.32927134
  jla_mock 0.750681 43.00970442 0.24281434 43.40248043
  jla_mock 0.983777 44.35735828 0.34665096 44.12275046
  jla_mock 0.822697 43.77071530 0.22175759 43.64587597
  jla_mock 0.813696 43.74458854 0.24256727 43.61660738
  jla_mock 0.950763 44.18122107 0.26472927 44.03158000
  jla_mock 0.817732 43.16431391 0.24643394 43.62976987
  jla_mock 0.340520 41.11574974 0.12574260 41.35148976
  jla_mock 0.960751 43.93258655 0.28766046 44.05948701
  jla_mock 0.810720 43.62349710 0.27275574 43.60686128
  jla_mock 0.756687 43.32966729 0.24755189 43.42362217
  jla_mock 0.611252 42.88468091 0.18572910 42.85987342
  jla_mock 0.877971 43.89330671 0.22378685 43.81906566
  jla_mock 0.548325 42.70044426 0.14258079 42.57528608
  jla_mock 0.809032 43.70533087 0.23222084 43.60131782
  jla_mock 1.028800 44.38134711 0.28337345 44.24233887
  jla_mock 0.627239 43.02506379 0.17555461 42.92775911
  jla_mock 0.422452 41.98756808 0.15606690 41.90011713
  jla_mock 0.933900 44.47699449 0.34999950 43.98380379
  jla_mock 0.701158 43.35787150 0.22740618 43.22169137
  jla_mock 0.697164 42.86308156 0.20952266 43.20658211
  jla_mock 0.685179 42.89340832 0.27044472 43.16074133
  jla_mock 0.767075 43.28030115 0.25233801 43.45981051
  jla_mock 0.931901 44.11035709 0.25136810 43.97808419
  jla_mock 0.863978 43.65994899 0.24510246 43.77624644
  jla_mock 0.749100 43.49557346 0.22590126 43.39688808
  jla_mock 0.514353 42.09997919 0.15357466 42.40861238
  jla_mock 0.468406 42.31562809 0.11440416 42.16600877
  jla_mock 0.470398 42.22883748 0.15654577 42.17697783
  jla_mock 0.958871 44.11034683 0.27681249 44.05425605
  jla_mock 0.927909 44.14022947 0.29724149 43.96662606
  jla_mock 0.840522 43.80974797 0.21913135 43.70293203
  jla_mock 0.630699 42.87604974 0.17083127 42.94223535
  jla_mock 0.562751 42.50355947 0.14440652 42.64314895
  jla_mock 0.615698 42.71872740 0.16969222 42.87891969
  jla_mock 0.828528 43.39072598 0.22446355 43.66467138
  jla_mock 0.564741 42.74422015 0.16042692 42.65238167
  jla_mock 0.578745 42.77089466 0.14758356 42.71650114
  jla_mock 0.557743 42.60962279 0.15831963 42.61977749
  jla_mock 0.864497 43.89924872 0.22870035 43.77784663
  jla_mock 0.735608 43.31823989 0.23468503 43.34869704
  jla_mock 0.858507 44.34514489 0.28336591 43.75932093
  jla_mock 0.261984 40.59537801 0.10443414 40.69667086
  jla_mock 0.585743 42.63388318 0.18660838 42.74799676
  jla_mock 0.761580 43.40317315 0.21598834 43.44072697
  jla_mock 0.488800 42.34051099 0.11155101 42.27631225
  jla_mock 0.858516 43.89849366 0.27431051 43.75934886
  jla_mock 0.688656 43.25552105 0.18053033 43.17411869
  jla_mock 0.558743 42.37486948 0.15491557 42.62446004
  jla_mock 0.324532 41.19095260 0.12601850 41.23036431
  jla_mock 0.480704 42.16747972 0.10839252 42.23304676
  jla_mock 0.185371 39.84070199 0.13095679 39.85305148
  jla_mock 0.922221 43.68227288 0.33854809 43.95021620
  jla_mock 0.681942 42.95040104 0.19640351 43.14822898
  jla_mock 0.475707 42.16118701 0.10811298 42.20600231
  jla_mock 0.922210 44.10311870 0.27644363 43.95018437
  jla_mock 0.893183 43.74725237 0.25783329 43.86486632
  jla_mock 0.428646 41.91299878 0.14143599 41.93747792
  jla_mock 0.631882 43.00490445 0.23474045 42.94716761
  jla_mock 0.699960 43.22939709 0.25834877 43.21716801
  jla_mock 0.736007 43.28629791 0.26468680 43.35013433
  jla_mock 0.575823 42.57592028 0.15953941 42.70324385
  jla_mock 0.418633 41.85451008 0.10651651 41.87682801
  jla_mock 0.511746 42.28982678 0.12000546 42.39539947
  jla_mock 0.535771 42.78144604 0.12653138 42.51485102
  jla_mock 0.641893 42.90355247 0.21547239 42.98855901
  jla_mock 0.734996 43.57710649 0.22720400 43.34649100
  jla_mock 0.351560 41.46998283 0.13079492 41.43210698
  jla_mock 0.609860 42.63245723 0.17401244 42.85388326
  jla_mock 0.349557 41.45273349 0.13436921 41.41765542
  jla_mock 0.701969 43.24025136 0.18819535 43.22474932
  jla_mock 0.355261 41.53785938 0.10427939 41.45861096
  jla_mock 0.983280 44.36936374 0.25756994 44.12140043
  jla_mock 0.872152 43.80418620 0.26597542 43.80134063
  jla_mock 0.759030 43.35763432 0.20819082 43.43182601
  jla_mock 0.926220 44.19759511 0.24599386 43.96176361
  jla_mock 0.643642 43.14170647 0.22846121 42.99572746
  jla_mock 0.419569 41.60108815 0.13772753 41.88255410
  jla_mock 0.515587 42.60709588 0.20313602 42.41484477
  jla_mock 0.890729 43.75081946 0.21057911 43.85752952
  jla_mock 0.805696 43.51188922 0.22987004 43.59032927
  jla_mock 0.480568 42.22518836 0.10874993 42.23231419
  jla_mock 0.800697 43.41945801 0.24546005 43.57378020
  jla_mock 0.580604 42.58845081 0.18881444 42.72490274
  jla_mock 0.715652 43.35773988 0.24396561 43.27583891
  jla_mock 0.805695 43.53386855 0.23276535 43.59032597
  jla_mock 0.766684 43.47104896 0.25283777 43.45845698
  jla_mock 0.664638 42.58901246 0.19578546 43.08036579
  jla_mock 0.901736 43.70713602 0.25190507 43.89028441
  jla_mock 0.745665 43.32718722 0.21142864 43.38469852
  jla_mock 0.718680 43.55233051 0.20380008 43.28701838
  jla_mock 0.736690 43.35528563 0.19636251 43.35259294
  jla_mock 0.579600 42.64198615 0.12084594 42.72036839
  jla_mock 0.370531 41.47668786 0.10256736 41.56533819
  jla_mock 0.960740 44.23600234 0.23956115 44.05945643
  jla_mock 0.850729 43.87179736 0.21179952 43.73507669
  jla_mock 0.648640 43.06027096 0.19254569 43.01611076
  jla_mock 0.219462 40.32668450 0.13036783 40.26196681
  jla_mock 0.936755 43.75942671 0.24129989 43.99195180
  jla_mock 0.647639 43.37703819 0.17876349 43.01204038
  jla_mock 0.461564 42.17219995 0.13341110 42.12799943
  jla_mock 0.600603 42.76094955 0.17945434 42.81371586
  jla_mock 0.670654 43.22182830 0.23100742 43.10414845
  jla_mock 0.760698 43.34927891 0.20946016 43.43765154
  jla_mock 0.246492 40.42120244 0.13212126 40.54637902
  jla_mock 0.470573 42.16355109 0.14759396 42.17793941
  jla_mock 0.169455 39.52416014 0.11209573 39.63766354
  jla_mock 0.497379 42.03911300 0.12912927 42.32143557
  jla_mock 0.638234 42.95157198 0.19688575 42.97350203
  jla_mock 0.507371 42.35863415 0.14542671 42.37308383
  jla_mock 0.535327 42.36846421 0.14229510 42.51268936
  jla_mock 0.587285 42.86469142 0.16639385 42.75488905
  jla_mock 0.773081 43.40334569 0.25620999 43.48051857
  jla_mock 0.699166 43.12679472 0.22210270 43.21416597
  jla_mock 0.370511 41.56647927 0.12736057 41.56520108
  jla_mock 0.761089 43.17744943 0.22808946 43.43901534
  jla_mock 0.699169 43.29680371 0.21959570 43.21417732
  jla_mock 0.788060 43.90323863 0.19242158 43.53149594
  jla_mock 0.373513 41.39668505 0.13202741 41.58570563
  jla_mock 0.405478 41.72994914 0.13198879 41.79507130
  jla_mock 0.852994 43.93255336 0.25729076 43.74215894
  jla_mock 0.808048 43.57749031 0.24185374 43.59808117
  jla_mock 0.603272 43.04653196 0.18397635 42.82535672
  jla_mock 0.583290 42.73711332 0.17902789 42.73699721
  jla_mock 0.534335 42.41611603 0.14774220 42.50785365
  jla_mock 0.720140 43.53838279 0.24070231 43.29239263
  jla_mock 0.400485 41.80800340 0.21060605 41.76339635
  jla_mock 0.837004 43.59725584 0.21502566 43.69176490
  jla_mock 0.371508 41.51060534 0.10193219 41.57202784
  jla_mock 0.806041 43.86159013 0.25907683 43.59146772
  jla_mock 0.840005 43.48500103 0.23506835 43.70129378
  jla_mock 0.500728 42.13669662 0.12981336 42.33885355
  jla_mock 0.532765 42.34575398 0.17422186 42.50018312
  jla_mock 0.533766 42.50321164 0.18215335 42.50507613
  jla_mock 0.932229 44.04817663 0.34152943 43.97902349
  jla_mock 0.822103 43.64953733 0.25790730 43.64395405
  jla_mock 0.553797 42.64002631 0.13544877 42.60122283
  jla_mock 0.125298 38.95782053 0.13709229 38.92293877
  jla_mock 0.842123 43.61387741 0.28302626 43.70799902
  jla_mock 0.443668 41.96043795 0.15186631 42.02604821
  jla_mock 0.727675 43.21811354 0.24978201 43.31996388
  jla_mock 0.683659 42.42671923 0.41253064 43.15487294
  jla_mock 0.442548 42.19625015 0.13367762 42.01954139
  jla_mock 0.726679 43.65513033 0.20021505 43.31633517
  jla_mock 0.282510 40.76355178 0.12747632 40.88366322
  jla_mock 0.404549 41.63903147 0.12965359 41.78920526
  jla_mock 0.519611 42.42850192 0.13964385 42.43507170
  jla_mock 0.690652 43.11965375 0.23214813 43.18176896
  jla_mock 1.060801 44.34125875 0.27869308 44.32423223
  jla_mock 0.576612 42.68819256 0.15376326 42.70682983
  jla_mock 0.268489 40.84183970 0.12614174 40.75734943
  jla_mock 0.720680 43.32750828 0.25106936 43.29437771
  jla_mock 0.250498 40.46676089 0.13111277 40.58605882
  jla_mock 0.760691 43.50766903 0.27664014 43.43762712
  jla_mock 0.698167 43.36667087 0.26129048 43.21038422
  jla_mock 0.550315 42.75338007 0.16854352 42.58474650
  jla_mock 0.730128 43.06370669 0.23524622 43.32888057
  jla_mock 0.847985 43.87774104 0.24702775 43.72647209
  jla_mock 0.997826 44.00282324 0.24705649 44.16063709
  jla_mock 0.435446 41.93241136 0.13052406 41.97792194
  jla_mock 0.409470 41.82806752 0.12922369 41.82013748
  jla_mock 0.301590 41.06223195 0.12598595 41.04658579
  jla_mock 1.299106 44.64029866 0.19340708 44.86622170
  jla_mock 1.020807 43.84293418 0.23668119 44.22149044
  jla_mock 0.839734 43.77879974 0.19264717 43.70043465
  jla_mock 1.120850 44.03544995 0.20807086 44.47149026
  jla_mock 1.230892 44.75894887 0.23900250 44.72198803
  jla_mock 0.974230 43.93417782 0.18427047 44.09669905
  jla_mock 0.970782 44.16492369 0.33863365 44.08722847
  jla_mock 0.064229 37.33515343 0.15072784 37.38367208
  jla_mock 0.129030 38.83038618 0.16416611 38.99181609
  jla_mock 0.102890 38.55099481 0.14983539 38.46361443
  jla_mock 0.044130 36.65057781 0.17359564 36.53790737
  jla_mock 0.113040 38.77591099 0.15276523 38.68228835
  jla_mock 0.256110 40.69469464 0.20496122 40.64067411
  jla_mock 0.380260 41.27400017 0.28702753 41.63124000
  jla_mock 0.145470 39.41095933 0.16218924 39.27457233
  jla_mock 0.088890 38.22490442 0.14636771 38.12583382
  jla_mock 0.260590 40.59730657 0.18294429 40.68348731
  jla_mock 0.078910 37.71217242 0.15602647 37.85259413
  jla_mock 0.083040 37.97909283 0.15331705 37.96945274
  jla_mock 0.165650 39.44297526 0.13854363 39.58339248
  jla_mock 0.168170 39.62429078 0.16196037 39.61946333
  jla_mock 0.170630 39.62077233 0.16520984 39.65419380
  jla_mock 0.170280 39.57748267 0.17035518 39.64928098
  jla_mock 0.120440 38.86362280 0.15109792 38.83033422
  jla_mock 0.276530 40.87669525 0.21443501 40.83051212
  jla_mock 0.231600 40.24779492 0.18253328 40.39346548
  jla_mock 0.305690 40.90111524 0.26735001 41.08035322
  jla_mock 0.079970 37.98380743 0.16566195 37.88313388
  jla_mock 0.174150 39.73551012 0.15831009 39.70308864
  jla_mock 0.138680 38.99121663 0.16604939 39.16160914
  jla_mock 0.146070 39.16533642 0.16391832 39.28431597
  jla_mock 0.081330 37.86842879 0.14393418 37.92175604
  jla_mock 0.233800 40.08288071 0.17178002 40.41661639
  jla_mock 0.256550 40.44645097 0.17733386 40.64490939
  jla_mock 0.245620 40.34159656 0.20041043 40.53766308
  jla_mock 0.125930 38.84624885 0.19132506 38.93473721
  jla_mock 0.223510 40.09834918 0.21582750 40.30655156
  jla_mock 0.102640 38.40522516 0.14663754 38.45797501
  jla_mock 0.119670 38.71360345 0.14566661 38.81533475
  jla_mock 0.180550 39.57095323 0.16851019 39.78968278
  jla_mock 0.197090 40.03119852 0.17389574 40.00093917
  jla_mock 0.229160 40.35160439 0.19939442 40.36755056
  jla_mock 0.264510 40.49155519 0.19876199 40.72039640
  jla_mock 0.103370 38.36227524 0.12264053 38.47440587
  jla_mock 0.364410 41.16497235 0.23042794 41.52305266
  jla_mock 0.205600 39.96093404 0.15584351 40.10331215
  jla_mock 0.179810 39.68068889 0.19620482 39.77981734
  jla_mock 0.199590 39.89899765 0.18224440 40.03143112
  jla_mock 0.156530 39.17524508 0.15012954 39.44843626
  jla_mock 0.161800 39.65622908 0.14760764 39.52728616
  jla_mock 0.209530 39.86880737 0.20608020 40.14927240
  jla_mock 0.241790 40.60743810 0.19813238 40.49904000
  jla_mock 0.236460 40.35596460 0.16266354 40.44434112
  jla_mock 0.226680 40.42692326 0.21050732 40.34094863
  jla_mock 0.296780 41.30992649 0.19716042 41.00642792
  jla_mock 0.208520 40.20262309 0.16317028 40.13753731
  jla_mock 0.251040 40.61545815 0.22085837 40.59138241
  jla_mock 0.250120 40.53323563 0.17967388 40.58233978
  jla_mock 0.117710 38.80297227 0.14551100 38.77674059
  jla_mock 0.219710 40.44086662 0.16999397 40.26472003
  jla_mock 0.149010 39.21432768 0.14890457 39.33152597
  jla_mock 0.287420 40.87000238 0.18840122 40.92653533
  jla_mock 0.143600 39.49174681 0.16639625 39.24396193
  jla_mock 0.328370 41.47870485 0.19601268 41.25993440
  jla_mock 0.246250 40.52484792 0.16506508 40.54396300
  jla_mock 0.119660 38.92912099 0.15026680 38.81513935
  jla_mock 0.328380 40.96761809 0.27642285 41.26001103
  jla_mock 0.215130 40.13700069 0.18366862 40.21340500
  jla_mock 0.144780 39.41338713 0.13616902 39.26332062
  jla_mock 0.132430 38.96462100 0.12839376 39.05295780
  jla_mock 0.210820 40.24993574 0.16235031 40.16418499
  jla_mock 0.203990 40.17681690 0.15780808 40.08424872
  jla_mock 0.279520 40.98761065 0.16701092 40.85721851
  jla_mock 0.044280 36.37381178 0.15509722 36.54550888
  jla_mock 0.180370 39.63417131 0.15078404 39.78728654
  jla_mock 0.260700 40.77171555 0.18972170 40.68452998
  jla_mock 0.056540 36.98572957 0.18696980 37.09512776
  jla_mock 0.212600 40.36510128 0.19194689 40.18462419
  jla_mock 0.369410 41.64463885 0.23700047 41.55764247
  jla_mock 0.173860 39.65252870 0.13051969 39.69909525
  jla_mock 0.142650 39.21667154 0.16862649 39.22826819
  jla_mock 0.177890 39.67069265 0.17323466 39.75404371
  jla_mock 0.328370 41.18094230 0.20656404 41.25993440
  jla_mock 0.253510 40.82176141 0.19560920 40.61550974
  jla_mock 0.300010 40.89020300 0.19320267 41.03346007
  jla_mock 0.105890 38.57564848 0.14607715 38.53029502
  jla_mock 0.223280 40.21898596 0.16843887 40.30403838
  jla_mock 0.118450 38.76633539 0.12252294 38.79138243
  jla_mock 0.176530 39.68681090 0.17118858 39.73563069
  jla_mock 0.182800 39.95136940 0.18906536 39.81945031
  jla_mock 0.297620 40.55693512 0.22708191 41.01348391
  jla_mock 0.196990 39.85254533 0.16336648 39.99971206
  jla_mock 0.152950 39.22806055 0.14755004 39.39344849
  jla_mock 0.248500 40.90676852 0.17447627 40.56634213
  jla_mock 0.138180 39.19835002 0.12408786 39.15308754
  jla_mock 0.207040 40.33250936 0.17044837 40.12024608
  jla_mock 0.214680 40.37541281 0.18059604 40.20830882
  jla_mock 0.306320 41.37537191 0.21502986 41.08550488
  jla_mock 0.246950 40.65799116 0.17120148 40.55094551
  jla_mock 0.198010 40.19943611 0.14489973 40.01220161
  jla_mock 0.222560 40.20017793 0.15195110 40.29615558
  jla_mock 0.135080 39.03736722 0.15130600 39.09960029
  jla_mock 0.210540 39.83695503 0.18260591 40.16095532
  jla_mock 0.272580 40.97602676 0.16910743 40.79482057
  jla_mock 0.246600 40.67385291 0.16168519 40.54745654
  jla_mock 0.220680 40.21662087 0.19428942 40.27546119
  jla_mock 0.274470 40.64838648 0.19147108 40.81195729
  jla_mock 0.176560 39.78519705 0.15540451 39.73603828
  jla_mock 0.310880 41.07337229 0.22015615 41.12250493
  jla_mock 0.184350 40.01524553 0.17307932 39.83975978
  jla_mock 0.159350 39.46986804 0.14827050 39.49093145
  jla_mock 0.219760 40.24014707 0.16604587 40.26527477
  jla_mock 0.252050 40.19536974 0.18410044 40.60127456
  jla_mock 0.181220 39.81613577 0.14940352 39.79858271
  jla_mock 0.173730 39.82870588 0.13336424 39.69730310
  jla_mock 0.380470 41.55815201 0.24246083 41.63264525
  jla_mock 0.178650 39.74973509 0.17172186 39.76427650
  jla_mock 0.245680 40.53023435 0.18910008 40.53826371
  jla_mock 0.209100 40.07478912 0.16102286 40.14428268
  jla_mock 0.249470 40.07062878 0.20970726 40.57593247
  jla_mock 0.133920 39.26083254 0.16606211 39.07928968
  jla_mock 0.177060 39.74930542 0.16039966 39.74282196
  jla_mock 0.281110 40.75857490 0.18775324 40.87131332
  jla_mock 0.173830 39.48012495 0.15186906 39.69868179
  jla_mock 0.196540 40.04330383 0.16513423 39.99418292
  jla_mock 0.363970 41.63342153 0.22724835 41.51998782
  jla_mock 0.378350 41.69272141 0.26733097 41.61842592
  jla_mock 0.316460 41.50253430 0.21038880 41.16710744
  jla_mock 0.183220 39.45885136 0.13519430 39.82496925
  jla_mock 0.241020 40.24012560 0.16773658 40.49120702
  jla_mock 0.202030 40.22208541 0.19953174 40.06085237
  jla_mock 0.168690 39.75748811 0.16511959 39.62684391
  jla_mock 0.197940 40.15628698 0.17492454 40.01134639
  jla_mock 0.122760 38.79022893 0.14574653 38.87498830
  jla_mock 0.203180 40.12627672 0.16105255 40.07460514
  jla_mock 0.127390 38.78546028 0.14895509 38.96178192
  jla_mock 0.275490 40.47827380 0.19972760 40.82116060
  jla_mock 0.144680 39.22078958 0.14721731 39.26168579
  jla_mock 0.334360 41.03482351 0.24977783 41.30545460
  jla_mock 0.195800 39.86983078 0.15392559 39.98506502
  jla_mock 0.193920 39.95181100 0.16374737 39.96175638
  jla_mock 0.249730 40.74471594 0.18580683 40.57849724
  jla_mock 0.148600 39.28367458 0.14879989 39.32499474
  jla_mock 0.155960 39.54115322 0.14872192 39.43976020
  jla_mock 0.095820 37.97360205 0.15034816 38.29888959
  jla_mock 0.150650 39.26588706 0.15872946 39.35748429
  jla_mock 0.309330 41.21092967 0.24715745 41.10998454
  jla_mock 0.248570 40.61285246 0.17340396 40.56703537
  jla_mock 0.365540 41.31630181 0.24311996 41.53090809
  jla_mock 0.117710 38.68130253 0.12847626 38.77674059
  jla_mock 0.191760 39.90402774 0.14428474 39.93471648
  jla_mock 0.182550 39.91382498 0.16171197 39.81615965
  jla_mock 0.234720 40.38620453 0.18444964 40.42623815
  jla_mock 0.246470 40.37970614 0.19927669 40.54615947
  jla_mock 0.288450 40.98961190 0.18873457 40.93544325
  jla_mock 0.209600 39.79345373 0.19927022 40.15008378
  jla_mock 0.191980 40.20078417 0.17965405 39.93748342
  jla_mock 0.114020 38.69404599 0.12215388 38.70241012
  jla_mock 0.113890 38.84451730 0.18397194 38.69975030
  jla_mock 0.198800 40.03661224 0.20967258 40.02183405
  jla_mock 0.220580 40.02375108 0.22796022 40.27435587
  jla_mock 0.182570 39.68073979 0.16453718 39.81642306
  jla_mock 0.158950 39.55938259 0.16372575 39.48494661
  jla_mock 0.078490 37.83299624 0.14911597 37.84038499
  jla_mock 0.138640 38.99595660 0.13217046 39.16092847
  jla_mock 0.180790 39.46067835 0.15445548 39.79287433
  jla_mock 0.177570 39.35440929 0.18629282 39.74972302
  jla_mock 0.170660 39.62125286 0.16102003 39.65461446
  jla_mock 0.233810 40.24706001 0.20858516 40.41672116
  jla_mock 0.071530 37.35271098 0.17410666 37.62841570
  jla_mock 0.154630 39.16627775 0.18791656 39.41940058
  jla_mock 0.090100 38.10394244 0.15950858 38.15695339
  jla_mock 0.176580 39.78254641 0.20448697 39.73630997
  jla_mock 0.130450 38.87260593 0.16440638 39.01753336
  jla_mock 0.182040 39.68803686 0.17166998 39.80943370
  jla_mock 0.256170 40.60957826 0.17261330 40.64125204
  jla_mock 0.138110 39.06945236 0.14854031 39.15189221
  jla_mock 0.170700 39.45700517 0.16749506 39.65517524
  jla_mock 0.216740 40.15608207 0.14793120 40.23155770
  jla_mock 0.245550 40.42930293 0.17887642 40.53696217
  jla_mock 0.143820 39.40210240 0.16709807 39.24758242
  jla_mock 0.248620 40.66832380 0.18856198 40.56753043
  jla_mock 0.145330 39.24689138 0.17138622 39.27229342
  jla_mock 0.135880 39.16809415 0.12760365 39.11351263
  jla_mock 0.058740 37.27105973 0.12754402 37.18137021
  jla_mock 0.036520 35.99084588 0.15191506 36.11499823
  jla_mock 0.277490 40.99142122 0.22703402 40.83911561
  jla_mock 0.205150 39.96138078 0.29701418 40.09799780
  jla_mock 0.280510 40.82507915 0.20078942 40.86600318
  jla_mock 0.198670 40.12731952 0.16215673 40.02025140
  jla_mock 0.159990 39.52807710 0.15164286 39.50047815
  jla_mock 0.210750 40.16527093 0.18113105 40.16337794
  jla_mock 0.071950 37.45272251 0.17245857 37.64175542
  jla_mock 0.237820 40.11958130 0.19074175 40.45840525
  jla_mock 0.141390 39.10414675 0.17359013 39.20730191
  jla_mock 0.155060 39.46577797 0.15760876 39.42600081
  jla_mock 0.370130 41.72469117 0.22886799 41.56258778
  jla_mock 0.093910 38.56540538 0.17056414 38.25241093
  jla_mock 0.118630 38.95822503 0.17057943 38.79493094
  jla_mock 0.153630 39.31550572 0.15381057 39.40398478
  jla_mock 0.253560 40.60480483 0.16809525 40.61599591
  jla_mock 0.107250 38.63184282 0.14420228 38.55993725
  jla_mock 0.129610 38.97396137 0.15302154 39.00235225
  jla_mock 0.266650 40.64038367 0.19376454 40.74033372
  jla_mock 0.212260 40.31370927 0.16262819 40.18073232
  jla_mock 0.278220 40.79472889 0.18167466 40.84563951
  jla_mock 0.245400 40.40635433 0.16811689 40.53545960
  jla_mock 0.133620 38.94766366 0.15059378 39.07401011
  jla_mock 0.176560 39.68894778 0.16208219 39.73603828
  jla_mock 0.113680 38.78393909 0.14584429 38.69544762
  jla_mock 0.320380 40.95463975 0.26368273 41.19801010
  jla_mock 0.112710 38.66936458 0.12253270 38.67547563
  jla_mock 0.106020 38.59396827 0.14472955 38.53314397
  jla_mock 0.391350 41.79053990 0.26610488 41.70448789
  jla_mock 0.155750 39.48201973 0.14611530 39.43655631
  jla_mock 0.186670 39.76560074 0.16762102 39.86986452
  jla_mock 0.196710 39.75574116 0.16669908 39.99627308
  jla_mock 0.191910 40.04803303 0.17339098 39.93660335
  jla_mock 0.190840 40.08812775 0.15087610 39.92311374
  jla_mock 0.176250 39.52222783 0.15361286 39.73182344
  jla_mock 0.128370 39.18389123 0.15035584 38.97977249
  jla_mock 0.122620 38.70516692 0.14734428 38.87231625
  jla_mock 0.127150 39.14517007 0.14706216 38.95735627
  jla_mock 0.213230 40.27976739 0.17620944 40.19182042
  jla_mock 0.218610 40.40063046 0.18110338 40.25248623
  jla_mock 0.268560 40.71830293 0.19152223 40.75800422
  jla_mock 0.204660 40.01328334 0.16518790 40.09219879
  jla_mock 0.267100 40.60525664 0.17377576 40.74450740
  jla_mock 0.217570 40.33008428 0.17264916 40.24086733
  jla_mock 0.241850 40.68682883 0.17151433 40.49964940
  jla_mock 0.293500 41.07514730 0.20071643 40.97869876
  jla_mock 0.353460 41.54851305 0.23113786 41.44574541
  jla_mock 0.185630 39.83019331 0.15494760 39.85641243
  jla_mock 0.285430 40.97170328 0.19928385 40.90924132
  jla_mock 0.194940 39.84511121 0.16836015 39.97442839
  jla_mock 0.075920 37.72758819 0.14499851 37.76428887
  jla_mock 0.163570 39.42135384 0.15777754 39.55323307
  jla_mock 0.257210 40.88461348 0.20821329 40.65124979
  jla_mock 0.219550 40.50730365 0.18725136 40.26294408
  jla_mock 0.175580 39.57842127 0.15163366 39.72269036
  jla_mock 0.226670 40.13197259 0.18608202 40.34084082
  jla_mock 0.153220 39.39839917 0.15082218 39.39763723
  jla_mock 0.210250 40.07601305 0.19550076 40.15760614
  jla_mock 0.121640 38.83463142 0.12361443 38.85353115
  jla_mock 0.291350 40.74717983 0.19904915 40.96036745
  jla_mock 0.294480 41.11184969 0.27859702 40.98701345
  jla_mock 0.164550 39.76954164 0.12599124 39.56748698
  jla_mock 0.307020 41.02644460 0.20906564 41.09121752
  jla_mock 0.198630 40.11037542 0.16157737 40.01976424
  jla_mock 0.268210 40.40624414 0.21539519 40.75477485
  jla_mock 0.401280 41.46080039 0.24823001 41.76846410
  jla_mock 0.136680 38.99492175 0.15334431 39.12734848
  jla_mock 0.295420 41.05393847 0.24720467 40.99496487
  jla_mock 0.291920 40.96926786 0.19219946 40.96523948
  jla_mock 0.090070 37.99766766 0.12096556 38.15618664
  jla_mock 0.205570 40.06904788 0.18292629 40.10295819
  jla_mock 0.145820 39.17827048 0.14934529 39.28026067
  jla_mock 0.117670 38.81027095 0.14486540 38.77594667
  jla_mock 0.054990 37.30288747 0.14997934 37.03239938
  jla_mock 0.174200 39.72270837 0.15142908 39.70377654
  jla_mock 0.244950 40.76778807 0.18020903 40.53094681
  jla_mock 0.224520 40.15211159 0.18249954 40.31755948
  jla_mock 0.245580 40.52987731 0.16228277 40.53726258
  jla_mock 0.283510 40.89597116 0.21250233 40.89245014
  jla_mock 0.180560 39.82379077 0.17619167 39.78981584
  jla_mock 0.103910 38.49436106 0.12352191 38.48648974
  jla_mock 0.129610 39.03702403 0.15326847 39.00235225
  jla_mock 0.243520 40.36937039 0.16045597 40.51655525
  jla_mock 0.331360 41.02323746 0.26935111 41.28275125
  jla_mock 0.243480 40.14891432 0.19048000 40.51615157
  jla_mock 0.314680 41.30734231 0.17577640 41.15295859
  jla_mock 0.218650 40.24722949 0.18935500 40.25293209
  jla_mock 0.260140 40.35727033 0.21925656 40.67921764
  jla_mock 0.282430 40.96268184 0.19830733 40.88295904
  jla_mock 0.300410 41.12254507 0.20581539 41.03678905
  jla_mock 0.151860 39.10834806 0.14864409 39.37646794
  jla_mock 0.263570 40.97289337 0.18936772 40.71159189
  jla_mock 0.213820 40.33379953 0.20621233 40.19854195
  jla_mock 0.162840 39.34109935 0.16761662 39.54256362
  jla_mock 0.124400 38.83486534 0.17140549 38.90607803
  jla_mock 0.194650 39.95757892 0.13938689 39.97083181
  jla_mock 0.205540 39.98413850 0.18299408 40.10260419
  jla_mock 0.106670 38.67448265 0.14588621 38.54733939
  jla_mock 0.187720 39.94721272 0.18724598 39.88337565
  jla_mock 0.163870 39.48366672 0.15682059 39.55760493
  jla_mock 0.290210 41.13310115 0.19470283 40.95059702
  jla_mock 0.094010 38.28997764 0.12497638 38.25486653
  jla_mock 0.227860 40.29128188 0.18009820 40.35363931
  jla_mock 0.107510 38.66123346 0.14764565 38.56556368
  jla_mock 0.310650 40.92933860 0.22259423 41.12065070
  jla_mock 0.145640 39.03250021 0.15575872 39.27733684
  jla_mock 0.087840 37.92547731 0.12609586 38.09850103
  jla_mock 0.148390 39.31616689 0.15572534 39.32164294
  jla_mock 0.286620 41.13614207 0.19365541 40.91959626
  jla_mock 0.122810 38.83788432 0.13329108 38.87594191
  jla_mock 0.186550 39.80580357 0.20280242 39.86831590
  jla_mock 0.128930 38.96499809 0.15503539 38.98999503
  jla_mock 0.194220 39.81425772 0.16863568 39.96548983
  jla_mock 0.148000 39.37882927 0.14676099 39.31540643
  jla_mock 0.211790 40.20404968 0.22866165 40.17534289
  jla_mock 0.179620 39.89456323 0.17351314 39.77727823
  jla_mock 0.263490 41.05323479 0.18130204 40.71084123
  jla_mock 0.192150 40.12126297 0.15956887 39.93961949
  jla_mock 0.338800 41.47301355 0.22987627 41.33871350
  jla_mock 0.117410 38.83041397 0.14766783 38.77078001
  jla_mock 0.143100 39.21646045 0.16841647 39.23571421
  jla_mock 0.160350 39.37244030 0.13218212 39.50583255
  jla_mock 0.288720 40.68994625 0.21129560 40.93777350
  jla_mock 0.123030 38.83793188 0.15464992 38.88013347
  jla_mock 0.264050 40.38876668 0.18533646 40.71609141
  jla_mock 0.126080 38.81108765 0.17182656 38.93752932
  jla_mock 0.173740 39.56230606 0.14981160 39.69744100
  jla_mock 0.164400 39.62053025 0.14972618 39.56531039
  jla_mock 0.249610 40.24742963 0.16242204 40.57731380
  jla_mock 0.159990 39.40452850 0.15136580 39.50047815
  jla_mock 0.244480 40.42809863 0.15150476 40.52622528
  jla_mock 0.248510 40.46433133 0.17707716 40.56644117
  jla_mock 0.228930 39.97700736 0.16847625 40.36509465
  jla_mock 0.085280 37.89660151 0.14384543 38.03053562
  jla_mock 0.062818 37.19285691 0.14854713 37.33330552
  jla_mock 0.277450 41.27429090 0.23370164 40.83875768
  jla_mock 0.275440 40.66288741 0.21508178 40.82071019
  jla_mock 0.330510 41.49847767 0.21087893 41.27628421
  jla_mock 0.361930 41.65798386 0.24565378 41.50573334
  jla_mock 0.331030 40.79415182 0.21800830 41.28024234
  jla_mock 0.160500 39.33250511 0.12714994 39.50806025
  jla_mock 0.300210 41.07553845 0.20430208 41.03512507
  jla_mock 0.116350 38.89222150 0.12231010 38.74960383
  jla_mock 0.218290 40.22197582 0.16062208 40.24891663
  jla_mock 0.119670 38.98043200 0.12046332 38.81533475
  jla_mock 0.154730 39.38909743 0.12395445 39.42093704
  jla_mock 0.178100 39.87100804 0.16562813 39.75687524
  jla_mock 0.250370 40.44777372 0.16560962 40.58480004
  jla_mock 0.251740 40.70003723 0.14466362 40.59824225
  jla_mock 0.129530 38.96089001 0.14518911 39.00090162
  jla_mock 0.309290 41.08356506 0.18810950 41.10966066
  jla_mock 0.278520 40.61714574 0.17881943 40.84831601
  jla_mock 0.185810 39.70149791 0.13605911 39.85874567
  jla_mock 0.066510 37.25319566 0.17228058 37.46288716
  jla_mock 0.258000 40.88039007 0.18756945 40.65881939
  jla_mock 0.298880 41.22010127 0.21609463 41.02403360
  jla_mock 0.270440 40.61747507 0.22437165 40.77528452
  jla_mock 0.279160 40.77844825 0.17183675 40.85401700
  jla_mock 0.292870 41.15467209 0.21554431 40.97334010
  jla_mock 0.189650 39.77126072 0.15711153 39.90802874
  jla_mock 0.265760 40.67768537 0.19291042 40.73205999
  jla_mock 0.123760 38.71224631 0.14509081 38.89399154
  jla_mock 0.182550 39.61787175 0.14971699 39.81615965
  jla_mock 0.056340 36.93364867 0.14895035 37.08712772
  jla_mock 0.312880 40.73302899 0.18264477 41.13857562
  jla_mock 0.309150 40.99366758 0.22328713 41.10852682
  jla_mock 0.200610 40.00748506 0.15587566 40.04377042
  jla_mock 0.326400 41.13938983 0.20549386 41.24479642
  jla_mock 0.211630 40.06327157 0.13899445 40.17350567
  jla_mock 0.179690 39.62600830 0.15636245 39.77821398
  jla_mock 0.302400 40.92972145 0.19662226 41.05329027
  jla_mock 0.109240 38.48674447 0.14870399 38.60267717
  jla_mock 0.085220 37.97375112 0.15002378 38.02891950
  jla_mock 0.202310 40.15461172 0.16131988 40.06420752
  jla_mock 0.126490 38.97544251 0.15584855 38.94514516
  jla_mock 0.214570 39.92835662 0.16812914 40.20706159
  jla_mock 0.320450 41.02126876 0.19168742 41.19855877
  jla_mock 0.218350 40.31866669 0.17273249 40.24958630
  jla_mock 0.190100 39.63678034 0.15982384 39.91374343
  jla_mock 0.092430 38.25303117 0.15614025 38.21577494
  jla_mock 0.379860 41.67148289 0.18489314 41.62856135
  jla_mock 0.211340 40.20272708 0.16607978 40.17017243
  jla_mock 0.258330 40.80575019 0.18011571 40.66197505
  jla_mock 0.183270 39.83824622 0.16855779 39.82562548
  jla_mock 0.212950 40.38951989 0.17784935 40.18862452
  jla_mock 0.116510 38.61344987 0.15544019 38.75281185
  jla_mock 0.144010 39.22889835 0.17185674 39.25070505
  jla_mock 0.252490 40.64512891 0.18599877 40.60557260
  jla_mock 0.255390 40.85335121 0.21319916 40.63372916
  jla_mock 0.216980 40.45922860 0.18860575 40.23425302
  jla_mock 1.265901 44.36798507 0.22380442 44.79698974
  jla_mock 0.935774 43.58771003 0.22958872 43.98915483
  jla_mock 0.049519 36.86954824 0.20228994 36.79643881
  jla_mock 0.030325 35.82060281 0.18207848 35.70156680
  jla_mock 0.074579 37.47962848 0.21872943 37.72359936
  jla_mock 0.025198 35.28231637 0.22034080 35.29122886
  jla_mock 0.014411 34.09667159 0.20528439 34.06048197
  jla_mock 0.020792 34.92314127 0.19750056 34.86681304
  jla_mock 0.035218 35.98667446 0.20378488 36.03411951
  jla_mock 0.041657 36.37106891 0.21523275 36.40882742
  jla_mock 0.042400 36.43913614 0.20618664 36.44837502
  jla_mock 0.018902 34.47429019 0.18361956 34.65682456
  jla_mock 0.078840 37.54692770 0.21534076 37.85056359
  jla_mock 0.063345 37.85665669 0.20758765 37.35224323
  jla_mock 0.027637 35.71630924 0.23141589 35.49574473
  jla_mock 0.049325 37.19720278 0.21068097 36.78761579
  jla_mock 0.070153 37.57935644 0.22041411 37.58414793
  jla_mock 0.023909 34.94905846 0.18367797 35.17514301
  jla_mock 0.053126 36.76707096 0.22335947 36.95466158
  jla_mock 0.024951 35.39064739 0.18978288 35.26944337
  jla_mock 0.015664 34.14093822 0.20165316 34.24355971
  jla_mock 0.048984 37.17576951 0.15985830 36.77202553
  jla_mock 0.022399 35.22980865 0.18927946 35.03105780
  jla_mock 0.034854 35.90534037 0.23666209 36.01098585
  jla_mock 0.016966 34.28900057 0.20291443 34.41905369
  jla_mock 0.030721 35.59606807 0.18171781 35.73036747
  jla_mock 0.030482 35.88724318 0.18203752 35.71302906
  jla_mock 0.010550 33.24532383 0.21945028 33.37697498
  jla_mock 0.014256 34.06271951 0.17170736 34.03674778
  jla_mock 0.027688 35.23655223 0.18124529 35.49982939
  jla_mock 0.053860 36.95652652 0.15903793 36.98558282
  jla_mock 0.017672 34.50681730 0.19251135 34.50872719
  jla_mock 0.017450 34.43418129 0.17037052 34.48091679
  jla_mock 0.015573 34.36579450 0.20219934 34.23076011
  jla_mock 0.010060 33.26772279 0.23112569 33.27290010
  jla_mock 0.054931 37.09602523 0.18431298 37.02997807
  jla_mock 0.039083 36.26987233 0.16317419 36.26630443
  jla_mock 0.078317 37.82852106 0.18391968 37.83533784
  jla_mock 0.031764 35.77366870 0.15356487 35.80451887
  jla_mock 0.014440 33.91919935 0.22581465 34.06489449
  jla_mock 0.013533 33.78728898 0.22079334 33.92255325
  jla_mock 0.026677 35.09177864 0.19349962 35.41744509
  jla_mock 0.023360 35.01330122 0.17880596 35.12382045
  jla_mock 0.036934 35.99521788 0.19001518 36.14012659
  jla_mock 0.023552 35.22182168 0.17819828 35.14190296
  jla_mock 0.017483 34.66060929 0.19211831 34.48507280
  jla_mock 0.040259 36.28197469 0.17447686 36.33251957
  jla_mock 0.030381 35.89317869 0.20408145 35.70566190
  jla_mock 0.015504 34.05605282 0.20027602 34.22100552
  jla_mock 0.014151 34.10754887 0.18788306 34.02052423
  jla_mock 0.015487 34.17717593 0.18431337 34.21859562
  jla_mock 0.015554 34.49331765 0.19852180 34.22807833
  jla_mock 0.037075 36.03246956 0.15485493 36.14862211
  jla_mock 0.015482 34.35367351 0.20249750 34.21788633
  jla_mock 0.013324 34.05889328 0.18643777 33.88841558
  jla_mock 0.014575 34.20618216 0.20791179 34.08532079
  jla_mock 0.015791 34.28458121 0.19846605 34.26130051
  jla_mock 0.024746 35.41998327 0.17954713 35.25120075
  jla_mock 0.027748 35.74771407 0.17503344 35.50462544
  jla_mock 0.010888 33.31893268 0.25477943 33.44600638
  jla_mock 0.013652 33.98538247 0.18670962 33.94175799
  jla_mock 0.035755 36.12363543 0.16295663 36.06782528
  jla_mock 0.024725 35.48171099 0.17710562 35.24932362
  jla_mock 0.038086 36.18371648 0.17051564 36.20862960
  jla_mock 0.021541 35.00576303 0.17711857 34.94486566
  jla_mock 0.019581 34.76996043 0.17898631 34.73455541
  jla_mock 0.030416 35.79017221 0.17571774 35.70821759
  jla_mock 0.039219 36.45794482 0.17021381 36.27406046
  jla_mock 0.034971 35.93488064 0.15987848 36.01844730
  jla_mock 0.028561 35.51881719 0.17650121 35.56862791
  jla_mock 0.020997 34.89163737 0.18822756 34.88844780
  jla_mock 0.032538 35.89111741 0.18232286 35.85802163
  jla_mock 0.015469 34.22272543 0.19318910 34.21604112
  jla_mock 0.015678 34.58920134 0.20747940 34.24552235
  jla_mock 0.027499 35.53142534 0.15598630 35.48465493
  jla_mock 0.046856 36.88813642 0.17134850 36.67229170
  jla_mock 0.033173 35.69911278 0.18295753 35.90099459
  jla_mock 0.010291 33.54585655 0.23549671 33.32257649
  jla_mock 0.080103 37.74848307 0.17116407 37.88693845
  jla_mock 0.012317 33.71840100 0.20020781 33.71612539
  jla_mock 0.024586 35.07294057 0.20631378 35.23685912
  jla_mock 0.014467 34.17984780 0.20827809 34.06899482
  jla_mock 0.015154 33.97867539 0.18399751 34.17085499
  jla_mock 0.029086 35.49033975 0.17337203 35.60901553
  jla_mock 0.034781 35.93965385 0.17928903 36.00631801
  jla_mock 0.044920 36.50086054 0.14070569 36.57766347
  jla_mock 0.034074 35.89657193 0.16958177 35.96060864
  jla_mock 0.074870 37.65323112 0.14386215 37.73248819
  jla_mock 0.014960 34.27941876 0.19782876 34.14256149
  jla_mock 0.020396 34.92023437 0.17103812 34.82441926
  jla_mock 0.040689 36.21169532 0.17468105 36.35626161
  jla_mock 0.026567 35.42304159 0.18033141 35.40829726
  jla_mock 0.026881 35.46972442 0.15330990 35.43431258
  jla_mock 0.023471 34.91350583 0.17597781 35.13429215
  jla_mock 0.069122 37.53505633 0.19117659 37.55045468
  jla_mock 0.065193 37.25445125 0.15879632 37.41747470
  jla_mock 0.022980 35.19453773 0.17790505 35.08759706
  jla_mock 0.017387 34.29863695 0.19829162 34.47296098
  jla_mock 0.031485 35.67951479 0.15108749 35.78491972
  jla_mock 0.011184 33.75429020 0.19447979 33.50473574
  jla_mock 0.021956 34.98152450 0.17567209 34.98696935
  jla_mock 0.031484 35.76912943 0.15080691 35.78484917
  jla_mock 0.023321 34.65118216 0.20285194 35.12012958
  jla_mock 0.020390 34.59820568 0.18300723 34.82377071
  jla_mock 0.022466 34.97934132 0.18140785 35.03765097
  jla_mock 0.033614 36.00076204 0.18044129 35.93036816
  jla_mock 0.036969 36.27835014 0.17916902 36.14223835
  jla_mock 0.022629 35.18237289 0.18007478 35.05361062
  jla_mock 0.014700 34.10523883 0.18462322 34.10406779
  jla_mock 0.036950 36.19401663 0.14876338 36.14109221
  jla_mock 0.060959 37.27820040 0.12531329 37.26525946
  jla_mock 0.059289 37.03562771 0.12135718 37.20240586
  jla_mock 0.069751 37.50104349 0.15873536 37.57106733
  jla_mock 0.029526 35.59015213 0.17470465 35.64231764
  jla_mock 0.033255 35.97010448 0.17565362 35.90648512
  jla_mock 0.024159 34.95726339 0.18124182 35.19813107
  jla_mock 0.015999 34.06440796 0.19155982 34.29005387
  jla_mock 0.062961 37.45485237 0.16530929 37.33845928
  jla_mock 0.021706 35.01742815 0.19186355 34.96170055
  jla_mock 0.031638 35.72991667 0.18943844 35.79568859
  jla_mock 0.018599 34.72278920 0.17304818 34.62124460
  jla_mock 0.027064 35.28712428 0.17332763 35.44933715
  jla_mock 0.025468 35.25691058 0.18469991 35.31480424
  jla_mock 0.023810 35.57596197 0.19336693 35.16597435
  jla_mock 0.023867 35.16918395 0.18298494 35.17125784
  jla_mock 0.022068 35.04236501 0.16678206 34.99819802
