jla_mock     0.50308   42.47487    0.14571   42.35104
jla_mock     0.58072   42.74418    0.16123   42.72544
jla_mock     0.49479   42.16437    0.12071   42.30792
jla_mock     0.34593   41.76884    0.13253   41.39128
jla_mock     0.67766   43.65667    0.22872   43.13160
jla_mock     0.61071   43.03742    0.22549   42.85755
jla_mock     0.86649   44.03030    0.25803   43.78400
jla_mock     0.33093   41.27856    0.12801   41.27950
jla_mock     0.79857   44.21362    0.25920   43.56670
jla_mock     0.44956   42.19967    0.16140   42.06004
jla_mock     0.37144   41.67042    0.14922   41.57158
jla_mock     0.29172   41.02672    0.14231   40.96351
jla_mock     0.35582   41.60561    0.14101   41.46259
jla_mock     0.46127   42.21758    0.15587   42.12638
jla_mock     0.28361   40.95652    0.13056   40.89333
jla_mock     0.63223   43.00537    0.22183   42.94863
jla_mock     0.46641   42.33044    0.17244   42.15500
jla_mock     0.26862   40.73826    0.12820   40.75859
jla_mock     0.94689   44.34672    0.29225   44.02068
jla_mock     0.92492   44.04317    0.31213   43.95801
jla_mock     0.69317   43.37367    0.29243   43.19137
jla_mock     0.62523   43.57335    0.19089   42.91933
jla_mock     0.89694   43.77295    0.26745   43.87607
jla_mock     0.60826   42.89824    0.15987   42.84699
jla_mock     0.78905   43.43130    0.26933   43.53485
jla_mock     0.57829   42.68252    0.14638   42.71445
jla_mock     0.59028   42.95065    0.18967   42.76823
jla_mock     0.71963   43.43256    0.25305   43.29050
jla_mock     0.21003   40.31367    0.13132   40.15509
jla_mock     0.76659   43.26039    0.22577   43.45813
jla_mock     0.85851   43.91417    0.22290   43.75934
jla_mock     0.36790   41.61164    0.09931   41.54727
jla_mock     0.55875   42.51484    0.15678   42.62447
jla_mock     0.84851   43.63762    0.21739   43.72812
jla_mock     0.99639   44.01145    0.24266   44.15679
jla_mock     0.77659   43.84049    0.26449   43.49256
jla_mock     0.58293   42.62009    0.13307   42.73539
jla_mock     0.58374   42.83671    0.16753   42.73903
jla_mock     0.79655   43.50557    0.22888   43.55998
jla_mock     0.58872   42.78470    0.15579   42.76129
jla_mock     0.91347   44.09543    0.24294   43.92478
jla_mock     0.76859   44.15187    0.23905   43.46504
jla_mock     0.94846   44.36024    0.26528   44.02509
jla_mock     0.51379   42.61983    0.15288   42.40578
jla_mock     0.73361   43.49565    0.19294   43.34148
jla_mock     0.63770   42.84350    0.27011   42.97130
jla_mock     0.76559   43.35894    0.21114   43.45466
jla_mock     0.43486   42.11653    0.15773   41.97447
jla_mock     0.98341   44.49383    0.25880   44.12175
jla_mock     0.58374   43.07842    0.16233   42.73903
jla_mock     0.70063   43.25646    0.21687   43.21970
jla_mock     0.66206   43.32290    0.21295   43.07010
jla_mock     0.83813   44.15565    0.28077   43.69533
jla_mock     0.62187   43.02037    0.17547   42.90516
jla_mock     0.37059   41.60854    0.14292   41.56572
jla_mock     0.41663   41.98790    0.13815   41.86455
jla_mock     0.35857   41.39035    0.10704   41.48209
jla_mock     0.45168   42.47385    0.15279   42.07216
jla_mock     0.52276   42.51878    0.16113   42.45081
jla_mock     0.73400   43.60907    0.30409   43.34288
jla_mock     0.70196   43.40187    0.31177   43.22473
jla_mock     0.74201   43.56323    0.29013   43.37166
jla_mock     0.74612   43.49400    0.21822   43.38631
jla_mock     0.34956   41.58685    0.13473   41.41768
jla_mock     0.59183   42.93241    0.15357   42.77513
jla_mock     0.51475   42.45263    0.15561   42.41060
jla_mock     0.62063   42.88730    0.18447   42.89990
jla_mock     0.64365   42.81601    0.24392   42.99574
jla_mock     1.00280   43.91973    0.33217   44.17391
jla_mock     0.47059   42.28484    0.14421   42.17801
jla_mock     0.61064   42.75007    0.15878   42.85725
jla_mock     0.26349   40.94555    0.12805   40.71081
jla_mock     0.35834   41.62114    0.12919   41.48044
jla_mock     0.74270   43.47663    0.25909   43.37412
jla_mock     0.45156   41.91852    0.11539   42.07145
jla_mock     0.91075   43.90340    0.26165   43.91682
jla_mock     0.55261   42.60594    0.15821   42.59559
jla_mock     0.33753   41.18801    0.12813   41.32927
jla_mock     0.75068   43.36967    0.24281   43.40248
jla_mock     0.98378   44.54816    0.34665   44.12275
jla_mock     0.82270   43.73890    0.22176   43.64588
jla_mock     0.81370   43.64698    0.24257   43.61661
jla_mock     0.95076   43.88005    0.26473   44.03158
jla_mock     0.81773   43.61844    0.24643   43.62977
jla_mock     0.34052   41.27294    0.12574   41.35149
jla_mock     0.96075   43.92214    0.28766   44.05949
jla_mock     0.81072   44.04371    0.27276   43.60686
jla_mock     0.75669   43.42482    0.24755   43.42362
jla_mock     0.61125   43.07954    0.18573   42.85987
jla_mock     0.87797   44.06545    0.22379   43.81907
jla_mock     0.54832   42.41435    0.14258   42.57529
jla_mock     0.80903   43.62882    0.23222   43.60132
jla_mock     1.02880   44.89372    0.28337   44.24234
jla_mock     0.62724   42.79446    0.17555   42.92776
jla_mock     0.42245   42.09559    0.15607   41.90012
jla_mock     0.93390   43.90235    0.35000   43.98380
jla_mock     0.70116   43.03897    0.22741   43.22169
jla_mock     0.69716   43.13277    0.20952   43.20658
jla_mock     0.68518   42.73254    0.27044   43.16074
jla_mock     0.76707   43.42915    0.25234   43.45981
jla_mock     0.93190   44.07605    0.25137   43.97808
jla_mock     0.86398   43.82333    0.24510   43.77625
jla_mock     0.74910   43.51084    0.22590   43.39689
jla_mock     0.51435   42.50685    0.15357   42.40861
jla_mock     0.46841   42.14556    0.11440   42.16601
jla_mock     0.47040   42.09498    0.15655   42.17698
jla_mock     0.95887   44.44807    0.27681   44.05426
jla_mock     0.92791   43.74129    0.29724   43.96663
jla_mock     0.84052   43.72733    0.21913   43.70293
jla_mock     0.63070   43.00154    0.17083   42.94224
jla_mock     0.56275   42.76345    0.14441   42.64315
jla_mock     0.61570   43.02134    0.16969   42.87892
jla_mock     0.82853   43.85007    0.22446   43.66467
jla_mock     0.56474   42.71643    0.16043   42.65238
jla_mock     0.57874   42.68135    0.14758   42.71650
jla_mock     0.55774   42.86145    0.15832   42.61978
jla_mock     0.86450   43.60242    0.22870   43.77785
jla_mock     0.73561   43.07724    0.23469   43.34870
jla_mock     0.85851   43.88189    0.28337   43.75932
jla_mock     0.26198   40.76486    0.10443   40.69667
jla_mock     0.58574   42.80527    0.18661   42.74800
jla_mock     0.76158   43.47115    0.21599   43.44073
jla_mock     0.48880   42.07845    0.11155   42.27631
jla_mock     0.85852   43.79734    0.27431   43.75935
jla_mock     0.68866   43.07835    0.18053   43.17412
jla_mock     0.55874   42.75094    0.15492   42.62446
jla_mock     0.32453   41.43421    0.12602   41.23036
jla_mock     0.48070   42.05786    0.10839   42.23305
jla_mock     0.18537   39.86395    0.13096   39.85305
jla_mock     0.92222   43.62367    0.33855   43.95022
jla_mock     0.68194   42.87223    0.19640   43.14823
jla_mock     0.47571   42.13418    0.10811   42.20600
jla_mock     0.92221   44.40454    0.27644   43.95018
jla_mock     0.89318   43.75498    0.25783   43.86487
jla_mock     0.42865   42.08372    0.14144   41.93748
jla_mock     0.63188   43.16836    0.23474   42.94717
jla_mock     0.69996   43.03758    0.25835   43.21717
jla_mock     0.73601   43.17174    0.26469   43.35013
jla_mock     0.57582   42.84774    0.15954   42.70324
jla_mock     0.41863   41.78442    0.10652   41.87683
jla_mock     0.51175   42.50715    0.12001   42.39540
jla_mock     0.53577   42.67041    0.12653   42.51485
jla_mock     0.64189   43.02504    0.21547   42.98856
jla_mock     0.73500   43.20113    0.22720   43.34649
jla_mock     0.35156   41.67926    0.13079   41.43211
jla_mock     0.60986   42.80021    0.17401   42.85388
jla_mock     0.34956   41.46607    0.13437   41.41766
jla_mock     0.70197   43.36137    0.18820   43.22475
jla_mock     0.35526   41.51231    0.10428   41.45861
jla_mock     0.98328   44.60780    0.25757   44.12140
jla_mock     0.87215   43.67191    0.26598   43.80134
jla_mock     0.75903   43.49066    0.20819   43.43183
jla_mock     0.92622   43.65795    0.24599   43.96176
jla_mock     0.64364   42.97756    0.22846   42.99573
jla_mock     0.41957   41.98311    0.13773   41.88255
jla_mock     0.51559   42.67730    0.20314   42.41484
jla_mock     0.89073   43.80197    0.21058   43.85753
jla_mock     0.80570   43.79293    0.22987   43.59033
jla_mock     0.48057   42.04430    0.10875   42.23231
jla_mock     0.80070   43.56153    0.24546   43.57378
jla_mock     0.58060   42.74637    0.18881   42.72490
jla_mock     0.71565   43.47297    0.24397   43.27584
jla_mock     0.80570   43.63061    0.23277   43.59033
jla_mock     0.76668   43.82984    0.25284   43.45846
jla_mock     0.66464   43.01884    0.19579   43.08037
jla_mock     0.90174   43.82467    0.25191   43.89028
jla_mock     0.74567   43.47447    0.21143   43.38470
jla_mock     0.71868   43.29819    0.20380   43.28702
jla_mock     0.73669   43.62651    0.19636   43.35259
jla_mock     0.57960   42.74970    0.12085   42.72037
jla_mock     0.37053   41.40177    0.10257   41.56534
jla_mock     0.96074   43.95380    0.23956   44.05946
jla_mock     0.85073   43.79652    0.21180   43.73508
jla_mock     0.64864   43.03868    0.19255   43.01611
jla_mock     0.21946   40.68931    0.13037   40.26197
jla_mock     0.93676   44.14135    0.24130   43.99195
jla_mock     0.64764   43.17643    0.17876   43.01204
jla_mock     0.46156   42.16726    0.13341   42.12800
jla_mock     0.60060   42.82873    0.17945   42.81372
jla_mock     0.67065   43.10822    0.23101   43.10415
jla_mock     0.76070   43.60803    0.20946   43.43765
jla_mock     0.24649   40.78107    0.13212   40.54638
jla_mock     0.47057   42.30557    0.14759   42.17794
jla_mock     0.16945   39.80466    0.11210   39.63766
jla_mock     0.49738   42.23517    0.12913   42.32144
jla_mock     0.63823   43.11869    0.19689   42.97350
jla_mock     0.50737   42.51829    0.14543   42.37308
jla_mock     0.53533   42.59848    0.14230   42.51269
jla_mock     0.58728   42.88451    0.16639   42.75489
jla_mock     0.77308   43.32915    0.25621   43.48052
jla_mock     0.69917   43.36858    0.22210   43.21417
jla_mock     0.37051   41.53500    0.12736   41.56520
jla_mock     0.76109   43.65480    0.22809   43.43902
jla_mock     0.69917   43.25843    0.21960   43.21418
jla_mock     0.78806   43.18052    0.19242   43.53150
jla_mock     0.37351   41.92335    0.13203   41.58571
jla_mock     0.40548   41.94135    0.13199   41.79507
jla_mock     0.85299   43.80632    0.25729   43.74216
jla_mock     0.80805   43.55232    0.24185   43.59808
jla_mock     0.60327   43.04662    0.18398   42.82536
jla_mock     0.58329   42.60345    0.17903   42.73700
jla_mock     0.53434   42.55059    0.14774   42.50785
jla_mock     0.72014   43.34949    0.24070   43.29239
jla_mock     0.40048   42.29917    0.21061   41.76340
jla_mock     0.83700   43.60542    0.21503   43.69176
jla_mock     0.37151   41.66012    0.10193   41.57203
jla_mock     0.80604   44.23528    0.25908   43.59147
jla_mock     0.84001   43.79009    0.23507   43.70129
jla_mock     0.50073   42.22583    0.12981   42.33885
jla_mock     0.53277   42.60548    0.17422   42.50018
jla_mock     0.53377   42.53502    0.18215   42.50508
jla_mock     0.93223   44.25447    0.34153   43.97902
jla_mock     0.82210   43.78308    0.25791   43.64395
jla_mock     0.55380   42.65863    0.13545   42.60122
jla_mock     0.12530   38.92003    0.13709   38.92294
jla_mock     0.84212   43.78222    0.28303   43.70800
jla_mock     0.44367   41.98812    0.15187   42.02605
jla_mock     0.72767   43.08821    0.24978   43.31996
jla_mock     0.68366   43.49644    0.41253   43.15487
jla_mock     0.44255   42.21527    0.13368   42.01954
jla_mock     0.72668   43.21364    0.20022   43.31634
jla_mock     0.28251   40.85249    0.12748   40.88366
jla_mock     0.40455   41.91880    0.12965   41.78921
jla_mock     0.51961   42.47224    0.13964   42.43507
jla_mock     0.69065   43.49249    0.23215   43.18177
jla_mock     1.06080   44.05090    0.27869   44.32423
jla_mock     0.57661   42.80290    0.15376   42.70683
jla_mock     0.26849   40.77026    0.12614   40.75735
jla_mock     0.72068   43.36532    0.25107   43.29438
jla_mock     0.25050   40.64414    0.13111   40.58606
jla_mock     0.76069   43.66380    0.27664   43.43763
jla_mock     0.69817   43.83892    0.26129   43.21038
jla_mock     0.55031   42.80571    0.16854   42.58475
jla_mock     0.73013   43.36936    0.23525   43.32888
jla_mock     0.84798   43.50350    0.24703   43.72647
jla_mock     0.99783   44.47561    0.24706   44.16064
jla_mock     0.43545   42.02907    0.13052   41.97792
jla_mock     0.40947   41.68405    0.12922   41.82014
jla_mock     0.30159   41.05034    0.12599   41.04659
jla_mock     1.29911   44.99076    0.19341   44.86622
jla_mock     1.02081   44.40026    0.23668   44.22149
jla_mock     0.83973   43.78279    0.19265   43.70043
jla_mock     1.12085   44.37556    0.20807   44.47149
jla_mock     1.23089   45.29638    0.23900   44.72199
jla_mock     0.97423   43.95098    0.18427   44.09670
jla_mock     0.97078   44.05134    0.33863   44.08723
jla_mock     0.06423   37.69562    0.15073   37.38367
jla_mock     0.12903   39.09024    0.16417   38.99182
jla_mock     0.10289   38.54918    0.14984   38.46361
jla_mock     0.04413   36.47166    0.17360   36.53791
jla_mock     0.11304   38.84691    0.15277   38.68229
jla_mock     0.25611   40.52997    0.20496   40.64067
jla_mock     0.38026   41.89518    0.28703   41.63124
jla_mock     0.14547   39.19014    0.16219   39.27457
jla_mock     0.08889   38.42721    0.14637   38.12583
jla_mock     0.26059   41.11486    0.18294   40.68349
jla_mock     0.07891   38.02715    0.15603   37.85259
jla_mock     0.08304   37.88143    0.15332   37.96945
jla_mock     0.16565   39.66475    0.13854   39.58339
jla_mock     0.16817   39.88862    0.16196   39.61946
jla_mock     0.17063   39.55047    0.16521   39.65419
jla_mock     0.17028   39.93231    0.17036   39.64928
jla_mock     0.12044   39.02388    0.15110   38.83033
jla_mock     0.27653   40.52266    0.21444   40.83051
jla_mock     0.23160   40.44869    0.18253   40.39347
jla_mock     0.30569   41.29117    0.26735   41.08035
jla_mock     0.07997   38.12963    0.16566   37.88313
jla_mock     0.17415   39.66433    0.15831   39.70309
jla_mock     0.13868   39.55727    0.16605   39.16161
jla_mock     0.14607   39.39080    0.16392   39.28432
jla_mock     0.08133   38.04341    0.14393   37.92176
jla_mock     0.23380   40.32129    0.17178   40.41662
jla_mock     0.25655   40.67542    0.17733   40.64491
jla_mock     0.24562   40.64676    0.20041   40.53766
jla_mock     0.12593   38.92419    0.19133   38.93474
jla_mock     0.22351   40.40994    0.21583   40.30655
jla_mock     0.10264   38.52935    0.14664   38.45798
jla_mock     0.11967   38.96976    0.14567   38.81533
jla_mock     0.18055   40.19968    0.16851   39.78968
jla_mock     0.19709   40.23685    0.17390   40.00094
jla_mock     0.22916   40.42841    0.19939   40.36755
jla_mock     0.26451   40.70938    0.19876   40.72040
jla_mock     0.10337   38.53325    0.12264   38.47441
jla_mock     0.36441   41.79918    0.23043   41.52305
jla_mock     0.20560   39.92068    0.15584   40.10331
jla_mock     0.17981   40.06542    0.19620   39.77982
jla_mock     0.19959   40.11642    0.18224   40.03143
jla_mock     0.15653   39.51115    0.15013   39.44844
jla_mock     0.16180   39.45216    0.14761   39.52729
jla_mock     0.20953   40.29635    0.20608   40.14927
jla_mock     0.24179   40.99962    0.19813   40.49904
jla_mock     0.23646   40.61721    0.16266   40.44434
jla_mock     0.22668   40.57035    0.21051   40.34095
jla_mock     0.29678   41.09169    0.19716   41.00643
jla_mock     0.20852   40.07522    0.16317   40.13754
jla_mock     0.25104   40.99097    0.22086   40.59138
jla_mock     0.25012   40.73650    0.17967   40.58234
jla_mock     0.11771   38.86956    0.14551   38.77674
jla_mock     0.21971   40.02490    0.16999   40.26472
jla_mock     0.14901   39.37939    0.14890   39.33153
jla_mock     0.28742   40.88693    0.18840   40.92654
jla_mock     0.14360   39.50659    0.16640   39.24396
jla_mock     0.32837   41.03282    0.19601   41.25993
jla_mock     0.24625   40.57014    0.16507   40.54396
jla_mock     0.11966   38.84670    0.15027   38.81514
jla_mock     0.32838   41.62142    0.27642   41.26001
jla_mock     0.21513   40.02630    0.18367   40.21341
jla_mock     0.14478   39.31563    0.13617   39.26332
jla_mock     0.13243   39.33577    0.12839   39.05296
jla_mock     0.21082   40.47973    0.16235   40.16418
jla_mock     0.20399   40.20641    0.15781   40.08425
jla_mock     0.27952   40.62244    0.16701   40.85722
jla_mock     0.04428   36.99616    0.15510   36.54551
jla_mock     0.18037   40.00738    0.15078   39.78729
jla_mock     0.26070   40.47658    0.18972   40.68453
jla_mock     0.05654   37.30157    0.18697   37.09513
jla_mock     0.21260   40.06630    0.19195   40.18462
jla_mock     0.36941   41.95324    0.23700   41.55764
jla_mock     0.17386   39.63294    0.13052   39.69910
jla_mock     0.14265   39.51812    0.16863   39.22827
jla_mock     0.17789   40.02766    0.17323   39.75404
jla_mock     0.32837   41.38572    0.20656   41.25993
jla_mock     0.25351   40.80429    0.19561   40.61551
jla_mock     0.30001   41.28544    0.19320   41.03346
jla_mock     0.10589   38.92345    0.14608   38.53030
jla_mock     0.22328   40.46641    0.16844   40.30404
jla_mock     0.11845   38.81539    0.12252   38.79138
jla_mock     0.17653   39.76624    0.17119   39.73563
jla_mock     0.18280   40.17954    0.18907   39.81945
jla_mock     0.29762   40.76825    0.22708   41.01348
jla_mock     0.19699   40.07875    0.16337   39.99971
jla_mock     0.15295   39.40630    0.14755   39.39345
jla_mock     0.24850   40.73291    0.17448   40.56634
jla_mock     0.13818   39.41339    0.12409   39.15309
jla_mock     0.20704   39.77517    0.17045   40.12025
jla_mock     0.21468   40.30606    0.18060   40.20831
jla_mock     0.30632   41.24872    0.21503   41.08550
jla_mock     0.24695   40.85260    0.17120   40.55095
jla_mock     0.19801   39.96768    0.14490   40.01220
jla_mock     0.22256   40.23908    0.15195   40.29616
jla_mock     0.13508   39.17862    0.15131   39.09960
jla_mock     0.21054   40.25708    0.18261   40.16096
jla_mock     0.27258   41.12661    0.16911   40.79482
jla_mock     0.24660   40.71490    0.16169   40.54746
jla_mock     0.22068   40.56297    0.19429   40.27546
jla_mock     0.27447   40.96404    0.19147   40.81196
jla_mock     0.17656   39.80522    0.15540   39.73604
jla_mock     0.31088   41.49793    0.22016   41.12250
jla_mock     0.18435   39.76875    0.17308   39.83976
jla_mock     0.15935   39.85355    0.14827   39.49093
jla_mock     0.21976   40.58800    0.16605   40.26527
jla_mock     0.25205   40.45424    0.18410   40.60127
jla_mock     0.18122   39.99212    0.14940   39.79858
jla_mock     0.17373   39.69576    0.13336   39.69730
jla_mock     0.38047   42.05526    0.24246   41.63265
jla_mock     0.17865   40.26037    0.17172   39.76428
jla_mock     0.24568   40.98766    0.18910   40.53826
jla_mock     0.20910   40.50855    0.16102   40.14428
jla_mock     0.24947   41.02544    0.20971   40.57593
jla_mock     0.13392   39.24793    0.16606   39.07929
jla_mock     0.17706   39.72928    0.16040   39.74282
jla_mock     0.28111   41.05182    0.18775   40.87131
jla_mock     0.17383   39.79341    0.15187   39.69868
jla_mock     0.19654   39.92800    0.16513   39.99418
jla_mock     0.36397   41.31182    0.22725   41.51999
jla_mock     0.37835   41.26432    0.26733   41.61843
jla_mock     0.31646   41.53312    0.21039   41.16711
jla_mock     0.18322   39.92250    0.13519   39.82497
jla_mock     0.24102   40.51957    0.16774   40.49121
jla_mock     0.20203   40.19420    0.19953   40.06085
jla_mock     0.16869   39.86228    0.16512   39.62684
jla_mock     0.19794   40.02529    0.17492   40.01135
jla_mock     0.12276   38.83260    0.14575   38.87499
jla_mock     0.20318   39.98056    0.16105   40.07461
jla_mock     0.12739   39.00903    0.14896   38.96178
jla_mock     0.27549   41.30703    0.19973   40.82116
jla_mock     0.14468   39.50880    0.14722   39.26169
jla_mock     0.33436   41.51071    0.24978   41.30545
jla_mock     0.19580   40.21078    0.15393   39.98507
jla_mock     0.19392   39.88186    0.16375   39.96176
jla_mock     0.24973   40.64505    0.18581   40.57850
jla_mock     0.14860   39.35484    0.14880   39.32499
jla_mock     0.15596   39.26504    0.14872   39.43976
jla_mock     0.09582   38.35539    0.15035   38.29889
jla_mock     0.15065   39.40425    0.15873   39.35748
jla_mock     0.30933   41.19554    0.24716   41.10998
jla_mock     0.24857   40.61283    0.17340   40.56704
jla_mock     0.36554   41.50673    0.24312   41.53091
jla_mock     0.11771   38.77529    0.12848   38.77674
jla_mock     0.19176   40.08799    0.14428   39.93472
jla_mock     0.18255   40.09243    0.16171   39.81616
jla_mock     0.23472   40.31257    0.18445   40.42624
jla_mock     0.24647   40.62975    0.19928   40.54616
jla_mock     0.28845   41.02416    0.18873   40.93544
jla_mock     0.20960   40.03681    0.19927   40.15008
jla_mock     0.19198   40.10557    0.17965   39.93748
jla_mock     0.11402   38.71497    0.12215   38.70241
jla_mock     0.11389   39.27349    0.18397   38.69975
jla_mock     0.19880   40.05549    0.20967   40.02183
jla_mock     0.22058   39.94664    0.22796   40.27436
jla_mock     0.18257   39.73493    0.16454   39.81642
jla_mock     0.15895   39.68968    0.16373   39.48495
jla_mock     0.07849   38.20498    0.14912   37.84038
jla_mock     0.13864   38.95471    0.13217   39.16093
jla_mock     0.18079   39.99664    0.15446   39.79287
jla_mock     0.17757   39.83149    0.18629   39.74972
jla_mock     0.17066   39.83576    0.16102   39.65461
jla_mock     0.23381   39.94752    0.20859   40.41672
jla_mock     0.07153   37.99677    0.17411   37.62842
jla_mock     0.15463   39.76270    0.18792   39.41940
jla_mock     0.09010   38.28386    0.15951   38.15695
jla_mock     0.17658   39.62508    0.20449   39.73631
jla_mock     0.13045   39.09027    0.16441   39.01753
jla_mock     0.18204   40.37036    0.17167   39.80943
jla_mock     0.25617   40.77608    0.17261   40.64125
jla_mock     0.13811   39.43017    0.14854   39.15189
jla_mock     0.17070   39.90809    0.16750   39.65518
jla_mock     0.21674   39.95969    0.14793   40.23156
jla_mock     0.24555   40.44664    0.17888   40.53696
jla_mock     0.14382   39.50249    0.16710   39.24758
jla_mock     0.24862   40.82144    0.18856   40.56753
jla_mock     0.14533   39.66129    0.17139   39.27229
jla_mock     0.13588   39.23093    0.12760   39.11351
jla_mock     0.05874   37.10259    0.12754   37.18137
jla_mock     0.03652   36.26495    0.15192   36.11500
jla_mock     0.27749   41.03104    0.22703   40.83912
jla_mock     0.20515   40.11619    0.29701   40.09800
jla_mock     0.28051   40.53618    0.20079   40.86600
jla_mock     0.19867   40.14179    0.16216   40.02025
jla_mock     0.15999   39.78587    0.15164   39.50048
jla_mock     0.21075   40.04646    0.18113   40.16338
jla_mock     0.07195   37.75748    0.17246   37.64176
jla_mock     0.23782   40.44635    0.19074   40.45841
jla_mock     0.14139   39.45023    0.17359   39.20730
jla_mock     0.15506   39.34223    0.15761   39.42600
jla_mock     0.37013   41.45159    0.22887   41.56259
jla_mock     0.09391   38.42319    0.17056   38.25241
jla_mock     0.11863   38.88476    0.17058   38.79493
jla_mock     0.15363   39.38710    0.15381   39.40398
jla_mock     0.25356   40.62495    0.16810   40.61600
jla_mock     0.10725   38.61813    0.14420   38.55994
jla_mock     0.12961   39.22425    0.15302   39.00235
jla_mock     0.26665   41.12287    0.19376   40.74033
jla_mock     0.21226   40.35253    0.16263   40.18073
jla_mock     0.27822   41.00165    0.18167   40.84564
jla_mock     0.24540   40.49487    0.16812   40.53546
jla_mock     0.13362   39.05366    0.15059   39.07401
jla_mock     0.17656   39.86848    0.16208   39.73604
jla_mock     0.11368   38.82716    0.14584   38.69545
jla_mock     0.32038   41.11299    0.26368   41.19801
jla_mock     0.11271   38.64844    0.12253   38.67548
jla_mock     0.10602   38.72553    0.14473   38.53314
jla_mock     0.39135   41.76919    0.26610   41.70449
jla_mock     0.15575   39.51200    0.14612   39.43656
jla_mock     0.18667   40.09659    0.16762   39.86986
jla_mock     0.19671   40.01394    0.16670   39.99627
jla_mock     0.19191   40.21260    0.17339   39.93660
jla_mock     0.19084   39.89844    0.15088   39.92311
jla_mock     0.17625   40.00838    0.15361   39.73182
jla_mock     0.12837   39.13161    0.15036   38.97977
jla_mock     0.12262   39.34739    0.14734   38.87232
jla_mock     0.12715   39.20926    0.14706   38.95736
jla_mock     0.21323   40.30702    0.17621   40.19182
jla_mock     0.21861   40.40761    0.18110   40.25249
jla_mock     0.26856   41.06389    0.19152   40.75800
jla_mock     0.20466   40.07468    0.16519   40.09220
jla_mock     0.26710   40.73633    0.17378   40.74451
jla_mock     0.21757   40.49020    0.17265   40.24087
jla_mock     0.24185   40.39314    0.17151   40.49965
jla_mock     0.29350   40.84678    0.20072   40.97870
jla_mock     0.35346   41.39355    0.23114   41.44575
jla_mock     0.18563   39.91638    0.15495   39.85641
jla_mock     0.28543   41.21395    0.19928   40.90924
jla_mock     0.19494   40.15312    0.16836   39.97443
jla_mock     0.07592   38.02305    0.14500   37.76429
jla_mock     0.16357   39.78108    0.15778   39.55323
jla_mock     0.25721   40.67278    0.20821   40.65125
jla_mock     0.21955   40.22893    0.18725   40.26294
jla_mock     0.17558   39.78032    0.15163   39.72269
jla_mock     0.22667   40.58388    0.18608   40.34084
jla_mock     0.15322   39.33872    0.15082   39.39764
jla_mock     0.21025   40.55994    0.19550   40.15761
jla_mock     0.12164   38.89331    0.12361   38.85353
jla_mock     0.29135   41.03742    0.19905   40.96037
jla_mock     0.29448   41.19924    0.27860   40.98701
jla_mock     0.16455   39.41753    0.12599   39.56749
jla_mock     0.30702   41.21162    0.20907   41.09122
jla_mock     0.19863   39.83032    0.16158   40.01976
jla_mock     0.26821   40.99558    0.21540   40.75477
jla_mock     0.40128   42.11902    0.24823   41.76846
jla_mock     0.13668   39.36619    0.15334   39.12735
jla_mock     0.29542   40.57757    0.24720   40.99496
jla_mock     0.29192   41.32522    0.19220   40.96524
jla_mock     0.09007   38.27858    0.12097   38.15619
jla_mock     0.20557   40.18595    0.18293   40.10296
jla_mock     0.14582   39.11128    0.14935   39.28026
jla_mock     0.11767   39.03964    0.14487   38.77595
jla_mock     0.05499   37.11722    0.14998   37.03240
jla_mock     0.17420   39.76613    0.15143   39.70378
jla_mock     0.24495   40.54263    0.18021   40.53095
jla_mock     0.22452   40.19090    0.18250   40.31756
jla_mock     0.24558   40.60113    0.16228   40.53726
jla_mock     0.28351   40.92234    0.21250   40.89245
jla_mock     0.18056   39.90396    0.17619   39.78982
jla_mock     0.10391   38.75205    0.12352   38.48649
jla_mock     0.12961   38.81789    0.15327   39.00235
jla_mock     0.24352   40.65613    0.16046   40.51656
jla_mock     0.33136   41.30841    0.26935   41.28275
jla_mock     0.24348   40.98738    0.19048   40.51615
jla_mock     0.31468   41.30656    0.17578   41.15296
jla_mock     0.21865   40.47295    0.18935   40.25293
jla_mock     0.26014   40.55887    0.21926   40.67922
jla_mock     0.28243   40.89679    0.19831   40.88296
jla_mock     0.30041   41.08552    0.20582   41.03679
jla_mock     0.15186   39.59200    0.14864   39.37647
jla_mock     0.26357   40.95156    0.18937   40.71159
jla_mock     0.21382   40.06960    0.20621   40.19854
jla_mock     0.16284   39.23823    0.16762   39.54256
jla_mock     0.12440   38.93469    0.17141   38.90608
jla_mock     0.19465   39.52150    0.13939   39.97083
jla_mock     0.20554   40.27022    0.18299   40.10260
jla_mock     0.10667   38.74856    0.14589   38.54734
jla_mock     0.18772   39.88295    0.18725   39.88338
jla_mock     0.16387   39.67335    0.15682   39.55760
jla_mock     0.29021   40.89298    0.19470   40.95060
jla_mock     0.09401   38.09526    0.12498   38.25487
jla_mock     0.22786   40.66938    0.18010   40.35364
jla_mock     0.10751   38.67335    0.14765   38.56556
jla_mock     0.31065   41.52848    0.22259   41.12065
jla_mock     0.14564   39.20584    0.15576   39.27734
jla_mock     0.08784   38.04998    0.12610   38.09850
jla_mock     0.14839   39.55839    0.15573   39.32164
jla_mock     0.28662   41.12669    0.19366   40.91960
jla_mock     0.12281   39.26636    0.13329   38.87594
jla_mock     0.18655   40.23661    0.20280   39.86832
jla_mock     0.12893   39.18538    0.15504   38.99000
jla_mock     0.19422   40.28288    0.16864   39.96549
jla_mock     0.14800   39.44672    0.14676   39.31541
jla_mock     0.21179   40.33973    0.22866   40.17534
jla_mock     0.17962   39.75615    0.17351   39.77728
jla_mock     0.26349   40.95848    0.18130   40.71084
jla_mock     0.19215   40.06948    0.15957   39.93962
jla_mock     0.33880   41.76754    0.22988   41.33871
jla_mock     0.11741   38.86604    0.14767   38.77078
jla_mock     0.14310   39.32570    0.16842   39.23571
jla_mock     0.16035   39.63653    0.13218   39.50583
jla_mock     0.28872   41.17023    0.21130   40.93777
jla_mock     0.12303   39.12604    0.15465   38.88013
jla_mock     0.26405   40.57293    0.18534   40.71609
jla_mock     0.12608   39.14366    0.17183   38.93753
jla_mock     0.17374   39.84662    0.14981   39.69744
jla_mock     0.16440   39.65284    0.14973   39.56531
jla_mock     0.24961   40.77259    0.16242   40.57731
jla_mock     0.15999   39.80098    0.15137   39.50048
jla_mock     0.24448   40.61073    0.15150   40.52623
jla_mock     0.24851   40.74735    0.17708   40.56644
jla_mock     0.22893   40.41034    0.16848   40.36509
jla_mock     0.08528   38.13361    0.14385   38.03054
jla_mock     0.06282   37.55953    0.14855   37.33331
jla_mock     0.27745   40.89215    0.23370   40.83876
jla_mock     0.27544   40.80436    0.21508   40.82071
jla_mock     0.33051   41.08216    0.21088   41.27628
jla_mock     0.36193   41.78946    0.24565   41.50573
jla_mock     0.33103   41.31111    0.21801   41.28024
jla_mock     0.16050   39.50712    0.12715   39.50806
jla_mock     0.30021   40.96717    0.20430   41.03513
jla_mock     0.11635   38.62824    0.12231   38.74960
jla_mock     0.21829   40.19280    0.16062   40.24892
jla_mock     0.11967   38.86252    0.12046   38.81533
jla_mock     0.15473   39.40123    0.12395   39.42094
jla_mock     0.17810   39.77241    0.16563   39.75688
jla_mock     0.25037   40.62705    0.16561   40.58480
jla_mock     0.25174   40.46988    0.14466   40.59824
jla_mock     0.12953   39.02400    0.14519   39.00090
jla_mock     0.30929   41.26487    0.18811   41.10966
jla_mock     0.27852   41.06930    0.17882   40.84832
jla_mock     0.18581   39.95510    0.13606   39.85875
jla_mock     0.06651   37.43978    0.17228   37.46289
jla_mock     0.25800   40.81879    0.18757   40.65882
jla_mock     0.29888   40.81500    0.21609   41.02403
jla_mock     0.27044   40.95797    0.22437   40.77528
jla_mock     0.27916   40.88238    0.17184   40.85402
jla_mock     0.29287   40.90966    0.21554   40.97334
jla_mock     0.18965   39.98338    0.15711   39.90803
jla_mock     0.26576   40.45525    0.19291   40.73206
jla_mock     0.12376   39.27595    0.14509   38.89399
jla_mock     0.18255   39.83062    0.14972   39.81616
jla_mock     0.05634   37.15270    0.14895   37.08713
jla_mock     0.31288   41.16052    0.18264   41.13858
jla_mock     0.30915   41.08287    0.22329   41.10853
jla_mock     0.20061   40.04459    0.15588   40.04377
jla_mock     0.32640   41.41890    0.20549   41.24480
jla_mock     0.21163   40.13042    0.13899   40.17351
jla_mock     0.17969   39.88930    0.15636   39.77821
jla_mock     0.30240   40.91284    0.19662   41.05329
jla_mock     0.10924   38.56662    0.14870   38.60268
jla_mock     0.08522   38.17516    0.15002   38.02892
jla_mock     0.20231   39.95850    0.16132   40.06421
jla_mock     0.12649   38.98114    0.15585   38.94515
jla_mock     0.21457   40.06341    0.16813   40.20706
jla_mock     0.32045   41.00279    0.19169   41.19856
jla_mock     0.21835   40.24370    0.17273   40.24959
jla_mock     0.19010   40.13070    0.15982   39.91374
jla_mock     0.09243   38.31123    0.15614   38.21577
jla_mock     0.37986   41.72960    0.18489   41.62856
jla_mock     0.21134   40.54592    0.16608   40.17017
jla_mock     0.25833   40.48978    0.18012   40.66198
jla_mock     0.18327   39.97723    0.16856   39.82563
jla_mock     0.21295   40.48832    0.17785   40.18862
jla_mock     0.11651   38.87050    0.15544   38.75281
jla_mock     0.14401   39.30555    0.17186   39.25071
jla_mock     0.25249   40.40966    0.18600   40.60557
jla_mock     0.25539   40.75538    0.21320   40.63373
jla_mock     0.21698   40.13114    0.18861   40.23425
jla_mock     1.26590   44.69078    0.22380   44.79699
jla_mock     0.93577   44.16225    0.22959   43.98915
jla_mock     0.04952   37.06233    0.20229   36.79644
jla_mock     0.03033   36.04674    0.18208   35.70157
jla_mock     0.07458   37.46768    0.21873   37.72360
jla_mock     0.02520   35.18245    0.22034   35.29123
jla_mock     0.01441   34.30259    0.20528   34.06048
jla_mock     0.02079   35.07079    0.19750   34.86681
jla_mock     0.03522   36.10791    0.20378   36.03412
jla_mock     0.04166   36.44678    0.21523   36.40883
jla_mock     0.04240   36.39116    0.20619   36.44838
jla_mock     0.01890   34.89575    0.18362   34.65682
jla_mock     0.07884   38.01727    0.21534   37.85056
jla_mock     0.06334   37.53932    0.20759   37.35224
jla_mock     0.02764   35.77656    0.23142   35.49574
jla_mock     0.04933   36.94354    0.21068   36.78762
jla_mock     0.07015   37.59581    0.22041   37.58415
jla_mock     0.02391   35.28391    0.18368   35.17514
jla_mock     0.05313   37.09666    0.22336   36.95466
jla_mock     0.02495   35.07344    0.18978   35.26944
jla_mock     0.01566   34.32392    0.20165   34.24356
jla_mock     0.04898   36.48813    0.15986   36.77203
jla_mock     0.02240   35.05587    0.18928   35.03106
jla_mock     0.03485   36.30400    0.23666   36.01099
jla_mock     0.01697   34.29883    0.20291   34.41905
jla_mock     0.03072   36.15873    0.18172   35.73037
jla_mock     0.03048   35.54099    0.18204   35.71303
jla_mock     0.01055   32.89991    0.21945   33.37697
jla_mock     0.01426   34.36471    0.17171   34.03675
jla_mock     0.02769   35.52717    0.18125   35.49983
jla_mock     0.05386   36.91638    0.15904   36.98558
jla_mock     0.01767   34.75291    0.19251   34.50873
jla_mock     0.01745   34.16974    0.17037   34.48092
jla_mock     0.01557   34.45541    0.20220   34.23076
jla_mock     0.01006   33.30337    0.23113   33.27290
jla_mock     0.05493   37.08907    0.18431   37.02998
jla_mock     0.03908   36.20526    0.16317   36.26630
jla_mock     0.07832   37.53286    0.18392   37.83534
jla_mock     0.03176   35.69564    0.15356   35.80452
jla_mock     0.01444   34.12867    0.22581   34.06489
jla_mock     0.01353   34.13214    0.22079   33.92255
jla_mock     0.02668   35.54542    0.19350   35.41745
jla_mock     0.02336   34.96663    0.17881   35.12382
jla_mock     0.03693   36.23987    0.19002   36.14013
jla_mock     0.02355   35.24856    0.17820   35.14190
jla_mock     0.01748   34.61353    0.19212   34.48507
jla_mock     0.04026   36.53136    0.17448   36.33252
jla_mock     0.03038   35.64559    0.20408   35.70566
jla_mock     0.01550   34.83742    0.20028   34.22101
jla_mock     0.01415   34.26995    0.18788   34.02052
jla_mock     0.01549   34.27419    0.18431   34.21860
jla_mock     0.01555   34.55277    0.19852   34.22808
jla_mock     0.03707   36.15083    0.15485   36.14862
jla_mock     0.01548   34.15863    0.20250   34.21789
jla_mock     0.01332   33.67789    0.18644   33.88842
jla_mock     0.01457   34.33300    0.20791   34.08532
jla_mock     0.01579   34.33950    0.19847   34.26130
jla_mock     0.02475   35.63542    0.17955   35.25120
jla_mock     0.02775   35.89644    0.17503   35.50463
jla_mock     0.01089   33.53442    0.25478   33.44601
jla_mock     0.01365   33.71970    0.18671   33.94176
jla_mock     0.03576   36.34398    0.16296   36.06783
jla_mock     0.02473   35.05415    0.17711   35.24932
jla_mock     0.03809   36.19817    0.17052   36.20863
jla_mock     0.02154   35.00060    0.17712   34.94487
jla_mock     0.01958   34.69390    0.17899   34.73456
jla_mock     0.03042   35.85334    0.17572   35.70822
jla_mock     0.03922   36.54237    0.17021   36.27406
jla_mock     0.03497   36.07354    0.15988   36.01845
jla_mock     0.02856   35.80197    0.17650   35.56863
jla_mock     0.02100   35.16744    0.18823   34.88845
jla_mock     0.03254   35.93997    0.18232   35.85802
jla_mock     0.01547   34.21320    0.19319   34.21604
jla_mock     0.01568   33.97642    0.20748   34.24552
jla_mock     0.02750   35.63541    0.15599   35.48465
jla_mock     0.04686   36.70383    0.17135   36.67229
jla_mock     0.03317   36.03846    0.18296   35.90099
jla_mock     0.01029   33.51108    0.23550   33.32258
jla_mock     0.08010   37.99298    0.17116   37.88694
jla_mock     0.01232   33.89378    0.20021   33.71613
jla_mock     0.02459   35.44474    0.20631   35.23686
jla_mock     0.01447   34.26579    0.20828   34.06899
jla_mock     0.01515   34.29210    0.18400   34.17085
jla_mock     0.02909   35.75628    0.17337   35.60902
jla_mock     0.03478   36.17506    0.17929   36.00632
jla_mock     0.04492   36.94739    0.14071   36.57766
jla_mock     0.03407   35.85840    0.16958   35.96061
jla_mock     0.07487   37.85146    0.14386   37.73249
jla_mock     0.01496   34.21144    0.19783   34.14256
jla_mock     0.02040   34.83194    0.17104   34.82442
jla_mock     0.04069   36.58163    0.17468   36.35626
jla_mock     0.02657   35.82558    0.18033   35.40830
jla_mock     0.02688   35.52962    0.15331   35.43431
jla_mock     0.02347   35.39765    0.17598   35.13429
jla_mock     0.06912   38.02135    0.19118   37.55045
jla_mock     0.06519   37.63681    0.15880   37.41747
jla_mock     0.02298   35.12731    0.17791   35.08760
jla_mock     0.01739   34.52927    0.19829   34.47296
jla_mock     0.03148   35.91869    0.15109   35.78492
jla_mock     0.01118   33.54468    0.19448   33.50474
jla_mock     0.02196   34.99918    0.17567   34.98697
jla_mock     0.03148   35.93792    0.15081   35.78485
jla_mock     0.02332   35.16544    0.20285   35.12013
jla_mock     0.02039   34.65339    0.18301   34.82377
jla_mock     0.02247   35.49825    0.18141   35.03765
jla_mock     0.03361   35.99656    0.18044   35.93037
jla_mock     0.03697   36.27563    0.17917   36.14224
jla_mock     0.02263   34.96147    0.18007   35.05361
jla_mock     0.01470   34.25082    0.18462   34.10407
jla_mock     0.03695   36.14486    0.14876   36.14109
jla_mock     0.06096   37.36253    0.12531   37.26526
jla_mock     0.05929   37.27271    0.12136   37.20241
jla_mock     0.06975   37.55571    0.15874   37.57107
jla_mock     0.02953   35.76459    0.17470   35.64232
jla_mock     0.03325   36.07815    0.17565   35.90649
jla_mock     0.02416   35.38901    0.18124   35.19813
jla_mock     0.01600   34.76496    0.19156   34.29005
jla_mock     0.06296   37.14748    0.16531   37.33846
jla_mock     0.02171   35.15915    0.19186   34.96170
jla_mock     0.03164   36.05238    0.18944   35.79569
jla_mock     0.01860   35.13633    0.17305   34.62124
jla_mock     0.02706   35.66553    0.17333   35.44934
jla_mock     0.02547   35.26057    0.18470   35.31480
jla_mock     0.02381   35.46286    0.19337   35.16597
jla_mock     0.02387   35.53145    0.18298   35.17126
jla_mock     0.02207   35.01359    0.16678   34.99820
