jla_mock     0.50308   42.13270    0.14571   42.35104
jla_mock     0.58072   42.35250    0.16123   42.72544
jla_mock     0.49479   42.40818    0.12071   42.30792
jla_mock     0.34593   41.32581    0.13253   41.39128
jla_mock     0.67766   43.16334    0.22872   43.13160
jla_mock     0.61071   42.78218    0.22549   42.85755
jla_mock     0.86649   43.70370    0.25803   43.78400
jla_mock     0.33093   41.23264    0.12801   41.27950
jla_mock     0.79857   43.36084    0.25920   43.56670
jla_mock     0.44956   42.01317    0.16140   42.06004
jla_mock     0.37144   41.81530    0.14922   41.57158
jla_mock     0.29172   41.14801    0.14231   40.96351
jla_mock     0.35582   41.54743    0.14101   41.46259
jla_mock     0.46127   42.13083    0.15587   42.12638
jla_mock     0.28361   40.95809    0.13056   40.89333
jla_mock     0.63223   42.86635    0.22183   42.94863
jla_mock     0.46641   41.92221    0.17244   42.15500
jla_mock     0.26862   40.96128    0.12820   40.75859
jla_mock     0.94689   44.11179    0.29225   44.02068
jla_mock     0.92492   43.78797    0.31213   43.95801
jla_mock     0.69317   43.27607    0.29243   43.19137
jla_mock     0.62523   42.88248    0.19089   42.91933
jla_mock     0.89694   44.09855    0.26745   43.87607
jla_mock     0.60826   42.57218    0.15987   42.84699
jla_mock     0.78905   43.47651    0.26933   43.53485
jla_mock     0.57829   42.81679    0.14638   42.71445
jla_mock     0.59028   42.91879    0.18967   42.76823
jla_mock     0.71963   43.35568    0.25305   43.29050
jla_mock     0.21003   40.21565    0.13132   40.15509
jla_mock     0.76659   43.29582    0.22577   43.45813
jla_mock     0.85851   43.74324    0.22290   43.75934
jla_mock     0.36790   41.59578    0.09931   41.54727
jla_mock     0.55875   42.42482    0.15678   42.62447
jla_mock     0.84851   43.65133    0.21739   43.72812
jla_mock     0.99639   43.83147    0.24266   44.15679
jla_mock     0.77659   43.66481    0.26449   43.49256
jla_mock     0.58293   42.61739    0.13307   42.73539
jla_mock     0.58374   42.72988    0.16753   42.73903
jla_mock     0.79655   43.31925    0.22888   43.55998
jla_mock     0.58872   42.55905    0.15579   42.76129
jla_mock     0.91347   43.60410    0.24294   43.92478
jla_mock     0.76859   43.56781    0.23905   43.46504
jla_mock     0.94846   43.89367    0.26528   44.02509
jla_mock     0.51379   42.50238    0.15288   42.40578
jla_mock     0.73361   43.40864    0.19294   43.34148
jla_mock     0.63770   43.43886    0.27011   42.97130
jla_mock     0.76559   43.65809    0.21114   43.45466
jla_mock     0.43486   41.58008    0.15773   41.97447
jla_mock     0.98341   43.98601    0.25880   44.12175
jla_mock     0.58374   42.93147    0.16233   42.73903
jla_mock     0.70063   43.19431    0.21687   43.21970
jla_mock     0.66206   42.90572    0.21295   43.07010
jla_mock     0.83813   44.40300    0.28077   43.69533
jla_mock     0.62187   42.75424    0.17547   42.90516
jla_mock     0.37059   41.68177    0.14292   41.56572
jla_mock     0.41663   42.08457    0.13815   41.86455
jla_mock     0.35857   41.53440    0.10704   41.48209
jla_mock     0.45168   42.18579    0.15279   42.07216
jla_mock     0.52276   42.40767    0.16113   42.45081
jla_mock     0.73400   43.67175    0.30409   43.34288
jla_mock     0.70196   43.70447    0.31177   43.22473
jla_mock     0.74201   43.71365    0.29013   43.37166
jla_mock     0.74612   43.22839    0.21822   43.38631
jla_mock     0.34956   41.67231    0.13473   41.41768
jla_mock     0.59183   42.70745    0.15357   42.77513
jla_mock     0.51475   42.41107    0.15561   42.41060
jla_mock     0.62063   42.68745    0.18447   42.89990
jla_mock     0.64365   42.94466    0.24392   42.99574
jla_mock     1.00280   44.33074    0.33217   44.17391
jla_mock     0.47059   42.08950    0.14421   42.17801
jla_mock     0.61064   42.93181    0.15878   42.85725
jla_mock     0.26349   40.81455    0.12805   40.71081
jla_mock     0.35834   41.40632    0.12919   41.48044
jla_mock     0.74270   43.30843    0.25909   43.37412
jla_mock     0.45156   42.10568    0.11539   42.07145
jla_mock     0.91075   43.83494    0.26165   43.91682
jla_mock     0.55261   42.50923    0.15821   42.59559
jla_mock     0.33753   41.28068    0.12813   41.32927
jla_mock     0.75068   42.85365    0.24281   43.40248
jla_mock     0.98378   43.89129    0.34665   44.12275
jla_mock     0.82270   43.48468    0.22176   43.64588
jla_mock     0.81370   43.58004    0.24257   43.61661
jla_mock     0.95076   43.89245    0.26473   44.03158
jla_mock     0.81773   43.45407    0.24643   43.62977
jla_mock     0.34052   41.31676    0.12574   41.35149
jla_mock     0.96075   44.21509    0.28766   44.05949
jla_mock     0.81072   43.93615    0.27276   43.60686
jla_mock     0.75669   43.63639    0.24755   43.42362
jla_mock     0.61125   43.09101    0.18573   42.85987
jla_mock     0.87797   43.76479    0.22379   43.81907
jla_mock     0.54832   42.78312    0.14258   42.57529
jla_mock     0.80903   43.50748    0.23222   43.60132
jla_mock     1.02880   43.97462    0.28337   44.24234
jla_mock     0.62724   43.34650    0.17555   42.92776
jla_mock     0.42245   41.71605    0.15607   41.90012
jla_mock     0.93390   44.17768    0.35000   43.98380
jla_mock     0.70116   43.35709    0.22741   43.22169
jla_mock     0.69716   43.12804    0.20952   43.20658
jla_mock     0.68518   43.33684    0.27044   43.16074
jla_mock     0.76707   43.55482    0.25234   43.45981
jla_mock     0.93190   44.01041    0.25137   43.97808
jla_mock     0.86398   44.05978    0.24510   43.77625
jla_mock     0.74910   43.24506    0.22590   43.39689
jla_mock     0.51435   42.38812    0.15357   42.40861
jla_mock     0.46841   42.15551    0.11440   42.16601
jla_mock     0.47040   42.05413    0.15655   42.17698
jla_mock     0.95887   44.17622    0.27681   44.05426
jla_mock     0.92791   43.79703    0.29724   43.96663
jla_mock     0.84052   43.62846    0.21913   43.70293
jla_mock     0.63070   42.94388    0.17083   42.94224
jla_mock     0.56275   42.67146    0.14441   42.64315
jla_mock     0.61570   42.81393    0.16969   42.87892
jla_mock     0.82853   44.14508    0.22446   43.66467
jla_mock     0.56474   42.88784    0.16043   42.65238
jla_mock     0.57874   42.44485    0.14758   42.71650
jla_mock     0.55774   42.50623    0.15832   42.61978
jla_mock     0.86450   43.60781    0.22870   43.77785
jla_mock     0.73561   43.20050    0.23469   43.34870
jla_mock     0.85851   43.64307    0.28337   43.75932
jla_mock     0.26198   40.74132    0.10443   40.69667
jla_mock     0.58574   42.85788    0.18661   42.74800
jla_mock     0.76158   43.97955    0.21599   43.44073
jla_mock     0.48880   42.38705    0.11155   42.27631
jla_mock     0.85852   43.76010    0.27431   43.75935
jla_mock     0.68866   43.07185    0.18053   43.17412
jla_mock     0.55874   42.53926    0.15492   42.62446
jla_mock     0.32453   41.23055    0.12602   41.23036
jla_mock     0.48070   42.17878    0.10839   42.23305
jla_mock     0.18537   39.80400    0.13096   39.85305
jla_mock     0.92222   44.07031    0.33855   43.95022
jla_mock     0.68194   42.79582    0.19640   43.14823
jla_mock     0.47571   42.20017    0.10811   42.20600
jla_mock     0.92221   43.75612    0.27644   43.95018
jla_mock     0.89318   43.35208    0.25783   43.86487
jla_mock     0.42865   41.79975    0.14144   41.93748
jla_mock     0.63188   43.10989    0.23474   42.94717
jla_mock     0.69996   43.19953    0.25835   43.21717
jla_mock     0.73601   42.97391    0.26469   43.35013
jla_mock     0.57582   42.71286    0.15954   42.70324
jla_mock     0.41863   41.96540    0.10652   41.87683
jla_mock     0.51175   42.20084    0.12001   42.39540
jla_mock     0.53577   42.62248    0.12653   42.51485
jla_mock     0.64189   42.77828    0.21547   42.98856
jla_mock     0.73500   43.17822    0.22720   43.34649
jla_mock     0.35156   41.52412    0.13079   41.43211
jla_mock     0.60986   42.88821    0.17401   42.85388
jla_mock     0.34956   41.45251    0.13437   41.41766
jla_mock     0.70197   42.94308    0.18820   43.22475
jla_mock     0.35526   41.51138    0.10428   41.45861
jla_mock     0.98328   43.92089    0.25757   44.12140
jla_mock     0.87215   43.86307    0.26598   43.80134
jla_mock     0.75903   43.01998    0.20819   43.43183
jla_mock     0.92622   44.28750    0.24599   43.96176
jla_mock     0.64364   42.98278    0.22846   42.99573
jla_mock     0.41957   41.54750    0.13773   41.88255
jla_mock     0.51559   42.56477    0.20314   42.41484
jla_mock     0.89073   44.12729    0.21058   43.85753
jla_mock     0.80570   43.52743    0.22987   43.59033
jla_mock     0.48057   42.21104    0.10875   42.23231
jla_mock     0.80070   43.55431    0.24546   43.57378
jla_mock     0.58060   42.70973    0.18881   42.72490
jla_mock     0.71565   43.68696    0.24397   43.27584
jla_mock     0.80570   44.00557    0.23277   43.59033
jla_mock     0.76668   43.42729    0.25284   43.45846
jla_mock     0.66464   42.99374    0.19579   43.08037
jla_mock     0.90174   44.09058    0.25191   43.89028
jla_mock     0.74567   43.58908    0.21143   43.38470
jla_mock     0.71868   43.30112    0.20380   43.28702
jla_mock     0.73669   43.48860    0.19636   43.35259
jla_mock     0.57960   42.65608    0.12085   42.72037
jla_mock     0.37053   41.46079    0.10257   41.56534
jla_mock     0.96074   44.05699    0.23956   44.05946
jla_mock     0.85073   43.95806    0.21180   43.73508
jla_mock     0.64864   43.02302    0.19255   43.01611
jla_mock     0.21946   40.23940    0.13037   40.26197
jla_mock     0.93676   43.89230    0.24130   43.99195
jla_mock     0.64764   43.19002    0.17876   43.01204
jla_mock     0.46156   42.44085    0.13341   42.12800
jla_mock     0.60060   42.83159    0.17945   42.81372
jla_mock     0.67065   43.32389    0.23101   43.10415
jla_mock     0.76070   43.12761    0.20946   43.43765
jla_mock     0.24649   40.57384    0.13212   40.54638
jla_mock     0.47057   42.52659    0.14759   42.17794
jla_mock     0.16945   39.61964    0.11210   39.63766
jla_mock     0.49738   42.46874    0.12913   42.32144
jla_mock     0.63823   42.91628    0.19689   42.97350
jla_mock     0.50737   42.43194    0.14543   42.37308
jla_mock     0.53533   42.37249    0.14230   42.51269
jla_mock     0.58728   42.72983    0.16639   42.75489
jla_mock     0.77308   43.52169    0.25621   43.48052
jla_mock     0.69917   43.39574    0.22210   43.21417
jla_mock     0.37051   41.44293    0.12736   41.56520
jla_mock     0.76109   43.69209    0.22809   43.43902
jla_mock     0.69917   43.14279    0.21960   43.21418
jla_mock     0.78806   43.81756    0.19242   43.53150
jla_mock     0.37351   41.51828    0.13203   41.58571
jla_mock     0.40548   41.72473    0.13199   41.79507
jla_mock     0.85299   43.75400    0.25729   43.74216
jla_mock     0.80805   43.56572    0.24185   43.59808
jla_mock     0.60327   43.03123    0.18398   42.82536
jla_mock     0.58329   42.69235    0.17903   42.73700
jla_mock     0.53434   42.60788    0.14774   42.50785
jla_mock     0.72014   43.15434    0.24070   43.29239
jla_mock     0.40048   41.78749    0.21061   41.76340
jla_mock     0.83700   43.28323    0.21503   43.69176
jla_mock     0.37151   41.47187    0.10193   41.57203
jla_mock     0.80604   43.58962    0.25908   43.59147
jla_mock     0.84001   43.71327    0.23507   43.70129
jla_mock     0.50073   42.20664    0.12981   42.33885
jla_mock     0.53277   42.46439    0.17422   42.50018
jla_mock     0.53377   42.73509    0.18215   42.50508
jla_mock     0.93223   43.96485    0.34153   43.97902
jla_mock     0.82210   43.89540    0.25791   43.64395
jla_mock     0.55380   42.59159    0.13545   42.60122
jla_mock     0.12530   38.91293    0.13709   38.92294
jla_mock     0.84212   43.46322    0.28303   43.70800
jla_mock     0.44367   42.07380    0.15187   42.02605
jla_mock     0.72767   43.41971    0.24978   43.31996
jla_mock     0.68366   43.39423    0.41253   43.15487
jla_mock     0.44255   42.01830    0.13368   42.01954
jla_mock     0.72668   43.26563    0.20022   43.31634
jla_mock     0.28251   40.64840    0.12748   40.88366
jla_mock     0.40455   41.70891    0.12965   41.78921
jla_mock     0.51961   42.35717    0.13964   42.43507
jla_mock     0.69065   43.15963    0.23215   43.18177
jla_mock     1.06080   44.20466    0.27869   44.32423
jla_mock     0.57661   42.66689    0.15376   42.70683
jla_mock     0.26849   40.69297    0.12614   40.75735
jla_mock     0.72068   43.41572    0.25107   43.29438
jla_mock     0.25050   40.62813    0.13111   40.58606
jla_mock     0.76069   43.85531    0.27664   43.43763
jla_mock     0.69817   42.78252    0.26129   43.21038
jla_mock     0.55031   42.26714    0.16854   42.58475
jla_mock     0.73013   43.39925    0.23525   43.32888
jla_mock     0.84798   43.79250    0.24703   43.72647
jla_mock     0.99783   44.27806    0.24706   44.16064
jla_mock     0.43545   41.95650    0.13052   41.97792
jla_mock     0.40947   41.77620    0.12922   41.82014
jla_mock     0.30159   41.03964    0.12599   41.04659
jla_mock     1.29911   44.74754    0.19341   44.86622
jla_mock     1.02081   44.43937    0.23668   44.22149
jla_mock     0.83973   43.84658    0.19265   43.70043
jla_mock     1.12085   44.38392    0.20807   44.47149
jla_mock     1.23089   45.15487    0.23900   44.72199
jla_mock     0.97423   44.11188    0.18427   44.09670
jla_mock     0.97078   44.06254    0.33863   44.08723
jla_mock     0.06423   37.36578    0.15073   37.38367
jla_mock     0.12903   38.76432    0.16417   38.99182
jla_mock     0.10289   38.67566    0.14984   38.46361
jla_mock     0.04413   36.60394    0.17360   36.53791
jla_mock     0.11304   38.80222    0.15277   38.68229
jla_mock     0.25611   40.74244    0.20496   40.64067
jla_mock     0.38026   41.69311    0.28703   41.63124
jla_mock     0.14547   39.23813    0.16219   39.27457
jla_mock     0.08889   38.28487    0.14637   38.12583
jla_mock     0.26059   40.74329    0.18294   40.68349
jla_mock     0.07891   37.86411    0.15603   37.85259
jla_mock     0.08304   37.98029    0.15332   37.96945
jla_mock     0.16565   39.64046    0.13854   39.58339
jla_mock     0.16817   39.82789    0.16196   39.61946
jla_mock     0.17063   39.68403    0.16521   39.65419
jla_mock     0.17028   39.59435    0.17036   39.64928
jla_mock     0.12044   38.64707    0.15110   38.83033
jla_mock     0.27653   40.86933    0.21444   40.83051
jla_mock     0.23160   40.17689    0.18253   40.39347
jla_mock     0.30569   40.95255    0.26735   41.08035
jla_mock     0.07997   37.81480    0.16566   37.88313
jla_mock     0.17415   39.83227    0.15831   39.70309
jla_mock     0.13868   39.13657    0.16605   39.16161
jla_mock     0.14607   39.44250    0.16392   39.28432
jla_mock     0.08133   37.83644    0.14393   37.92176
jla_mock     0.23380   40.40979    0.17178   40.41662
jla_mock     0.25655   40.87051    0.17733   40.64491
jla_mock     0.24562   40.56743    0.20041   40.53766
jla_mock     0.12593   39.26223    0.19133   38.93474
jla_mock     0.22351   40.10768    0.21583   40.30655
jla_mock     0.10264   38.50562    0.14664   38.45798
jla_mock     0.11967   38.58662    0.14567   38.81533
jla_mock     0.18055   39.84581    0.16851   39.78968
jla_mock     0.19709   39.87892    0.17390   40.00094
jla_mock     0.22916   40.78466    0.19939   40.36755
jla_mock     0.26451   40.69711    0.19876   40.72040
jla_mock     0.10337   38.57531    0.12264   38.47441
jla_mock     0.36441   41.47580    0.23043   41.52305
jla_mock     0.20560   39.76033    0.15584   40.10331
jla_mock     0.17981   39.93913    0.19620   39.77982
jla_mock     0.19959   39.96735    0.18224   40.03143
jla_mock     0.15653   39.61258    0.15013   39.44844
jla_mock     0.16180   39.70394    0.14761   39.52729
jla_mock     0.20953   40.17237    0.20608   40.14927
jla_mock     0.24179   40.17064    0.19813   40.49904
jla_mock     0.23646   40.41535    0.16266   40.44434
jla_mock     0.22668   40.08636    0.21051   40.34095
jla_mock     0.29678   41.06415    0.19716   41.00643
jla_mock     0.20852   40.21049    0.16317   40.13754
jla_mock     0.25104   40.63795    0.22086   40.59138
jla_mock     0.25012   40.68472    0.17967   40.58234
jla_mock     0.11771   38.89158    0.14551   38.77674
jla_mock     0.21971   40.34954    0.16999   40.26472
jla_mock     0.14901   39.19676    0.14890   39.33153
jla_mock     0.28742   40.98343    0.18840   40.92654
jla_mock     0.14360   39.46100    0.16640   39.24396
jla_mock     0.32837   41.44837    0.19601   41.25993
jla_mock     0.24625   40.86086    0.16507   40.54396
jla_mock     0.11966   38.77372    0.15027   38.81514
jla_mock     0.32838   41.08432    0.27642   41.26001
jla_mock     0.21513   40.28671    0.18367   40.21341
jla_mock     0.14478   39.33044    0.13617   39.26332
jla_mock     0.13243   39.06256    0.12839   39.05296
jla_mock     0.21082   40.44105    0.16235   40.16418
jla_mock     0.20399   39.91922    0.15781   40.08425
jla_mock     0.27952   40.83776    0.16701   40.85722
jla_mock     0.04428   36.65268    0.15510   36.54551
jla_mock     0.18037   40.00106    0.15078   39.78729
jla_mock     0.26070   40.70634    0.18972   40.68453
jla_mock     0.05654   36.92547    0.18697   37.09513
jla_mock     0.21260   40.18828    0.19195   40.18462
jla_mock     0.36941   41.53539    0.23700   41.55764
jla_mock     0.17386   39.86048    0.13052   39.69910
jla_mock     0.14265   39.15182    0.16863   39.22827
jla_mock     0.17789   39.83806    0.17323   39.75404
jla_mock     0.32837   41.49969    0.20656   41.25993
jla_mock     0.25351   40.70436    0.19561   40.61551
jla_mock     0.30001   41.12304    0.19320   41.03346
jla_mock     0.10589   38.42724    0.14608   38.53030
jla_mock     0.22328   40.22968    0.16844   40.30404
jla_mock     0.11845   38.67871    0.12252   38.79138
jla_mock     0.17653   39.75220    0.17119   39.73563
jla_mock     0.18280   39.94853    0.18907   39.81945
jla_mock     0.29762   40.96236    0.22708   41.01348
jla_mock     0.19699   39.92792    0.16337   39.99971
jla_mock     0.15295   39.29064    0.14755   39.39345
jla_mock     0.24850   40.79146    0.17448   40.56634
jla_mock     0.13818   39.00723    0.12409   39.15309
jla_mock     0.20704   39.97819    0.17045   40.12025
jla_mock     0.21468   40.28409    0.18060   40.20831
jla_mock     0.30632   40.90866    0.21503   41.08550
jla_mock     0.24695   40.75746    0.17120   40.55095
jla_mock     0.19801   39.85943    0.14490   40.01220
jla_mock     0.22256   40.28420    0.15195   40.29616
jla_mock     0.13508   39.15799    0.15131   39.09960
jla_mock     0.21054   40.18254    0.18261   40.16096
jla_mock     0.27258   41.09645    0.16911   40.79482
jla_mock     0.24660   40.49853    0.16169   40.54746
jla_mock     0.22068   40.23439    0.19429   40.27546
jla_mock     0.27447   40.41964    0.19147   40.81196
jla_mock     0.17656   39.66101    0.15540   39.73604
jla_mock     0.31088   41.33571    0.22016   41.12250
jla_mock     0.18435   39.87905    0.17308   39.83976
jla_mock     0.15935   39.60892    0.14827   39.49093
jla_mock     0.21976   40.35995    0.16605   40.26527
jla_mock     0.25205   40.89927    0.18410   40.60127
jla_mock     0.18122   39.87294    0.14940   39.79858
jla_mock     0.17373   39.87117    0.13336   39.69730
jla_mock     0.38047   41.63541    0.24246   41.63265
jla_mock     0.17865   39.71622    0.17172   39.76428
jla_mock     0.24568   40.66132    0.18910   40.53826
jla_mock     0.20910   40.49334    0.16102   40.14428
jla_mock     0.24947   40.53607    0.20971   40.57593
jla_mock     0.13392   38.81870    0.16606   39.07929
jla_mock     0.17706   39.79575    0.16040   39.74282
jla_mock     0.28111   41.18240    0.18775   40.87131
jla_mock     0.17383   39.65456    0.15187   39.69868
jla_mock     0.19654   39.81615    0.16513   39.99418
jla_mock     0.36397   41.67698    0.22725   41.51999
jla_mock     0.37835   41.11199    0.26733   41.61843
jla_mock     0.31646   41.10910    0.21039   41.16711
jla_mock     0.18322   39.86032    0.13519   39.82497
jla_mock     0.24102   40.38774    0.16774   40.49121
jla_mock     0.20203   39.96723    0.19953   40.06085
jla_mock     0.16869   39.88868    0.16512   39.62684
jla_mock     0.19794   40.01929    0.17492   40.01135
jla_mock     0.12276   38.69061    0.14575   38.87499
jla_mock     0.20318   40.07052    0.16105   40.07461
jla_mock     0.12739   39.05878    0.14896   38.96178
jla_mock     0.27549   41.14771    0.19973   40.82116
jla_mock     0.14468   39.32566    0.14722   39.26169
jla_mock     0.33436   41.27460    0.24978   41.30545
jla_mock     0.19580   40.19760    0.15393   39.98507
jla_mock     0.19392   40.03723    0.16375   39.96176
jla_mock     0.24973   40.56948    0.18581   40.57850
jla_mock     0.14860   38.91619    0.14880   39.32499
jla_mock     0.15596   39.76597    0.14872   39.43976
jla_mock     0.09582   38.09748    0.15035   38.29889
jla_mock     0.15065   39.26639    0.15873   39.35748
jla_mock     0.30933   41.10745    0.24716   41.10998
jla_mock     0.24857   40.46831    0.17340   40.56704
jla_mock     0.36554   41.08820    0.24312   41.53091
jla_mock     0.11771   38.76834    0.12848   38.77674
jla_mock     0.19176   39.96859    0.14428   39.93472
jla_mock     0.18255   39.88260    0.16171   39.81616
jla_mock     0.23472   40.25228    0.18445   40.42624
jla_mock     0.24647   40.50412    0.19928   40.54616
jla_mock     0.28845   41.03956    0.18873   40.93544
jla_mock     0.20960   40.37732    0.19927   40.15008
jla_mock     0.19198   40.04819    0.17965   39.93748
jla_mock     0.11402   38.58244    0.12215   38.70241
jla_mock     0.11389   38.81645    0.18397   38.69975
jla_mock     0.19880   40.10412    0.20967   40.02183
jla_mock     0.22058   39.99369    0.22796   40.27436
jla_mock     0.18257   39.65679    0.16454   39.81642
jla_mock     0.15895   39.78860    0.16373   39.48495
jla_mock     0.07849   37.97168    0.14912   37.84038
jla_mock     0.13864   39.26505    0.13217   39.16093
jla_mock     0.18079   39.64652    0.15446   39.79287
jla_mock     0.17757   39.95057    0.18629   39.74972
jla_mock     0.17066   39.75422    0.16102   39.65461
jla_mock     0.23381   40.40492    0.20859   40.41672
jla_mock     0.07153   37.79784    0.17411   37.62842
jla_mock     0.15463   39.47638    0.18792   39.41940
jla_mock     0.09010   38.19979    0.15951   38.15695
jla_mock     0.17658   39.80002    0.20449   39.73631
jla_mock     0.13045   39.03471    0.16441   39.01753
jla_mock     0.18204   39.86280    0.17167   39.80943
jla_mock     0.25617   40.67121    0.17261   40.64125
jla_mock     0.13811   39.32502    0.14854   39.15189
jla_mock     0.17070   39.51783    0.16750   39.65518
jla_mock     0.21674   40.22125    0.14793   40.23156
jla_mock     0.24555   40.65483    0.17888   40.53696
jla_mock     0.14382   39.43997    0.16710   39.24758
jla_mock     0.24862   40.38291    0.18856   40.56753
jla_mock     0.14533   39.51605    0.17139   39.27229
jla_mock     0.13588   39.13707    0.12760   39.11351
jla_mock     0.05874   37.19484    0.12754   37.18137
jla_mock     0.03652   35.93708    0.15192   36.11500
jla_mock     0.27749   40.84012    0.22703   40.83912
jla_mock     0.20515   40.47390    0.29701   40.09800
jla_mock     0.28051   40.49924    0.20079   40.86600
jla_mock     0.19867   40.00492    0.16216   40.02025
jla_mock     0.15999   39.43563    0.15164   39.50048
jla_mock     0.21075   40.24191    0.18113   40.16338
jla_mock     0.07195   37.71248    0.17246   37.64176
jla_mock     0.23782   40.59697    0.19074   40.45841
jla_mock     0.14139   39.04073    0.17359   39.20730
jla_mock     0.15506   39.28483    0.15761   39.42600
jla_mock     0.37013   41.95418    0.22887   41.56259
jla_mock     0.09391   38.44219    0.17056   38.25241
jla_mock     0.11863   38.79778    0.17058   38.79493
jla_mock     0.15363   39.39318    0.15381   39.40398
jla_mock     0.25356   40.79745    0.16810   40.61600
jla_mock     0.10725   38.79875    0.14420   38.55994
jla_mock     0.12961   39.11211    0.15302   39.00235
jla_mock     0.26665   40.65358    0.19376   40.74033
jla_mock     0.21226   40.04563    0.16263   40.18073
jla_mock     0.27822   40.76890    0.18167   40.84564
jla_mock     0.24540   40.56649    0.16812   40.53546
jla_mock     0.13362   38.95651    0.15059   39.07401
jla_mock     0.17656   39.83681    0.16208   39.73604
jla_mock     0.11368   38.83647    0.14584   38.69545
jla_mock     0.32038   41.14407    0.26368   41.19801
jla_mock     0.11271   38.64306    0.12253   38.67548
jla_mock     0.10602   38.76304    0.14473   38.53314
jla_mock     0.39135   41.62762    0.26610   41.70449
jla_mock     0.15575   39.56562    0.14612   39.43656
jla_mock     0.18667   39.92219    0.16762   39.86986
jla_mock     0.19671   40.05798    0.16670   39.99627
jla_mock     0.19191   39.88597    0.17339   39.93660
jla_mock     0.19084   39.96396    0.15088   39.92311
jla_mock     0.17625   39.91691    0.15361   39.73182
jla_mock     0.12837   39.09702    0.15036   38.97977
jla_mock     0.12262   38.96958    0.14734   38.87232
jla_mock     0.12715   38.95198    0.14706   38.95736
jla_mock     0.21323   40.39550    0.17621   40.19182
jla_mock     0.21861   40.42513    0.18110   40.25249
jla_mock     0.26856   40.64865    0.19152   40.75800
jla_mock     0.20466   40.25029    0.16519   40.09220
jla_mock     0.26710   40.66074    0.17378   40.74451
jla_mock     0.21757   40.24675    0.17265   40.24087
jla_mock     0.24185   40.31235    0.17151   40.49965
jla_mock     0.29350   40.81428    0.20072   40.97870
jla_mock     0.35346   41.54980    0.23114   41.44575
jla_mock     0.18563   39.75675    0.15495   39.85641
jla_mock     0.28543   41.01269    0.19928   40.90924
jla_mock     0.19494   40.18538    0.16836   39.97443
jla_mock     0.07592   37.70405    0.14500   37.76429
jla_mock     0.16357   39.73739    0.15778   39.55323
jla_mock     0.25721   40.89439    0.20821   40.65125
jla_mock     0.21955   40.35776    0.18725   40.26294
jla_mock     0.17558   39.92580    0.15163   39.72269
jla_mock     0.22667   40.32624    0.18608   40.34084
jla_mock     0.15322   39.45685    0.15082   39.39764
jla_mock     0.21025   40.06641    0.19550   40.15761
jla_mock     0.12164   38.85985    0.12361   38.85353
jla_mock     0.29135   40.70756    0.19905   40.96037
jla_mock     0.29448   41.23966    0.27860   40.98701
jla_mock     0.16455   39.64415    0.12599   39.56749
jla_mock     0.30702   41.04202    0.20907   41.09122
jla_mock     0.19863   39.88404    0.16158   40.01976
jla_mock     0.26821   40.50495    0.21540   40.75477
jla_mock     0.40128   41.96587    0.24823   41.76846
jla_mock     0.13668   39.12807    0.15334   39.12735
jla_mock     0.29542   41.04767    0.24720   40.99496
jla_mock     0.29192   40.93285    0.19220   40.96524
jla_mock     0.09007   38.11497    0.12097   38.15619
jla_mock     0.20557   40.01286    0.18293   40.10296
jla_mock     0.14582   39.07530    0.14935   39.28026
jla_mock     0.11767   38.75649    0.14487   38.77595
jla_mock     0.05499   36.86665    0.14998   37.03240
jla_mock     0.17420   39.80650    0.15143   39.70378
jla_mock     0.24495   40.57967    0.18021   40.53095
jla_mock     0.22452   40.44876    0.18250   40.31756
jla_mock     0.24558   40.58954    0.16228   40.53726
jla_mock     0.28351   40.82136    0.21250   40.89245
jla_mock     0.18056   40.19090    0.17619   39.78982
jla_mock     0.10391   38.33660    0.12352   38.48649
jla_mock     0.12961   38.98074    0.15327   39.00235
jla_mock     0.24352   40.53034    0.16046   40.51656
jla_mock     0.33136   41.34951    0.26935   41.28275
jla_mock     0.24348   40.82219    0.19048   40.51615
jla_mock     0.31468   41.21266    0.17578   41.15296
jla_mock     0.21865   40.29853    0.18935   40.25293
jla_mock     0.26014   40.75396    0.21926   40.67922
jla_mock     0.28243   41.13228    0.19831   40.88296
jla_mock     0.30041   40.64632    0.20582   41.03679
jla_mock     0.15186   39.32649    0.14864   39.37647
jla_mock     0.26357   40.63970    0.18937   40.71159
jla_mock     0.21382   40.23025    0.20621   40.19854
jla_mock     0.16284   39.53255    0.16762   39.54256
jla_mock     0.12440   38.86363    0.17141   38.90608
jla_mock     0.19465   40.01297    0.13939   39.97083
jla_mock     0.20554   39.96970    0.18299   40.10260
jla_mock     0.10667   38.62702    0.14589   38.54734
jla_mock     0.18772   39.65668    0.18725   39.88338
jla_mock     0.16387   39.69628    0.15682   39.55760
jla_mock     0.29021   41.14095    0.19470   40.95060
jla_mock     0.09401   38.11855    0.12498   38.25487
jla_mock     0.22786   40.34367    0.18010   40.35364
jla_mock     0.10751   38.78326    0.14765   38.56556
jla_mock     0.31065   40.75725    0.22259   41.12065
jla_mock     0.14564   39.20060    0.15576   39.27734
jla_mock     0.08784   38.14773    0.12610   38.09850
jla_mock     0.14839   39.45893    0.15573   39.32164
jla_mock     0.28662   40.49891    0.19366   40.91960
jla_mock     0.12281   39.12101    0.13329   38.87594
jla_mock     0.18655   39.69849    0.20280   39.86832
jla_mock     0.12893   39.10469    0.15504   38.99000
jla_mock     0.19422   39.92490    0.16864   39.96549
jla_mock     0.14800   39.17637    0.14676   39.31541
jla_mock     0.21179   40.23829    0.22866   40.17534
jla_mock     0.17962   39.77380    0.17351   39.77728
jla_mock     0.26349   40.67996    0.18130   40.71084
jla_mock     0.19215   39.84384    0.15957   39.93962
jla_mock     0.33880   41.35494    0.22988   41.33871
jla_mock     0.11741   38.86478    0.14767   38.77078
jla_mock     0.14310   38.95954    0.16842   39.23571
jla_mock     0.16035   39.46313    0.13218   39.50583
jla_mock     0.28872   40.60927    0.21130   40.93777
jla_mock     0.12303   38.97187    0.15465   38.88013
jla_mock     0.26405   40.60441    0.18534   40.71609
jla_mock     0.12608   38.87287    0.17183   38.93753
jla_mock     0.17374   39.82153    0.14981   39.69744
jla_mock     0.16440   39.32209    0.14973   39.56531
jla_mock     0.24961   40.78900    0.16242   40.57731
jla_mock     0.15999   39.38087    0.15137   39.50048
jla_mock     0.24448   40.60300    0.15150   40.52623
jla_mock     0.24851   40.95425    0.17708   40.56644
jla_mock     0.22893   40.34655    0.16848   40.36509
jla_mock     0.08528   38.08102    0.14385   38.03054
jla_mock     0.06282   37.27764    0.14855   37.33331
jla_mock     0.27745   41.01476    0.23370   40.83876
jla_mock     0.27544   40.85417    0.21508   40.82071
jla_mock     0.33051   41.31563    0.21088   41.27628
jla_mock     0.36193   41.33046    0.24565   41.50573
jla_mock     0.33103   41.20015    0.21801   41.28024
jla_mock     0.16050   39.55532    0.12715   39.50806
jla_mock     0.30021   41.08271    0.20430   41.03513
jla_mock     0.11635   38.75754    0.12231   38.74960
jla_mock     0.21829   39.94519    0.16062   40.24892
jla_mock     0.11967   38.81733    0.12046   38.81533
jla_mock     0.15473   39.28526    0.12395   39.42094
jla_mock     0.17810   39.52310    0.16563   39.75688
jla_mock     0.25037   40.40650    0.16561   40.58480
jla_mock     0.25174   40.41196    0.14466   40.59824
jla_mock     0.12953   39.03961    0.14519   39.00090
jla_mock     0.30929   41.11670    0.18811   41.10966
jla_mock     0.27852   40.68989    0.17882   40.84832
jla_mock     0.18581   39.65110    0.13606   39.85875
jla_mock     0.06651   37.34929    0.17228   37.46289
jla_mock     0.25800   40.28267    0.18757   40.65882
jla_mock     0.29888   41.28160    0.21609   41.02403
jla_mock     0.27044   41.14964    0.22437   40.77528
jla_mock     0.27916   40.93580    0.17184   40.85402
jla_mock     0.29287   40.77884    0.21554   40.97334
jla_mock     0.18965   39.84490    0.15711   39.90803
jla_mock     0.26576   40.87835    0.19291   40.73206
jla_mock     0.12376   39.06477    0.14509   38.89399
jla_mock     0.18255   39.75981    0.14972   39.81616
jla_mock     0.05634   36.92457    0.14895   37.08713
jla_mock     0.31288   40.81199    0.18264   41.13858
jla_mock     0.30915   40.86615    0.22329   41.10853
jla_mock     0.20061   39.78986    0.15588   40.04377
jla_mock     0.32640   41.46831    0.20549   41.24480
jla_mock     0.21163   40.01631    0.13899   40.17351
jla_mock     0.17969   39.80260    0.15636   39.77821
jla_mock     0.30240   41.28217    0.19662   41.05329
jla_mock     0.10924   38.60468    0.14870   38.60268
jla_mock     0.08522   37.95673    0.15002   38.02892
jla_mock     0.20231   40.19422    0.16132   40.06421
jla_mock     0.12649   38.98238    0.15585   38.94515
jla_mock     0.21457   39.92107    0.16813   40.20706
jla_mock     0.32045   41.09406    0.19169   41.19856
jla_mock     0.21835   40.15522    0.17273   40.24959
jla_mock     0.19010   39.94054    0.15982   39.91374
jla_mock     0.09243   38.16527    0.15614   38.21577
jla_mock     0.37986   41.56512    0.18489   41.62856
jla_mock     0.21134   40.40788    0.16608   40.17017
jla_mock     0.25833   40.68831    0.18012   40.66198
jla_mock     0.18327   39.77924    0.16856   39.82563
jla_mock     0.21295   40.24820    0.17785   40.18862
jla_mock     0.11651   38.53879    0.15544   38.75281
jla_mock     0.14401   39.29787    0.17186   39.25071
jla_mock     0.25249   40.55240    0.18600   40.60557
jla_mock     0.25539   40.65916    0.21320   40.63373
jla_mock     0.21698   40.54877    0.18861   40.23425
jla_mock     1.26590   44.88772    0.22380   44.79699
jla_mock     0.93577   44.35046    0.22959   43.98915
jla_mock     0.04952   36.47508    0.20229   36.79644
jla_mock     0.03033   35.87155    0.18208   35.70157
jla_mock     0.07458   37.51403    0.21873   37.72360
jla_mock     0.02520   35.72427    0.22034   35.29123
jla_mock     0.01441   33.90728    0.20528   34.06048
jla_mock     0.02079   34.73222    0.19750   34.86681
jla_mock     0.03522   36.21753    0.20378   36.03412
jla_mock     0.04166   36.05925    0.21523   36.40883
jla_mock     0.04240   36.51812    0.20619   36.44838
jla_mock     0.01890   34.89051    0.18362   34.65682
jla_mock     0.07884   38.07150    0.21534   37.85056
jla_mock     0.06334   37.34240    0.20759   37.35224
jla_mock     0.02764   35.91781    0.23142   35.49574
jla_mock     0.04933   36.82272    0.21068   36.78762
jla_mock     0.07015   37.41862    0.22041   37.58415
jla_mock     0.02391   35.26982    0.18368   35.17514
jla_mock     0.05313   37.20108    0.22336   36.95466
jla_mock     0.02495   35.41518    0.18978   35.26944
jla_mock     0.01566   34.43927    0.20165   34.24356
jla_mock     0.04898   36.65228    0.15986   36.77203
jla_mock     0.02240   35.08017    0.18928   35.03106
jla_mock     0.03485   36.17406    0.23666   36.01099
jla_mock     0.01697   34.64920    0.20291   34.41905
jla_mock     0.03072   35.86938    0.18172   35.73037
jla_mock     0.03048   35.76653    0.18204   35.71303
jla_mock     0.01055   33.28424    0.21945   33.37697
jla_mock     0.01426   34.09097    0.17171   34.03675
jla_mock     0.02769   35.62939    0.18125   35.49983
jla_mock     0.05386   36.95374    0.15904   36.98558
jla_mock     0.01767   34.65677    0.19251   34.50873
jla_mock     0.01745   34.95112    0.17037   34.48092
jla_mock     0.01557   34.41782    0.20220   34.23076
jla_mock     0.01006   32.99907    0.23113   33.27290
jla_mock     0.05493   37.35754    0.18431   37.02998
jla_mock     0.03908   36.53855    0.16317   36.26630
jla_mock     0.07832   37.91923    0.18392   37.83534
jla_mock     0.03176   35.52834    0.15356   35.80452
jla_mock     0.01444   34.35003    0.22581   34.06489
jla_mock     0.01353   33.87797    0.22079   33.92255
jla_mock     0.02668   35.22111    0.19350   35.41745
jla_mock     0.02336   35.06732    0.17881   35.12382
jla_mock     0.03693   36.17717    0.19002   36.14013
jla_mock     0.02355   35.14385    0.17820   35.14190
jla_mock     0.01748   34.50718    0.19212   34.48507
jla_mock     0.04026   36.48096    0.17448   36.33252
jla_mock     0.03038   35.83894    0.20408   35.70566
jla_mock     0.01550   34.29351    0.20028   34.22101
jla_mock     0.01415   33.93995    0.18788   34.02052
jla_mock     0.01549   34.40175    0.18431   34.21860
jla_mock     0.01555   34.15997    0.19852   34.22808
jla_mock     0.03707   36.10165    0.15485   36.14862
jla_mock     0.01548   34.32474    0.20250   34.21789
jla_mock     0.01332   33.62991    0.18644   33.88842
jla_mock     0.01457   33.77129    0.20791   34.08532
jla_mock     0.01579   34.48553    0.19847   34.26130
jla_mock     0.02475   35.49177    0.17955   35.25120
jla_mock     0.02775   35.52536    0.17503   35.50463
jla_mock     0.01089   33.38755    0.25478   33.44601
jla_mock     0.01365   33.80266    0.18671   33.94176
jla_mock     0.03576   36.00799    0.16296   36.06783
jla_mock     0.02473   35.25455    0.17711   35.24932
jla_mock     0.03809   36.05204    0.17052   36.20863
jla_mock     0.02154   34.70047    0.17712   34.94487
jla_mock     0.01958   34.80334    0.17899   34.73456
jla_mock     0.03042   35.83648    0.17572   35.70822
jla_mock     0.03922   35.98702    0.17021   36.27406
jla_mock     0.03497   35.89359    0.15988   36.01845
jla_mock     0.02856   35.64438    0.17650   35.56863
jla_mock     0.02100   34.87462    0.18823   34.88845
jla_mock     0.03254   35.88758    0.18232   35.85802
jla_mock     0.01547   34.36435    0.19319   34.21604
jla_mock     0.01568   34.27370    0.20748   34.24552
jla_mock     0.02750   35.52856    0.15599   35.48465
jla_mock     0.04686   36.84143    0.17135   36.67229
jla_mock     0.03317   36.16359    0.18296   35.90099
jla_mock     0.01029   33.31667    0.23550   33.32258
jla_mock     0.08010   37.95050    0.17116   37.88694
jla_mock     0.01232   33.91624    0.20021   33.71613
jla_mock     0.02459   35.24851    0.20631   35.23686
jla_mock     0.01447   34.24298    0.20828   34.06899
jla_mock     0.01515   34.52590    0.18400   34.17085
jla_mock     0.02909   35.97666    0.17337   35.60902
jla_mock     0.03478   36.13743    0.17929   36.00632
jla_mock     0.04492   36.67798    0.14071   36.57766
jla_mock     0.03407   35.88666    0.16958   35.96061
jla_mock     0.07487   37.90235    0.14386   37.73249
jla_mock     0.01496   33.85009    0.19783   34.14256
jla_mock     0.02040   34.77288    0.17104   34.82442
jla_mock     0.04069   36.23104    0.17468   36.35626
jla_mock     0.02657   35.33641    0.18033   35.40830
jla_mock     0.02688   35.47523    0.15331   35.43431
jla_mock     0.02347   35.13819    0.17598   35.13429
jla_mock     0.06912   37.48669    0.19118   37.55045
jla_mock     0.06519   37.51526    0.15880   37.41747
jla_mock     0.02298   34.97365    0.17791   35.08760
jla_mock     0.01739   34.31682    0.19829   34.47296
jla_mock     0.03148   35.82728    0.15109   35.78492
jla_mock     0.01118   33.42467    0.19448   33.50474
jla_mock     0.02196   35.01898    0.17567   34.98697
jla_mock     0.03148   35.85645    0.15081   35.78485
jla_mock     0.02332   35.06836    0.20285   35.12013
jla_mock     0.02039   34.99728    0.18301   34.82377
jla_mock     0.02247   35.08274    0.18141   35.03765
jla_mock     0.03361   35.98272    0.18044   35.93037
jla_mock     0.03697   36.32166    0.17917   36.14224
jla_mock     0.02263   34.83048    0.18007   35.05361
jla_mock     0.01470   34.15333    0.18462   34.10407
jla_mock     0.03695   35.98173    0.14876   36.14109
jla_mock     0.06096   37.21021    0.12531   37.26526
jla_mock     0.05929   37.42048    0.12136   37.20241
jla_mock     0.06975   37.57995    0.15874   37.57107
jla_mock     0.02953   35.80275    0.17470   35.64232
jla_mock     0.03325   36.13754    0.17565   35.90649
jla_mock     0.02416   35.33424    0.18124   35.19813
jla_mock     0.01600   34.01481    0.19156   34.29005
jla_mock     0.06296   37.37676    0.16531   37.33846
jla_mock     0.02171   34.97221    0.19186   34.96170
jla_mock     0.03164   35.92360    0.18944   35.79569
jla_mock     0.01860   34.65612    0.17305   34.62124
jla_mock     0.02706   35.31346    0.17333   35.44934
jla_mock     0.02547   35.25967    0.18470   35.31480
jla_mock     0.02381   35.25396    0.19337   35.16597
jla_mock     0.02387   35.38411    0.18298   35.17126
jla_mock     0.02207   35.09455    0.16678   34.99820
