jla_mock     0.50308   42.39288    0.14571   42.35104
jla_mock     0.58072   42.78711    0.16123   42.72544
jla_mock     0.49479   42.47480    0.12071   42.30792
jla_mock     0.34593   41.11208    0.13253   41.39128
jla_mock     0.67766   43.39218    0.22872   43.13160
jla_mock     0.61071   42.83337    0.22549   42.85755
jla_mock     0.86649   43.85220    0.25803   43.78400
jla_mock     0.33093   41.32888    0.12801   41.27950
jla_mock     0.79857   43.24768    0.25920   43.56670
jla_mock     0.44956   41.82203    0.16140   42.06004
jla_mock     0.37144   41.56641    0.14922   41.57158
jla_mock     0.29172   40.94022    0.14231   40.96351
jla_mock     0.35582   41.39994    0.14101   41.46259
jla_mock     0.46127   41.91248    0.15587   42.12638
jla_mock     0.28361   40.96059    0.13056   40.89333
jla_mock     0.63223   43.08351    0.22183   42.94863
jla_mock     0.46641   42.37830    0.17244   42.15500
jla_mock     0.26862   40.64780    0.12820   40.75859
jla_mock     0.94689   44.15225    0.29225   44.02068
jla_mock     0.92492   43.81403    0.31213   43.95801
jla_mock     0.69317   43.03143    0.29243   43.19137
jla_mock     0.62523   42.68040    0.19089   42.91933
jla_mock     0.89694   43.62137    0.26745   43.87607
jla_mock     0.60826   42.80498    0.15987   42.84699
jla_mock     0.78905   43.10024    0.26933   43.53485
jla_mock     0.57829   42.35937    0.14638   42.71445
jla_mock     0.59028   42.56648    0.18967   42.76823
jla_mock     0.71963   43.07657    0.25305   43.29050
jla_mock     0.21003   40.12075    0.13132   40.15509
jla_mock     0.76659   43.42725    0.22577   43.45813
jla_mock     0.85851   43.72902    0.22290   43.75934
jla_mock     0.36790   41.62103    0.09931   41.54727
jla_mock     0.55875   42.47468    0.15678   42.62447
jla_mock     0.84851   43.65979    0.21739   43.72812
jla_mock     0.99639   44.09777    0.24266   44.15679
jla_mock     0.77659   43.35745    0.26449   43.49256
jla_mock     0.58293   42.70407    0.13307   42.73539
jla_mock     0.58374   42.68366    0.16753   42.73903
jla_mock     0.79655   43.02440    0.22888   43.55998
jla_mock     0.58872   42.79468    0.15579   42.76129
jla_mock     0.91347   44.06855    0.24294   43.92478
jla_mock     0.76859   43.44429    0.23905   43.46504
jla_mock     0.94846   43.65744    0.26528   44.02509
jla_mock     0.51379   42.27396    0.15288   42.40578
jla_mock     0.73361   42.97803    0.19294   43.34148
jla_mock     0.63770   43.03348    0.27011   42.97130
jla_mock     0.76559   43.12017    0.21114   43.45466
jla_mock     0.43486   41.84195    0.15773   41.97447
jla_mock     0.98341   43.95448    0.25880   44.12175
jla_mock     0.58374   42.70016    0.16233   42.73903
jla_mock     0.70063   42.86800    0.21687   43.21970
jla_mock     0.66206   42.86432    0.21295   43.07010
jla_mock     0.83813   43.25565    0.28077   43.69533
jla_mock     0.62187   43.20653    0.17547   42.90516
jla_mock     0.37059   41.43947    0.14292   41.56572
jla_mock     0.41663   41.60354    0.13815   41.86455
jla_mock     0.35857   41.43048    0.10704   41.48209
jla_mock     0.45168   42.05679    0.15279   42.07216
jla_mock     0.52276   42.41789    0.16113   42.45081
jla_mock     0.73400   42.92980    0.30409   43.34288
jla_mock     0.70196   43.79438    0.31177   43.22473
jla_mock     0.74201   43.15316    0.29013   43.37166
jla_mock     0.74612   43.88237    0.21822   43.38631
jla_mock     0.34956   41.22837    0.13473   41.41768
jla_mock     0.59183   42.69917    0.15357   42.77513
jla_mock     0.51475   42.28535    0.15561   42.41060
jla_mock     0.62063   43.12101    0.18447   42.89990
jla_mock     0.64365   42.48077    0.24392   42.99574
jla_mock     1.00280   44.47439    0.33217   44.17391
jla_mock     0.47059   42.16868    0.14421   42.17801
jla_mock     0.61064   42.63335    0.15878   42.85725
jla_mock     0.26349   40.56020    0.12805   40.71081
jla_mock     0.35834   41.42043    0.12919   41.48044
jla_mock     0.74270   43.38305    0.25909   43.37412
jla_mock     0.45156   42.00210    0.11539   42.07145
jla_mock     0.91075   43.88992    0.26165   43.91682
jla_mock     0.55261   42.44172    0.15821   42.59559
jla_mock     0.33753   41.10915    0.12813   41.32927
jla_mock     0.75068   43.72272    0.24281   43.40248
jla_mock     0.98378   44.58644    0.34665   44.12275
jla_mock     0.82270   43.36638    0.22176   43.64588
jla_mock     0.81370   43.30092    0.24257   43.61661
jla_mock     0.95076   44.07609    0.26473   44.03158
jla_mock     0.81773   44.10090    0.24643   43.62977
jla_mock     0.34052   41.25860    0.12574   41.35149
jla_mock     0.96075   44.69325    0.28766   44.05949
jla_mock     0.81072   43.71131    0.27276   43.60686
jla_mock     0.75669   43.36833    0.24755   43.42362
jla_mock     0.61125   42.79511    0.18573   42.85987
jla_mock     0.87797   43.61471    0.22379   43.81907
jla_mock     0.54832   42.63389    0.14258   42.57529
jla_mock     0.80903   43.70451    0.23222   43.60132
jla_mock     1.02880   44.08646    0.28337   44.24234
jla_mock     0.62724   42.94516    0.17555   42.92776
jla_mock     0.42245   41.69890    0.15607   41.90012
jla_mock     0.93390   44.70534    0.35000   43.98380
jla_mock     0.70116   43.16536    0.22741   43.22169
jla_mock     0.69716   43.12859    0.20952   43.20658
jla_mock     0.68518   42.86967    0.27044   43.16074
jla_mock     0.76707   42.94426    0.25234   43.45981
jla_mock     0.93190   43.99080    0.25137   43.97808
jla_mock     0.86398   43.66408    0.24510   43.77625
jla_mock     0.74910   43.66269    0.22590   43.39689
jla_mock     0.51435   42.23895    0.15357   42.40861
jla_mock     0.46841   42.10393    0.11440   42.16601
jla_mock     0.47040   42.25339    0.15655   42.17698
jla_mock     0.95887   44.21781    0.27681   44.05426
jla_mock     0.92791   43.85021    0.29724   43.96663
jla_mock     0.84052   43.87937    0.21913   43.70293
jla_mock     0.63070   42.76292    0.17083   42.94224
jla_mock     0.56275   42.56325    0.14441   42.64315
jla_mock     0.61570   42.99596    0.16969   42.87892
jla_mock     0.82853   43.78023    0.22446   43.66467
jla_mock     0.56474   42.27458    0.16043   42.65238
jla_mock     0.57874   42.72351    0.14758   42.71650
jla_mock     0.55774   42.37642    0.15832   42.61978
jla_mock     0.86450   43.57025    0.22870   43.77785
jla_mock     0.73561   43.22201    0.23469   43.34870
jla_mock     0.85851   43.27108    0.28337   43.75932
jla_mock     0.26198   40.72167    0.10443   40.69667
jla_mock     0.58574   42.80409    0.18661   42.74800
jla_mock     0.76158   43.44195    0.21599   43.44073
jla_mock     0.48880   42.28915    0.11155   42.27631
jla_mock     0.85852   44.06144    0.27431   43.75935
jla_mock     0.68866   43.09012    0.18053   43.17412
jla_mock     0.55874   42.56750    0.15492   42.62446
jla_mock     0.32453   41.20799    0.12602   41.23036
jla_mock     0.48070   42.40860    0.10839   42.23305
jla_mock     0.18537   39.62388    0.13096   39.85305
jla_mock     0.92222   43.46927    0.33855   43.95022
jla_mock     0.68194   43.05034    0.19640   43.14823
jla_mock     0.47571   42.47215    0.10811   42.20600
jla_mock     0.92221   43.90846    0.27644   43.95018
jla_mock     0.89318   43.70367    0.25783   43.86487
jla_mock     0.42865   41.92302    0.14144   41.93748
jla_mock     0.63188   43.06746    0.23474   42.94717
jla_mock     0.69996   43.33550    0.25835   43.21717
jla_mock     0.73601   43.29689    0.26469   43.35013
jla_mock     0.57582   42.65583    0.15954   42.70324
jla_mock     0.41863   41.83611    0.10652   41.87683
jla_mock     0.51175   42.29851    0.12001   42.39540
jla_mock     0.53577   42.61029    0.12653   42.51485
jla_mock     0.64189   42.91377    0.21547   42.98856
jla_mock     0.73500   43.25487    0.22720   43.34649
jla_mock     0.35156   41.29288    0.13079   41.43211
jla_mock     0.60986   42.86797    0.17401   42.85388
jla_mock     0.34956   41.29343    0.13437   41.41766
jla_mock     0.70197   43.46563    0.18820   43.22475
jla_mock     0.35526   41.43500    0.10428   41.45861
jla_mock     0.98328   44.08318    0.25757   44.12140
jla_mock     0.87215   43.54587    0.26598   43.80134
jla_mock     0.75903   43.27420    0.20819   43.43183
jla_mock     0.92622   43.82248    0.24599   43.96176
jla_mock     0.64364   43.05749    0.22846   42.99573
jla_mock     0.41957   41.76997    0.13773   41.88255
jla_mock     0.51559   42.48564    0.20314   42.41484
jla_mock     0.89073   44.03835    0.21058   43.85753
jla_mock     0.80570   43.47287    0.22987   43.59033
jla_mock     0.48057   42.36164    0.10875   42.23231
jla_mock     0.80070   43.74189    0.24546   43.57378
jla_mock     0.58060   42.87671    0.18881   42.72490
jla_mock     0.71565   43.24807    0.24397   43.27584
jla_mock     0.80570   43.51519    0.23277   43.59033
jla_mock     0.76668   43.06206    0.25284   43.45846
jla_mock     0.66464   42.59148    0.19579   43.08037
jla_mock     0.90174   43.93600    0.25191   43.89028
jla_mock     0.74567   43.43392    0.21143   43.38470
jla_mock     0.71868   43.40116    0.20380   43.28702
jla_mock     0.73669   43.56239    0.19636   43.35259
jla_mock     0.57960   42.56565    0.12085   42.72037
jla_mock     0.37053   41.56922    0.10257   41.56534
jla_mock     0.96074   44.16248    0.23956   44.05946
jla_mock     0.85073   43.32800    0.21180   43.73508
jla_mock     0.64864   42.90205    0.19255   43.01611
jla_mock     0.21946   40.29772    0.13037   40.26197
jla_mock     0.93676   43.80440    0.24130   43.99195
jla_mock     0.64764   42.97157    0.17876   43.01204
jla_mock     0.46156   41.91812    0.13341   42.12800
jla_mock     0.60060   42.66465    0.17945   42.81372
jla_mock     0.67065   43.29382    0.23101   43.10415
jla_mock     0.76070   43.54586    0.20946   43.43765
jla_mock     0.24649   40.39426    0.13212   40.54638
jla_mock     0.47057   42.03826    0.14759   42.17794
jla_mock     0.16945   39.71858    0.11210   39.63766
jla_mock     0.49738   42.42152    0.12913   42.32144
jla_mock     0.63823   42.98306    0.19689   42.97350
jla_mock     0.50737   42.11364    0.14543   42.37308
jla_mock     0.53533   42.41672    0.14230   42.51269
jla_mock     0.58728   42.85776    0.16639   42.75489
jla_mock     0.77308   43.39289    0.25621   43.48052
jla_mock     0.69917   43.45762    0.22210   43.21417
jla_mock     0.37051   41.43753    0.12736   41.56520
jla_mock     0.76109   43.00840    0.22809   43.43902
jla_mock     0.69917   43.15052    0.21960   43.21418
jla_mock     0.78806   43.54271    0.19242   43.53150
jla_mock     0.37351   41.39158    0.13203   41.58571
jla_mock     0.40548   41.68507    0.13199   41.79507
jla_mock     0.85299   43.70207    0.25729   43.74216
jla_mock     0.80805   43.91229    0.24185   43.59808
jla_mock     0.60327   42.27046    0.18398   42.82536
jla_mock     0.58329   42.42739    0.17903   42.73700
jla_mock     0.53434   42.27812    0.14774   42.50785
jla_mock     0.72014   43.24837    0.24070   43.29239
jla_mock     0.40048   41.26599    0.21061   41.76340
jla_mock     0.83700   43.76466    0.21503   43.69176
jla_mock     0.37151   41.38006    0.10193   41.57203
jla_mock     0.80604   43.71211    0.25908   43.59147
jla_mock     0.84001   43.89071    0.23507   43.70129
jla_mock     0.50073   42.30249    0.12981   42.33885
jla_mock     0.53277   42.52250    0.17422   42.50018
jla_mock     0.53377   42.42696    0.18215   42.50508
jla_mock     0.93223   43.44161    0.34153   43.97902
jla_mock     0.82210   43.36787    0.25791   43.64395
jla_mock     0.55380   42.59050    0.13545   42.60122
jla_mock     0.12530   38.88663    0.13709   38.92294
jla_mock     0.84212   43.50493    0.28303   43.70800
jla_mock     0.44367   42.24173    0.15187   42.02605
jla_mock     0.72767   43.35932    0.24978   43.31996
jla_mock     0.68366   42.63186    0.41253   43.15487
jla_mock     0.44255   41.70962    0.13368   42.01954
jla_mock     0.72668   43.61260    0.20022   43.31634
jla_mock     0.28251   40.69579    0.12748   40.88366
jla_mock     0.40455   41.63720    0.12965   41.78921
jla_mock     0.51961   42.44410    0.13964   42.43507
jla_mock     0.69065   43.10502    0.23215   43.18177
jla_mock     1.06080   44.60379    0.27869   44.32423
jla_mock     0.57661   42.37100    0.15376   42.70683
jla_mock     0.26849   40.55255    0.12614   40.75735
jla_mock     0.72068   43.28950    0.25107   43.29438
jla_mock     0.25050   40.63205    0.13111   40.58606
jla_mock     0.76069   43.81106    0.27664   43.43763
jla_mock     0.69817   42.82885    0.26129   43.21038
jla_mock     0.55031   42.40577    0.16854   42.58475
jla_mock     0.73013   43.66105    0.23525   43.32888
jla_mock     0.84798   43.27452    0.24703   43.72647
jla_mock     0.99783   44.66537    0.24706   44.16064
jla_mock     0.43545   41.94842    0.13052   41.97792
jla_mock     0.40947   41.72032    0.12922   41.82014
jla_mock     0.30159   41.04151    0.12599   41.04659
jla_mock     1.29911   44.60999    0.19341   44.86622
jla_mock     1.02081   44.07973    0.23668   44.22149
jla_mock     0.83973   43.24082    0.19265   43.70043
jla_mock     1.12085   44.46826    0.20807   44.47149
jla_mock     1.23089   44.33422    0.23900   44.72199
jla_mock     0.97423   43.89096    0.18427   44.09670
jla_mock     0.97078   44.23371    0.33863   44.08723
jla_mock     0.06423   37.11163    0.15073   37.38367
jla_mock     0.12903   38.74768    0.16417   38.99182
jla_mock     0.10289   38.10872    0.14984   38.46361
jla_mock     0.04413   36.33600    0.17360   36.53791
jla_mock     0.11304   38.73462    0.15277   38.68229
jla_mock     0.25611   40.71864    0.20496   40.64067
jla_mock     0.38026   41.16416    0.28703   41.63124
jla_mock     0.14547   39.28348    0.16219   39.27457
jla_mock     0.08889   37.96192    0.14637   38.12583
jla_mock     0.26059   40.56488    0.18294   40.68349
jla_mock     0.07891   37.96836    0.15603   37.85259
jla_mock     0.08304   37.89396    0.15332   37.96945
jla_mock     0.16565   39.65320    0.13854   39.58339
jla_mock     0.16817   39.60242    0.16196   39.61946
jla_mock     0.17063   39.44382    0.16521   39.65419
jla_mock     0.17028   39.42672    0.17036   39.64928
jla_mock     0.12044   38.82213    0.15110   38.83033
jla_mock     0.27653   40.68481    0.21444   40.83051
jla_mock     0.23160   40.25957    0.18253   40.39347
jla_mock     0.30569   41.10859    0.26735   41.08035
jla_mock     0.07997   37.59281    0.16566   37.88313
jla_mock     0.17415   39.62242    0.15831   39.70309
jla_mock     0.13868   38.92542    0.16605   39.16161
jla_mock     0.14607   39.07659    0.16392   39.28432
jla_mock     0.08133   37.88252    0.14393   37.92176
jla_mock     0.23380   40.21726    0.17178   40.41662
jla_mock     0.25655   40.75534    0.17733   40.64491
jla_mock     0.24562   40.09380    0.20041   40.53766
jla_mock     0.12593   38.75939    0.19133   38.93474
jla_mock     0.22351   39.76160    0.21583   40.30655
jla_mock     0.10264   38.62145    0.14664   38.45798
jla_mock     0.11967   38.84804    0.14567   38.81533
jla_mock     0.18055   39.57883    0.16851   39.78968
jla_mock     0.19709   39.82849    0.17390   40.00094
jla_mock     0.22916   40.30760    0.19939   40.36755
jla_mock     0.26451   40.76203    0.19876   40.72040
jla_mock     0.10337   38.48802    0.12264   38.47441
jla_mock     0.36441   41.29189    0.23043   41.52305
jla_mock     0.20560   40.03512    0.15584   40.10331
jla_mock     0.17981   39.77085    0.19620   39.77982
jla_mock     0.19959   39.75837    0.18224   40.03143
jla_mock     0.15653   39.38268    0.15013   39.44844
jla_mock     0.16180   39.53781    0.14761   39.52729
jla_mock     0.20953   39.83603    0.20608   40.14927
jla_mock     0.24179   40.39494    0.19813   40.49904
jla_mock     0.23646   40.42963    0.16266   40.44434
jla_mock     0.22668   40.14759    0.21051   40.34095
jla_mock     0.29678   40.77549    0.19716   41.00643
jla_mock     0.20852   40.17764    0.16317   40.13754
jla_mock     0.25104   40.51338    0.22086   40.59138
jla_mock     0.25012   40.25618    0.17967   40.58234
jla_mock     0.11771   38.73545    0.14551   38.77674
jla_mock     0.21971   40.21207    0.16999   40.26472
jla_mock     0.14901   39.51925    0.14890   39.33153
jla_mock     0.28742   40.92175    0.18840   40.92654
jla_mock     0.14360   38.90942    0.16640   39.24396
jla_mock     0.32837   41.11540    0.19601   41.25993
jla_mock     0.24625   40.31565    0.16507   40.54396
jla_mock     0.11966   38.79119    0.15027   38.81514
jla_mock     0.32838   41.10230    0.27642   41.26001
jla_mock     0.21513   40.00564    0.18367   40.21341
jla_mock     0.14478   39.14526    0.13617   39.26332
jla_mock     0.13243   39.04730    0.12839   39.05296
jla_mock     0.21082   39.78126    0.16235   40.16418
jla_mock     0.20399   40.07506    0.15781   40.08425
jla_mock     0.27952   40.88327    0.16701   40.85722
jla_mock     0.04428   36.22083    0.15510   36.54551
jla_mock     0.18037   39.67373    0.15078   39.78729
jla_mock     0.26070   40.20257    0.18972   40.68453
jla_mock     0.05654   36.97622    0.18697   37.09513
jla_mock     0.21260   40.04939    0.19195   40.18462
jla_mock     0.36941   41.24658    0.23700   41.55764
jla_mock     0.17386   39.79540    0.13052   39.69910
jla_mock     0.14265   39.13128    0.16863   39.22827
jla_mock     0.17789   39.67814    0.17323   39.75404
jla_mock     0.32837   41.31190    0.20656   41.25993
jla_mock     0.25351   40.33917    0.19561   40.61551
jla_mock     0.30001   40.93247    0.19320   41.03346
jla_mock     0.10589   38.46715    0.14608   38.53030
jla_mock     0.22328   40.40602    0.16844   40.30404
jla_mock     0.11845   38.94206    0.12252   38.79138
jla_mock     0.17653   39.64777    0.17119   39.73563
jla_mock     0.18280   39.51488    0.18907   39.81945
jla_mock     0.29762   40.83967    0.22708   41.01348
jla_mock     0.19699   39.95823    0.16337   39.99971
jla_mock     0.15295   39.02291    0.14755   39.39345
jla_mock     0.24850   40.13495    0.17448   40.56634
jla_mock     0.13818   39.23597    0.12409   39.15309
jla_mock     0.20704   40.09415    0.17045   40.12025
jla_mock     0.21468   40.16621    0.18060   40.20831
jla_mock     0.30632   40.80690    0.21503   41.08550
jla_mock     0.24695   40.58992    0.17120   40.55095
jla_mock     0.19801   40.19412    0.14490   40.01220
jla_mock     0.22256   40.12659    0.15195   40.29616
jla_mock     0.13508   39.16741    0.15131   39.09960
jla_mock     0.21054   39.94531    0.18261   40.16096
jla_mock     0.27258   40.53077    0.16911   40.79482
jla_mock     0.24660   40.27390    0.16169   40.54746
jla_mock     0.22068   40.07501    0.19429   40.27546
jla_mock     0.27447   40.55095    0.19147   40.81196
jla_mock     0.17656   39.62194    0.15540   39.73604
jla_mock     0.31088   40.98527    0.22016   41.12250
jla_mock     0.18435   39.91549    0.17308   39.83976
jla_mock     0.15935   39.35629    0.14827   39.49093
jla_mock     0.21976   40.09126    0.16605   40.26527
jla_mock     0.25205   40.43119    0.18410   40.60127
jla_mock     0.18122   39.72079    0.14940   39.79858
jla_mock     0.17373   40.01883    0.13336   39.69730
jla_mock     0.38047   41.27149    0.24246   41.63265
jla_mock     0.17865   39.77883    0.17172   39.76428
jla_mock     0.24568   40.38415    0.18910   40.53826
jla_mock     0.20910   40.17481    0.16102   40.14428
jla_mock     0.24947   40.35926    0.20971   40.57593
jla_mock     0.13392   38.61337    0.16606   39.07929
jla_mock     0.17706   39.50955    0.16040   39.74282
jla_mock     0.28111   40.95210    0.18775   40.87131
jla_mock     0.17383   39.82736    0.15187   39.69868
jla_mock     0.19654   39.78428    0.16513   39.99418
jla_mock     0.36397   41.89785    0.22725   41.51999
jla_mock     0.37835   41.89414    0.26733   41.61843
jla_mock     0.31646   41.08021    0.21039   41.16711
jla_mock     0.18322   40.00800    0.13519   39.82497
jla_mock     0.24102   40.42767    0.16774   40.49121
jla_mock     0.20203   39.75810    0.19953   40.06085
jla_mock     0.16869   39.38776    0.16512   39.62684
jla_mock     0.19794   40.18906    0.17492   40.01135
jla_mock     0.12276   38.82152    0.14575   38.87499
jla_mock     0.20318   39.90757    0.16105   40.07461
jla_mock     0.12739   38.85472    0.14896   38.96178
jla_mock     0.27549   40.74298    0.19973   40.82116
jla_mock     0.14468   39.38139    0.14722   39.26169
jla_mock     0.33436   41.19800    0.24978   41.30545
jla_mock     0.19580   39.88195    0.15393   39.98507
jla_mock     0.19392   39.92316    0.16375   39.96176
jla_mock     0.24973   40.49760    0.18581   40.57850
jla_mock     0.14860   39.21170    0.14880   39.32499
jla_mock     0.15596   39.46294    0.14872   39.43976
jla_mock     0.09582   38.14135    0.15035   38.29889
jla_mock     0.15065   39.32774    0.15873   39.35748
jla_mock     0.30933   41.43435    0.24716   41.10998
jla_mock     0.24857   40.90895    0.17340   40.56704
jla_mock     0.36554   41.18496    0.24312   41.53091
jla_mock     0.11771   38.79031    0.12848   38.77674
jla_mock     0.19176   40.07192    0.14428   39.93472
jla_mock     0.18255   39.58288    0.16171   39.81616
jla_mock     0.23472   40.47331    0.18445   40.42624
jla_mock     0.24647   40.22267    0.19928   40.54616
jla_mock     0.28845   40.94335    0.18873   40.93544
jla_mock     0.20960   40.25572    0.19927   40.15008
jla_mock     0.19198   39.86621    0.17965   39.93748
jla_mock     0.11402   38.88343    0.12215   38.70241
jla_mock     0.11389   38.33603    0.18397   38.69975
jla_mock     0.19880   39.68164    0.20967   40.02183
jla_mock     0.22058   40.61047    0.22796   40.27436
jla_mock     0.18257   39.73618    0.16454   39.81642
jla_mock     0.15895   39.23661    0.16373   39.48495
jla_mock     0.07849   37.59767    0.14912   37.84038
jla_mock     0.13864   39.27953    0.13217   39.16093
jla_mock     0.18079   39.74987    0.15446   39.79287
jla_mock     0.17757   39.63465    0.18629   39.74972
jla_mock     0.17066   39.54718    0.16102   39.65461
jla_mock     0.23381   40.22569    0.20859   40.41672
jla_mock     0.07153   37.81263    0.17411   37.62842
jla_mock     0.15463   39.17853    0.18792   39.41940
jla_mock     0.09010   38.08814    0.15951   38.15695
jla_mock     0.17658   39.63264    0.20449   39.73631
jla_mock     0.13045   38.87351    0.16441   39.01753
jla_mock     0.18204   39.66468    0.17167   39.80943
jla_mock     0.25617   40.75884    0.17261   40.64125
jla_mock     0.13811   39.16385    0.14854   39.15189
jla_mock     0.17070   39.87668    0.16750   39.65518
jla_mock     0.21674   40.21366    0.14793   40.23156
jla_mock     0.24555   40.52929    0.17888   40.53696
jla_mock     0.14382   39.19935    0.16710   39.24758
jla_mock     0.24862   40.56201    0.18856   40.56753
jla_mock     0.14533   39.23777    0.17139   39.27229
jla_mock     0.13588   39.30576    0.12760   39.11351
jla_mock     0.05874   37.09894    0.12754   37.18137
jla_mock     0.03652   35.99101    0.15192   36.11500
jla_mock     0.27749   40.60012    0.22703   40.83912
jla_mock     0.20515   40.02376    0.29701   40.09800
jla_mock     0.28051   40.41888    0.20079   40.86600
jla_mock     0.19867   40.09556    0.16216   40.02025
jla_mock     0.15999   39.39514    0.15164   39.50048
jla_mock     0.21075   39.81784    0.18113   40.16338
jla_mock     0.07195   37.57707    0.17246   37.64176
jla_mock     0.23782   40.43105    0.19074   40.45841
jla_mock     0.14139   39.41112    0.17359   39.20730
jla_mock     0.15506   39.24727    0.15761   39.42600
jla_mock     0.37013   41.49558    0.22887   41.56259
jla_mock     0.09391   38.01997    0.17056   38.25241
jla_mock     0.11863   38.39842    0.17058   38.79493
jla_mock     0.15363   39.42256    0.15381   39.40398
jla_mock     0.25356   40.46118    0.16810   40.61600
jla_mock     0.10725   38.20339    0.14420   38.55994
jla_mock     0.12961   39.08450    0.15302   39.00235
jla_mock     0.26665   40.58320    0.19376   40.74033
jla_mock     0.21226   39.77733    0.16263   40.18073
jla_mock     0.27822   40.58295    0.18167   40.84564
jla_mock     0.24540   40.22104    0.16812   40.53546
jla_mock     0.13362   39.22681    0.15059   39.07401
jla_mock     0.17656   39.52531    0.16208   39.73604
jla_mock     0.11368   38.62366    0.14584   38.69545
jla_mock     0.32038   41.23976    0.26368   41.19801
jla_mock     0.11271   38.65408    0.12253   38.67548
jla_mock     0.10602   38.26808    0.14473   38.53314
jla_mock     0.39135   41.71785    0.26610   41.70449
jla_mock     0.15575   39.24293    0.14612   39.43656
jla_mock     0.18667   39.67033    0.16762   39.86986
jla_mock     0.19671   39.92015    0.16670   39.99627
jla_mock     0.19191   39.79580    0.17339   39.93660
jla_mock     0.19084   39.99104    0.15088   39.92311
jla_mock     0.17625   39.47600    0.15361   39.73182
jla_mock     0.12837   38.78041    0.15036   38.97977
jla_mock     0.12262   38.72100    0.14734   38.87232
jla_mock     0.12715   38.83281    0.14706   38.95736
jla_mock     0.21323   40.08992    0.17621   40.19182
jla_mock     0.21861   40.05425    0.18110   40.25249
jla_mock     0.26856   40.63276    0.19152   40.75800
jla_mock     0.20466   39.77657    0.16519   40.09220
jla_mock     0.26710   40.57315    0.17378   40.74451
jla_mock     0.21757   40.09839    0.17265   40.24087
jla_mock     0.24185   40.60539    0.17151   40.49965
jla_mock     0.29350   41.02444    0.20072   40.97870
jla_mock     0.35346   41.75728    0.23114   41.44575
jla_mock     0.18563   39.69748    0.15495   39.85641
jla_mock     0.28543   40.63258    0.19928   40.90924
jla_mock     0.19494   39.87378    0.16836   39.97443
jla_mock     0.07592   37.81822    0.14500   37.76429
jla_mock     0.16357   39.37069    0.15778   39.55323
jla_mock     0.25721   40.31631    0.20821   40.65125
jla_mock     0.21955   40.13216    0.18725   40.26294
jla_mock     0.17558   39.89793    0.15163   39.72269
jla_mock     0.22667   40.14244    0.18608   40.34084
jla_mock     0.15322   39.33777    0.15082   39.39764
jla_mock     0.21025   40.01767    0.19550   40.15761
jla_mock     0.12164   38.79743    0.12361   38.85353
jla_mock     0.29135   40.90290    0.19905   40.96037
jla_mock     0.29448   41.05631    0.27860   40.98701
jla_mock     0.16455   39.46524    0.12599   39.56749
jla_mock     0.30702   40.76612    0.20907   41.09122
jla_mock     0.19863   39.97379    0.16158   40.01976
jla_mock     0.26821   40.50780    0.21540   40.75477
jla_mock     0.40128   41.32185    0.24823   41.76846
jla_mock     0.13668   38.94014    0.15334   39.12735
jla_mock     0.29542   40.60395    0.24720   40.99496
jla_mock     0.29192   40.84187    0.19220   40.96524
jla_mock     0.09007   38.18105    0.12097   38.15619
jla_mock     0.20557   40.06766    0.18293   40.10296
jla_mock     0.14582   39.15169    0.14935   39.28026
jla_mock     0.11767   38.76083    0.14487   38.77595
jla_mock     0.05499   36.87217    0.14998   37.03240
jla_mock     0.17420   39.60404    0.15143   39.70378
jla_mock     0.24495   40.62032    0.18021   40.53095
jla_mock     0.22452   40.32139    0.18250   40.31756
jla_mock     0.24558   40.49395    0.16228   40.53726
jla_mock     0.28351   40.75815    0.21250   40.89245
jla_mock     0.18056   39.60158    0.17619   39.78982
jla_mock     0.10391   38.55848    0.12352   38.48649
jla_mock     0.12961   39.09834    0.15327   39.00235
jla_mock     0.24352   40.26109    0.16046   40.51656
jla_mock     0.33136   40.85458    0.26935   41.28275
jla_mock     0.24348   40.51360    0.19048   40.51615
jla_mock     0.31468   41.03092    0.17578   41.15296
jla_mock     0.21865   40.28338    0.18935   40.25293
jla_mock     0.26014   40.40043    0.21926   40.67922
jla_mock     0.28243   40.86197    0.19831   40.88296
jla_mock     0.30041   41.05009    0.20582   41.03679
jla_mock     0.15186   39.37641    0.14864   39.37647
jla_mock     0.26357   41.03237    0.18937   40.71159
jla_mock     0.21382   40.00922    0.20621   40.19854
jla_mock     0.16284   39.66541    0.16762   39.54256
jla_mock     0.12440   38.70864    0.17141   38.90608
jla_mock     0.19465   40.02489    0.13939   39.97083
jla_mock     0.20554   40.03902    0.18299   40.10260
jla_mock     0.10667   38.40024    0.14589   38.54734
jla_mock     0.18772   39.66653    0.18725   39.88338
jla_mock     0.16387   39.42487    0.15682   39.55760
jla_mock     0.29021   40.98596    0.19470   40.95060
jla_mock     0.09401   38.45834    0.12498   38.25487
jla_mock     0.22786   40.32411    0.18010   40.35364
jla_mock     0.10751   38.22795    0.14765   38.56556
jla_mock     0.31065   41.30691    0.22259   41.12065
jla_mock     0.14564   39.26023    0.15576   39.27734
jla_mock     0.08784   38.24218    0.12610   38.09850
jla_mock     0.14839   39.16821    0.15573   39.32164
jla_mock     0.28662   40.58328    0.19366   40.91960
jla_mock     0.12281   39.04460    0.13329   38.87594
jla_mock     0.18655   39.75819    0.20280   39.86832
jla_mock     0.12893   38.97423    0.15504   38.99000
jla_mock     0.19422   39.84931    0.16864   39.96549
jla_mock     0.14800   39.16837    0.14676   39.31541
jla_mock     0.21179   40.01791    0.22866   40.17534
jla_mock     0.17962   39.72026    0.17351   39.77728
jla_mock     0.26349   40.52647    0.18130   40.71084
jla_mock     0.19215   39.89815    0.15957   39.93962
jla_mock     0.33880   41.09681    0.22988   41.33871
jla_mock     0.11741   38.56745    0.14767   38.77078
jla_mock     0.14310   39.20334    0.16842   39.23571
jla_mock     0.16035   39.54372    0.13218   39.50583
jla_mock     0.28872   40.92769    0.21130   40.93777
jla_mock     0.12303   38.54709    0.15465   38.88013
jla_mock     0.26405   41.17570    0.18534   40.71609
jla_mock     0.12608   38.58964    0.17183   38.93753
jla_mock     0.17374   39.67262    0.14981   39.69744
jla_mock     0.16440   39.54050    0.14973   39.56531
jla_mock     0.24961   40.66344    0.16242   40.57731
jla_mock     0.15999   39.46438    0.15137   39.50048
jla_mock     0.24448   40.73233    0.15150   40.52623
jla_mock     0.24851   40.66412    0.17708   40.56644
jla_mock     0.22893   40.15048    0.16848   40.36509
jla_mock     0.08528   37.81703    0.14385   38.03054
jla_mock     0.06282   37.13735    0.14855   37.33331
jla_mock     0.27745   40.72011    0.23370   40.83876
jla_mock     0.27544   40.81065    0.21508   40.82071
jla_mock     0.33051   41.14542    0.21088   41.27628
jla_mock     0.36193   41.08462    0.24565   41.50573
jla_mock     0.33103   41.00919    0.21801   41.28024
jla_mock     0.16050   39.73394    0.12715   39.50806
jla_mock     0.30021   41.33170    0.20430   41.03513
jla_mock     0.11635   38.86503    0.12231   38.74960
jla_mock     0.21829   40.03226    0.16062   40.24892
jla_mock     0.11967   39.02120    0.12046   38.81533
jla_mock     0.15473   39.42559    0.12395   39.42094
jla_mock     0.17810   39.67704    0.16563   39.75688
jla_mock     0.25037   40.65794    0.16561   40.58480
jla_mock     0.25174   40.77791    0.14466   40.59824
jla_mock     0.12953   38.77851    0.14519   39.00090
jla_mock     0.30929   41.34836    0.18811   41.10966
jla_mock     0.27852   40.59114    0.17882   40.84832
jla_mock     0.18581   40.07008    0.13606   39.85875
jla_mock     0.06651   36.98804    0.17228   37.46289
jla_mock     0.25800   40.77680    0.18757   40.65882
jla_mock     0.29888   40.88738    0.21609   41.02403
jla_mock     0.27044   40.70224    0.22437   40.77528
jla_mock     0.27916   40.79472    0.17184   40.85402
jla_mock     0.29287   40.83211    0.21554   40.97334
jla_mock     0.18965   39.78704    0.15711   39.90803
jla_mock     0.26576   41.04997    0.19291   40.73206
jla_mock     0.12376   38.70526    0.14509   38.89399
jla_mock     0.18255   39.75771    0.14972   39.81616
jla_mock     0.05634   37.11250    0.14895   37.08713
jla_mock     0.31288   41.21023    0.18264   41.13858
jla_mock     0.30915   40.85205    0.22329   41.10853
jla_mock     0.20061   40.14787    0.15588   40.04377
jla_mock     0.32640   41.27025    0.20549   41.24480
jla_mock     0.21163   40.30640    0.13899   40.17351
jla_mock     0.17969   39.62467    0.15636   39.77821
jla_mock     0.30240   40.82731    0.19662   41.05329
jla_mock     0.10924   38.58386    0.14870   38.60268
jla_mock     0.08522   37.99303    0.15002   38.02892
jla_mock     0.20231   39.88090    0.16132   40.06421
jla_mock     0.12649   39.02139    0.15585   38.94515
jla_mock     0.21457   39.92430    0.16813   40.20706
jla_mock     0.32045   41.10277    0.19169   41.19856
jla_mock     0.21835   39.94349    0.17273   40.24959
jla_mock     0.19010   39.70087    0.15982   39.91374
jla_mock     0.09243   38.00670    0.15614   38.21577
jla_mock     0.37986   41.61373    0.18489   41.62856
jla_mock     0.21134   39.86354    0.16608   40.17017
jla_mock     0.25833   40.65314    0.18012   40.66198
jla_mock     0.18327   39.66562    0.16856   39.82563
jla_mock     0.21295   39.86744    0.17785   40.18862
jla_mock     0.11651   38.60940    0.15544   38.75281
jla_mock     0.14401   39.21934    0.17186   39.25071
jla_mock     0.25249   40.43734    0.18600   40.60557
jla_mock     0.25539   40.60188    0.21320   40.63373
jla_mock     0.21698   40.30930    0.18861   40.23425
jla_mock     1.26590   44.46100    0.22380   44.79699
jla_mock     0.93577   43.54637    0.22959   43.98915
jla_mock     0.04952   36.50605    0.20229   36.79644
jla_mock     0.03033   35.80283    0.18208   35.70157
jla_mock     0.07458   37.89366    0.21873   37.72360
jla_mock     0.02520   34.97641    0.22034   35.29123
jla_mock     0.01441   33.59229    0.20528   34.06048
jla_mock     0.02079   34.82724    0.19750   34.86681
jla_mock     0.03522   35.42945    0.20378   36.03412
jla_mock     0.04166   36.41585    0.21523   36.40883
jla_mock     0.04240   36.56014    0.20619   36.44838
jla_mock     0.01890   34.71400    0.18362   34.65682
jla_mock     0.07884   37.76693    0.21534   37.85056
jla_mock     0.06334   37.14193    0.20759   37.35224
jla_mock     0.02764   35.21462    0.23142   35.49574
jla_mock     0.04933   36.42238    0.21068   36.78762
jla_mock     0.07015   37.33405    0.22041   37.58415
jla_mock     0.02391   35.18478    0.18368   35.17514
jla_mock     0.05313   37.23391    0.22336   36.95466
jla_mock     0.02495   35.29643    0.18978   35.26944
jla_mock     0.01566   34.04173    0.20165   34.24356
jla_mock     0.04898   36.70060    0.15986   36.77203
jla_mock     0.02240   34.64361    0.18928   35.03106
jla_mock     0.03485   35.66113    0.23666   36.01099
jla_mock     0.01697   34.34098    0.20291   34.41905
jla_mock     0.03072   35.29376    0.18172   35.73037
jla_mock     0.03048   35.60312    0.18204   35.71303
jla_mock     0.01055   33.21068    0.21945   33.37697
jla_mock     0.01426   33.55653    0.17171   34.03675
jla_mock     0.02769   35.29400    0.18125   35.49983
jla_mock     0.05386   36.85727    0.15904   36.98558
jla_mock     0.01767   34.62491    0.19251   34.50873
jla_mock     0.01745   34.35161    0.17037   34.48092
jla_mock     0.01557   34.03388    0.20220   34.23076
jla_mock     0.01006   32.86781    0.23113   33.27290
jla_mock     0.05493   36.93824    0.18431   37.02998
jla_mock     0.03908   36.22864    0.16317   36.26630
jla_mock     0.07832   37.86218    0.18392   37.83534
jla_mock     0.03176   35.94681    0.15356   35.80452
jla_mock     0.01444   33.95518    0.22581   34.06489
jla_mock     0.01353   33.90579    0.22079   33.92255
jla_mock     0.02668   35.16496    0.19350   35.41745
jla_mock     0.02336   35.08796    0.17881   35.12382
jla_mock     0.03693   36.24381    0.19002   36.14013
jla_mock     0.02355   35.05250    0.17820   35.14190
jla_mock     0.01748   34.38615    0.19212   34.48507
jla_mock     0.04026   36.07648    0.17448   36.33252
jla_mock     0.03038   35.30376    0.20408   35.70566
jla_mock     0.01550   34.00820    0.20028   34.22101
jla_mock     0.01415   33.87416    0.18788   34.02052
jla_mock     0.01549   34.15263    0.18431   34.21860
jla_mock     0.01555   33.89567    0.19852   34.22808
jla_mock     0.03707   36.27271    0.15485   36.14862
jla_mock     0.01548   34.20717    0.20250   34.21789
jla_mock     0.01332   34.00943    0.18644   33.88842
jla_mock     0.01457   33.67737    0.20791   34.08532
jla_mock     0.01579   34.35605    0.19847   34.26130
jla_mock     0.02475   35.14993    0.17955   35.25120
jla_mock     0.02775   35.47042    0.17503   35.50463
jla_mock     0.01089   33.42203    0.25478   33.44601
jla_mock     0.01365   34.40962    0.18671   33.94176
jla_mock     0.03576   35.75578    0.16296   36.06783
jla_mock     0.02473   34.94161    0.17711   35.24932
jla_mock     0.03809   35.73160    0.17052   36.20863
jla_mock     0.02154   34.98417    0.17712   34.94487
jla_mock     0.01958   35.11032    0.17899   34.73456
jla_mock     0.03042   35.73531    0.17572   35.70822
jla_mock     0.03922   36.09336    0.17021   36.27406
jla_mock     0.03497   36.25374    0.15988   36.01845
jla_mock     0.02856   35.47650    0.17650   35.56863
jla_mock     0.02100   34.63710    0.18823   34.88845
jla_mock     0.03254   35.91312    0.18232   35.85802
jla_mock     0.01547   33.79533    0.19319   34.21604
jla_mock     0.01568   34.07473    0.20748   34.24552
jla_mock     0.02750   35.46641    0.15599   35.48465
jla_mock     0.04686   36.62608    0.17135   36.67229
jla_mock     0.03317   35.76492    0.18296   35.90099
jla_mock     0.01029   33.23169    0.23550   33.32258
jla_mock     0.08010   37.60143    0.17116   37.88694
jla_mock     0.01232   33.60581    0.20021   33.71613
jla_mock     0.02459   35.07236    0.20631   35.23686
jla_mock     0.01447   33.97431    0.20828   34.06899
jla_mock     0.01515   34.53514    0.18400   34.17085
jla_mock     0.02909   35.56432    0.17337   35.60902
jla_mock     0.03478   35.54840    0.17929   36.00632
jla_mock     0.04492   36.53786    0.14071   36.57766
jla_mock     0.03407   36.02116    0.16958   35.96061
jla_mock     0.07487   37.65630    0.14386   37.73249
jla_mock     0.01496   33.79647    0.19783   34.14256
jla_mock     0.02040   34.78538    0.17104   34.82442
jla_mock     0.04069   36.31084    0.17468   36.35626
jla_mock     0.02657   35.40011    0.18033   35.40830
jla_mock     0.02688   35.23994    0.15331   35.43431
jla_mock     0.02347   34.71791    0.17598   35.13429
jla_mock     0.06912   37.31717    0.19118   37.55045
jla_mock     0.06519   37.64830    0.15880   37.41747
jla_mock     0.02298   34.88143    0.17791   35.08760
jla_mock     0.01739   34.44301    0.19829   34.47296
jla_mock     0.03148   35.87340    0.15109   35.78492
jla_mock     0.01118   33.44092    0.19448   33.50474
jla_mock     0.02196   34.72079    0.17567   34.98697
jla_mock     0.03148   36.18323    0.15081   35.78485
jla_mock     0.02332   34.88471    0.20285   35.12013
jla_mock     0.02039   34.84555    0.18301   34.82377
jla_mock     0.02247   34.96248    0.18141   35.03765
jla_mock     0.03361   36.04161    0.18044   35.93037
jla_mock     0.03697   36.15188    0.17917   36.14224
jla_mock     0.02263   35.20765    0.18007   35.05361
jla_mock     0.01470   33.81533    0.18462   34.10407
jla_mock     0.03695   36.06161    0.14876   36.14109
jla_mock     0.06096   37.30974    0.12531   37.26526
jla_mock     0.05929   37.17112    0.12136   37.20241
jla_mock     0.06975   37.17358    0.15874   37.57107
jla_mock     0.02953   35.51465    0.17470   35.64232
jla_mock     0.03325   35.86621    0.17565   35.90649
jla_mock     0.02416   35.06621    0.18124   35.19813
jla_mock     0.01600   34.34749    0.19156   34.29005
jla_mock     0.06296   37.00479    0.16531   37.33846
jla_mock     0.02171   34.84064    0.19186   34.96170
jla_mock     0.03164   35.81525    0.18944   35.79569
jla_mock     0.01860   34.48060    0.17305   34.62124
jla_mock     0.02706   35.23776    0.17333   35.44934
jla_mock     0.02547   35.34778    0.18470   35.31480
jla_mock     0.02381   35.12580    0.19337   35.16597
jla_mock     0.02387   35.51833    0.18298   35.17126
jla_mock     0.02207   34.84924    0.16678   34.99820
