jla_mock     0.50308   42.25134    0.14571   42.35104
jla_mock     0.58072   42.65649    0.16123   42.72544
jla_mock     0.49479   42.51944    0.12071   42.30792
jla_mock     0.34593   41.53382    0.13253   41.39128
jla_mock     0.67766   43.49212    0.22872   43.13160
jla_mock     0.61071   42.81886    0.22549   42.85755
jla_mock     0.86649   43.45121    0.25803   43.78400
jla_mock     0.33093   41.19450    0.12801   41.27950
jla_mock     0.79857   43.38972    0.25920   43.56670
jla_mock     0.44956   42.40849    0.16140   42.06004
jla_mock     0.37144   41.61965    0.14922   41.57158
jla_mock     0.29172   40.99076    0.14231   40.96351
jla_mock     0.35582   41.47484    0.14101   41.46259
jla_mock     0.46127   41.90563    0.15587   42.12638
jla_mock     0.28361   41.06319    0.13056   40.89333
jla_mock     0.63223   42.87434    0.22183   42.94863
jla_mock     0.46641   42.19933    0.17244   42.15500
jla_mock     0.26862   40.78438    0.12820   40.75859
jla_mock     0.94689   44.13488    0.29225   44.02068
jla_mock     0.92492   43.58093    0.31213   43.95801
jla_mock     0.69317   43.44945    0.29243   43.19137
jla_mock     0.62523   42.71883    0.19089   42.91933
jla_mock     0.89694   43.62713    0.26745   43.87607
jla_mock     0.60826   42.87480    0.15987   42.84699
jla_mock     0.78905   43.95376    0.26933   43.53485
jla_mock     0.57829   42.72598    0.14638   42.71445
jla_mock     0.59028   42.60951    0.18967   42.76823
jla_mock     0.71963   42.99938    0.25305   43.29050
jla_mock     0.21003   40.17212    0.13132   40.15509
jla_mock     0.76659   43.51365    0.22577   43.45813
jla_mock     0.85851   43.78294    0.22290   43.75934
jla_mock     0.36790   41.49307    0.09931   41.54727
jla_mock     0.55875   42.42851    0.15678   42.62447
jla_mock     0.84851   43.86629    0.21739   43.72812
jla_mock     0.99639   44.31920    0.24266   44.15679
jla_mock     0.77659   43.91237    0.26449   43.49256
jla_mock     0.58293   42.72440    0.13307   42.73539
jla_mock     0.58374   42.40111    0.16753   42.73903
jla_mock     0.79655   43.27322    0.22888   43.55998
jla_mock     0.58872   42.58772    0.15579   42.76129
jla_mock     0.91347   43.68038    0.24294   43.92478
jla_mock     0.76859   43.46228    0.23905   43.46504
jla_mock     0.94846   44.26931    0.26528   44.02509
jla_mock     0.51379   42.26159    0.15288   42.40578
jla_mock     0.73361   43.43035    0.19294   43.34148
jla_mock     0.63770   43.33543    0.27011   42.97130
jla_mock     0.76559   43.46768    0.21114   43.45466
jla_mock     0.43486   41.68681    0.15773   41.97447
jla_mock     0.98341   44.35165    0.25880   44.12175
jla_mock     0.58374   42.76752    0.16233   42.73903
jla_mock     0.70063   42.85260    0.21687   43.21970
jla_mock     0.66206   42.93916    0.21295   43.07010
jla_mock     0.83813   43.52922    0.28077   43.69533
jla_mock     0.62187   43.18596    0.17547   42.90516
jla_mock     0.37059   41.39082    0.14292   41.56572
jla_mock     0.41663   41.90754    0.13815   41.86455
jla_mock     0.35857   41.44172    0.10704   41.48209
jla_mock     0.45168   42.12144    0.15279   42.07216
jla_mock     0.52276   42.31556    0.16113   42.45081
jla_mock     0.73400   43.36527    0.30409   43.34288
jla_mock     0.70196   43.69187    0.31177   43.22473
jla_mock     0.74201   43.26110    0.29013   43.37166
jla_mock     0.74612   43.18896    0.21822   43.38631
jla_mock     0.34956   41.39998    0.13473   41.41768
jla_mock     0.59183   42.79100    0.15357   42.77513
jla_mock     0.51475   42.23487    0.15561   42.41060
jla_mock     0.62063   42.76689    0.18447   42.89990
jla_mock     0.64365   42.65081    0.24392   42.99574
jla_mock     1.00280   44.07039    0.33217   44.17391
jla_mock     0.47059   42.38165    0.14421   42.17801
jla_mock     0.61064   43.24218    0.15878   42.85725
jla_mock     0.26349   40.82334    0.12805   40.71081
jla_mock     0.35834   41.72033    0.12919   41.48044
jla_mock     0.74270   43.26790    0.25909   43.37412
jla_mock     0.45156   42.07218    0.11539   42.07145
jla_mock     0.91075   44.13897    0.26165   43.91682
jla_mock     0.55261   42.63805    0.15821   42.59559
jla_mock     0.33753   41.08456    0.12813   41.32927
jla_mock     0.75068   43.53529    0.24281   43.40248
jla_mock     0.98378   43.92808    0.34665   44.12275
jla_mock     0.82270   43.37884    0.22176   43.64588
jla_mock     0.81370   43.48797    0.24257   43.61661
jla_mock     0.95076   43.86896    0.26473   44.03158
jla_mock     0.81773   43.53583    0.24643   43.62977
jla_mock     0.34052   41.11225    0.12574   41.35149
jla_mock     0.96075   44.09189    0.28766   44.05949
jla_mock     0.81072   43.74653    0.27276   43.60686
jla_mock     0.75669   43.73535    0.24755   43.42362
jla_mock     0.61125   43.00306    0.18573   42.85987
jla_mock     0.87797   43.67051    0.22379   43.81907
jla_mock     0.54832   42.77652    0.14258   42.57529
jla_mock     0.80903   43.17268    0.23222   43.60132
jla_mock     1.02880   44.68446    0.28337   44.24234
jla_mock     0.62724   43.13221    0.17555   42.92776
jla_mock     0.42245   41.87890    0.15607   41.90012
jla_mock     0.93390   43.18526    0.35000   43.98380
jla_mock     0.70116   42.89763    0.22741   43.22169
jla_mock     0.69716   43.42035    0.20952   43.20658
jla_mock     0.68518   43.03816    0.27044   43.16074
jla_mock     0.76707   43.45150    0.25234   43.45981
jla_mock     0.93190   44.33206    0.25137   43.97808
jla_mock     0.86398   44.13814    0.24510   43.77625
jla_mock     0.74910   43.63085    0.22590   43.39689
jla_mock     0.51435   42.53561    0.15357   42.40861
jla_mock     0.46841   42.13131    0.11440   42.16601
jla_mock     0.47040   42.08075    0.15655   42.17698
jla_mock     0.95887   44.21149    0.27681   44.05426
jla_mock     0.92791   44.35658    0.29724   43.96663
jla_mock     0.84052   43.60428    0.21913   43.70293
jla_mock     0.63070   43.18681    0.17083   42.94224
jla_mock     0.56275   42.50042    0.14441   42.64315
jla_mock     0.61570   42.65494    0.16969   42.87892
jla_mock     0.82853   43.63671    0.22446   43.66467
jla_mock     0.56474   42.81022    0.16043   42.65238
jla_mock     0.57874   42.75624    0.14758   42.71650
jla_mock     0.55774   42.64364    0.15832   42.61978
jla_mock     0.86450   43.98237    0.22870   43.77785
jla_mock     0.73561   43.77913    0.23469   43.34870
jla_mock     0.85851   43.87025    0.28337   43.75932
jla_mock     0.26198   40.64140    0.10443   40.69667
jla_mock     0.58574   42.32863    0.18661   42.74800
jla_mock     0.76158   43.51191    0.21599   43.44073
jla_mock     0.48880   42.10097    0.11155   42.27631
jla_mock     0.85852   43.63889    0.27431   43.75935
jla_mock     0.68866   43.22857    0.18053   43.17412
jla_mock     0.55874   42.67685    0.15492   42.62446
jla_mock     0.32453   41.40620    0.12602   41.23036
jla_mock     0.48070   42.43594    0.10839   42.23305
jla_mock     0.18537   39.65452    0.13096   39.85305
jla_mock     0.92222   43.55167    0.33855   43.95022
jla_mock     0.68194   42.71665    0.19640   43.14823
jla_mock     0.47571   42.32909    0.10811   42.20600
jla_mock     0.92221   43.52373    0.27644   43.95018
jla_mock     0.89318   43.48141    0.25783   43.86487
jla_mock     0.42865   42.05460    0.14144   41.93748
jla_mock     0.63188   43.15858    0.23474   42.94717
jla_mock     0.69996   43.19973    0.25835   43.21717
jla_mock     0.73601   42.79206    0.26469   43.35013
jla_mock     0.57582   42.79797    0.15954   42.70324
jla_mock     0.41863   41.83004    0.10652   41.87683
jla_mock     0.51175   42.30265    0.12001   42.39540
jla_mock     0.53577   42.49655    0.12653   42.51485
jla_mock     0.64189   42.37344    0.21547   42.98856
jla_mock     0.73500   43.02674    0.22720   43.34649
jla_mock     0.35156   41.53390    0.13079   41.43211
jla_mock     0.60986   42.71889    0.17401   42.85388
jla_mock     0.34956   41.11882    0.13437   41.41766
jla_mock     0.70197   43.26846    0.18820   43.22475
jla_mock     0.35526   41.66268    0.10428   41.45861
jla_mock     0.98328   44.25399    0.25757   44.12140
jla_mock     0.87215   44.02536    0.26598   43.80134
jla_mock     0.75903   43.24282    0.20819   43.43183
jla_mock     0.92622   44.31824    0.24599   43.96176
jla_mock     0.64364   42.90160    0.22846   42.99573
jla_mock     0.41957   41.69043    0.13773   41.88255
jla_mock     0.51559   42.57540    0.20314   42.41484
jla_mock     0.89073   43.84982    0.21058   43.85753
jla_mock     0.80570   43.86516    0.22987   43.59033
jla_mock     0.48057   42.36903    0.10875   42.23231
jla_mock     0.80070   43.37802    0.24546   43.57378
jla_mock     0.58060   42.80397    0.18881   42.72490
jla_mock     0.71565   43.40391    0.24397   43.27584
jla_mock     0.80570   43.71813    0.23277   43.59033
jla_mock     0.76668   43.33258    0.25284   43.45846
jla_mock     0.66464   42.94637    0.19579   43.08037
jla_mock     0.90174   43.24336    0.25191   43.89028
jla_mock     0.74567   43.47720    0.21143   43.38470
jla_mock     0.71868   43.70931    0.20380   43.28702
jla_mock     0.73669   43.00429    0.19636   43.35259
jla_mock     0.57960   42.51037    0.12085   42.72037
jla_mock     0.37053   41.40821    0.10257   41.56534
jla_mock     0.96074   44.20557    0.23956   44.05946
jla_mock     0.85073   44.09134    0.21180   43.73508
jla_mock     0.64864   42.82714    0.19255   43.01611
jla_mock     0.21946   40.13787    0.13037   40.26197
jla_mock     0.93676   43.77417    0.24130   43.99195
jla_mock     0.64764   42.87226    0.17876   43.01204
jla_mock     0.46156   42.33131    0.13341   42.12800
jla_mock     0.60060   42.74796    0.17945   42.81372
jla_mock     0.67065   43.74699    0.23101   43.10415
jla_mock     0.76070   43.10872    0.20946   43.43765
jla_mock     0.24649   40.61607    0.13212   40.54638
jla_mock     0.47057   42.25587    0.14759   42.17794
jla_mock     0.16945   39.58232    0.11210   39.63766
jla_mock     0.49738   42.43881    0.12913   42.32144
jla_mock     0.63823   43.21914    0.19689   42.97350
jla_mock     0.50737   42.34401    0.14543   42.37308
jla_mock     0.53533   42.18354    0.14230   42.51269
jla_mock     0.58728   42.85039    0.16639   42.75489
jla_mock     0.77308   43.59376    0.25621   43.48052
jla_mock     0.69917   42.90214    0.22210   43.21417
jla_mock     0.37051   41.46570    0.12736   41.56520
jla_mock     0.76109   43.53174    0.22809   43.43902
jla_mock     0.69917   43.57174    0.21960   43.21418
jla_mock     0.78806   43.73845    0.19242   43.53150
jla_mock     0.37351   41.71426    0.13203   41.58571
jla_mock     0.40548   41.74748    0.13199   41.79507
jla_mock     0.85299   43.60405    0.25729   43.74216
jla_mock     0.80805   43.48457    0.24185   43.59808
jla_mock     0.60327   42.65602    0.18398   42.82536
jla_mock     0.58329   42.73188    0.17903   42.73700
jla_mock     0.53434   42.49173    0.14774   42.50785
jla_mock     0.72014   43.57876    0.24070   43.29239
jla_mock     0.40048   41.97493    0.21061   41.76340
jla_mock     0.83700   43.84654    0.21503   43.69176
jla_mock     0.37151   41.62270    0.10193   41.57203
jla_mock     0.80604   43.78759    0.25908   43.59147
jla_mock     0.84001   43.55640    0.23507   43.70129
jla_mock     0.50073   42.39729    0.12981   42.33885
jla_mock     0.53277   42.66040    0.17422   42.50018
jla_mock     0.53377   42.77174    0.18215   42.50508
jla_mock     0.93223   43.53269    0.34153   43.97902
jla_mock     0.82210   44.00594    0.25791   43.64395
jla_mock     0.55380   42.47172    0.13545   42.60122
jla_mock     0.12530   38.66841    0.13709   38.92294
jla_mock     0.84212   43.70967    0.28303   43.70800
jla_mock     0.44367   42.12810    0.15187   42.02605
jla_mock     0.72767   43.00021    0.24978   43.31996
jla_mock     0.68366   43.12688    0.41253   43.15487
jla_mock     0.44255   42.17196    0.13368   42.01954
jla_mock     0.72668   43.48561    0.20022   43.31634
jla_mock     0.28251   40.73399    0.12748   40.88366
jla_mock     0.40455   41.45186    0.12965   41.78921
jla_mock     0.51961   42.09643    0.13964   42.43507
jla_mock     0.69065   43.08204    0.23215   43.18177
jla_mock     1.06080   44.22733    0.27869   44.32423
jla_mock     0.57661   42.84485    0.15376   42.70683
jla_mock     0.26849   40.53737    0.12614   40.75735
jla_mock     0.72068   42.83789    0.25107   43.29438
jla_mock     0.25050   40.40812    0.13111   40.58606
jla_mock     0.76069   43.99618    0.27664   43.43763
jla_mock     0.69817   43.48477    0.26129   43.21038
jla_mock     0.55031   42.45028    0.16854   42.58475
jla_mock     0.73013   43.19440    0.23525   43.32888
jla_mock     0.84798   44.00015    0.24703   43.72647
jla_mock     0.99783   44.18518    0.24706   44.16064
jla_mock     0.43545   42.08510    0.13052   41.97792
jla_mock     0.40947   41.75168    0.12922   41.82014
jla_mock     0.30159   41.03391    0.12599   41.04659
jla_mock     1.29911   44.59001    0.19341   44.86622
jla_mock     1.02081   44.49315    0.23668   44.22149
jla_mock     0.83973   43.58218    0.19265   43.70043
jla_mock     1.12085   44.65309    0.20807   44.47149
jla_mock     1.23089   44.40740    0.23900   44.72199
jla_mock     0.97423   43.66444    0.18427   44.09670
jla_mock     0.97078   44.02104    0.33863   44.08723
jla_mock     0.06423   37.59022    0.15073   37.38367
jla_mock     0.12903   38.95377    0.16417   38.99182
jla_mock     0.10289   38.67864    0.14984   38.46361
jla_mock     0.04413   36.53204    0.17360   36.53791
jla_mock     0.11304   38.55614    0.15277   38.68229
jla_mock     0.25611   40.48093    0.20496   40.64067
jla_mock     0.38026   41.35348    0.28703   41.63124
jla_mock     0.14547   39.34472    0.16219   39.27457
jla_mock     0.08889   38.23014    0.14637   38.12583
jla_mock     0.26059   40.80025    0.18294   40.68349
jla_mock     0.07891   37.88207    0.15603   37.85259
jla_mock     0.08304   38.17188    0.15332   37.96945
jla_mock     0.16565   39.74232    0.13854   39.58339
jla_mock     0.16817   39.52228    0.16196   39.61946
jla_mock     0.17063   39.26963    0.16521   39.65419
jla_mock     0.17028   39.35518    0.17036   39.64928
jla_mock     0.12044   38.86797    0.15110   38.83033
jla_mock     0.27653   41.27330    0.21444   40.83051
jla_mock     0.23160   40.03857    0.18253   40.39347
jla_mock     0.30569   40.88402    0.26735   41.08035
jla_mock     0.07997   37.85262    0.16566   37.88313
jla_mock     0.17415   39.65474    0.15831   39.70309
jla_mock     0.13868   39.36681    0.16605   39.16161
jla_mock     0.14607   39.45491    0.16392   39.28432
jla_mock     0.08133   37.73846    0.14393   37.92176
jla_mock     0.23380   40.60344    0.17178   40.41662
jla_mock     0.25655   40.66453    0.17733   40.64491
jla_mock     0.24562   40.30110    0.20041   40.53766
jla_mock     0.12593   38.84578    0.19133   38.93474
jla_mock     0.22351   40.44051    0.21583   40.30655
jla_mock     0.10264   38.70869    0.14664   38.45798
jla_mock     0.11967   38.65778    0.14567   38.81533
jla_mock     0.18055   39.94422    0.16851   39.78968
jla_mock     0.19709   39.63783    0.17390   40.00094
jla_mock     0.22916   40.30092    0.19939   40.36755
jla_mock     0.26451   40.78886    0.19876   40.72040
jla_mock     0.10337   38.41584    0.12264   38.47441
jla_mock     0.36441   41.61230    0.23043   41.52305
jla_mock     0.20560   39.94583    0.15584   40.10331
jla_mock     0.17981   39.40046    0.19620   39.77982
jla_mock     0.19959   39.86168    0.18224   40.03143
jla_mock     0.15653   39.61091    0.15013   39.44844
jla_mock     0.16180   39.81091    0.14761   39.52729
jla_mock     0.20953   40.08101    0.20608   40.14927
jla_mock     0.24179   40.51890    0.19813   40.49904
jla_mock     0.23646   40.46235    0.16266   40.44434
jla_mock     0.22668   40.31756    0.21051   40.34095
jla_mock     0.29678   40.86707    0.19716   41.00643
jla_mock     0.20852   39.64604    0.16317   40.13754
jla_mock     0.25104   40.73378    0.22086   40.59138
jla_mock     0.25012   40.36676    0.17967   40.58234
jla_mock     0.11771   38.83652    0.14551   38.77674
jla_mock     0.21971   40.02531    0.16999   40.26472
jla_mock     0.14901   38.99673    0.14890   39.33153
jla_mock     0.28742   40.93165    0.18840   40.92654
jla_mock     0.14360   39.35557    0.16640   39.24396
jla_mock     0.32837   41.43909    0.19601   41.25993
jla_mock     0.24625   40.59973    0.16507   40.54396
jla_mock     0.11966   38.49642    0.15027   38.81514
jla_mock     0.32838   41.59400    0.27642   41.26001
jla_mock     0.21513   40.09472    0.18367   40.21341
jla_mock     0.14478   39.10622    0.13617   39.26332
jla_mock     0.13243   38.78074    0.12839   39.05296
jla_mock     0.21082   40.27243    0.16235   40.16418
jla_mock     0.20399   40.15423    0.15781   40.08425
jla_mock     0.27952   40.98039    0.16701   40.85722
jla_mock     0.04428   36.54676    0.15510   36.54551
jla_mock     0.18037   39.74094    0.15078   39.78729
jla_mock     0.26070   40.55142    0.18972   40.68453
jla_mock     0.05654   36.62196    0.18697   37.09513
jla_mock     0.21260   39.90444    0.19195   40.18462
jla_mock     0.36941   41.60028    0.23700   41.55764
jla_mock     0.17386   39.86203    0.13052   39.69910
jla_mock     0.14265   39.29638    0.16863   39.22827
jla_mock     0.17789   39.34998    0.17323   39.75404
jla_mock     0.32837   41.59012    0.20656   41.25993
jla_mock     0.25351   40.74174    0.19561   40.61551
jla_mock     0.30001   41.13223    0.19320   41.03346
jla_mock     0.10589   38.84758    0.14608   38.53030
jla_mock     0.22328   40.51809    0.16844   40.30404
jla_mock     0.11845   38.72402    0.12252   38.79138
jla_mock     0.17653   39.42365    0.17119   39.73563
jla_mock     0.18280   39.72229    0.18907   39.81945
jla_mock     0.29762   40.93056    0.22708   41.01348
jla_mock     0.19699   39.96209    0.16337   39.99971
jla_mock     0.15295   39.28698    0.14755   39.39345
jla_mock     0.24850   40.49446    0.17448   40.56634
jla_mock     0.13818   39.31438    0.12409   39.15309
jla_mock     0.20704   40.14415    0.17045   40.12025
jla_mock     0.21468   40.19521    0.18060   40.20831
jla_mock     0.30632   41.09599    0.21503   41.08550
jla_mock     0.24695   40.58128    0.17120   40.55095
jla_mock     0.19801   40.03615    0.14490   40.01220
jla_mock     0.22256   40.44439    0.15195   40.29616
jla_mock     0.13508   39.14064    0.15131   39.09960
jla_mock     0.21054   40.03086    0.18261   40.16096
jla_mock     0.27258   40.68836    0.16911   40.79482
jla_mock     0.24660   40.84501    0.16169   40.54746
jla_mock     0.22068   40.15205    0.19429   40.27546
jla_mock     0.27447   40.89782    0.19147   40.81196
jla_mock     0.17656   39.83889    0.15540   39.73604
jla_mock     0.31088   41.02942    0.22016   41.12250
jla_mock     0.18435   39.93294    0.17308   39.83976
jla_mock     0.15935   39.75211    0.14827   39.49093
jla_mock     0.21976   40.42369    0.16605   40.26527
jla_mock     0.25205   40.66031    0.18410   40.60127
jla_mock     0.18122   39.81446    0.14940   39.79858
jla_mock     0.17373   39.63130    0.13336   39.69730
jla_mock     0.38047   41.61460    0.24246   41.63265
jla_mock     0.17865   39.56952    0.17172   39.76428
jla_mock     0.24568   40.83752    0.18910   40.53826
jla_mock     0.20910   40.22241    0.16102   40.14428
jla_mock     0.24947   40.75776    0.20971   40.57593
jla_mock     0.13392   38.86963    0.16606   39.07929
jla_mock     0.17706   39.65050    0.16040   39.74282
jla_mock     0.28111   40.80217    0.18775   40.87131
jla_mock     0.17383   39.51333    0.15187   39.69868
jla_mock     0.19654   40.33412    0.16513   39.99418
jla_mock     0.36397   41.49421    0.22725   41.51999
jla_mock     0.37835   42.22944    0.26733   41.61843
jla_mock     0.31646   40.78634    0.21039   41.16711
jla_mock     0.18322   39.85639    0.13519   39.82497
jla_mock     0.24102   40.61108    0.16774   40.49121
jla_mock     0.20203   39.59562    0.19953   40.06085
jla_mock     0.16869   39.53439    0.16512   39.62684
jla_mock     0.19794   39.69440    0.17492   40.01135
jla_mock     0.12276   38.79874    0.14575   38.87499
jla_mock     0.20318   39.99626    0.16105   40.07461
jla_mock     0.12739   38.92849    0.14896   38.96178
jla_mock     0.27549   40.99255    0.19973   40.82116
jla_mock     0.14468   38.95629    0.14722   39.26169
jla_mock     0.33436   42.01607    0.24978   41.30545
jla_mock     0.19580   39.91547    0.15393   39.98507
jla_mock     0.19392   40.00015    0.16375   39.96176
jla_mock     0.24973   40.69676    0.18581   40.57850
jla_mock     0.14860   39.06146    0.14880   39.32499
jla_mock     0.15596   39.32554    0.14872   39.43976
jla_mock     0.09582   38.04944    0.15035   38.29889
jla_mock     0.15065   39.50948    0.15873   39.35748
jla_mock     0.30933   41.32105    0.24716   41.10998
jla_mock     0.24857   40.29464    0.17340   40.56704
jla_mock     0.36554   41.69292    0.24312   41.53091
jla_mock     0.11771   38.66632    0.12848   38.77674
jla_mock     0.19176   39.82392    0.14428   39.93472
jla_mock     0.18255   39.95412    0.16171   39.81616
jla_mock     0.23472   40.48063    0.18445   40.42624
jla_mock     0.24647   40.19633    0.19928   40.54616
jla_mock     0.28845   40.87017    0.18873   40.93544
jla_mock     0.20960   40.08312    0.19927   40.15008
jla_mock     0.19198   39.90875    0.17965   39.93748
jla_mock     0.11402   38.76474    0.12215   38.70241
jla_mock     0.11389   38.94446    0.18397   38.69975
jla_mock     0.19880   40.26778    0.20967   40.02183
jla_mock     0.22058   40.38455    0.22796   40.27436
jla_mock     0.18257   39.54812    0.16454   39.81642
jla_mock     0.15895   39.44681    0.16373   39.48495
jla_mock     0.07849   37.87964    0.14912   37.84038
jla_mock     0.13864   39.25578    0.13217   39.16093
jla_mock     0.18079   39.60438    0.15446   39.79287
jla_mock     0.17757   39.97234    0.18629   39.74972
jla_mock     0.17066   39.82620    0.16102   39.65461
jla_mock     0.23381   40.50053    0.20859   40.41672
jla_mock     0.07153   37.91720    0.17411   37.62842
jla_mock     0.15463   39.57173    0.18792   39.41940
jla_mock     0.09010   37.97739    0.15951   38.15695
jla_mock     0.17658   39.82240    0.20449   39.73631
jla_mock     0.13045   39.16998    0.16441   39.01753
jla_mock     0.18204   40.01075    0.17167   39.80943
jla_mock     0.25617   40.62015    0.17261   40.64125
jla_mock     0.13811   39.10893    0.14854   39.15189
jla_mock     0.17070   39.46358    0.16750   39.65518
jla_mock     0.21674   40.40024    0.14793   40.23156
jla_mock     0.24555   40.37960    0.17888   40.53696
jla_mock     0.14382   39.26883    0.16710   39.24758
jla_mock     0.24862   40.81967    0.18856   40.56753
jla_mock     0.14533   39.27735    0.17139   39.27229
jla_mock     0.13588   39.28534    0.12760   39.11351
jla_mock     0.05874   37.12106    0.12754   37.18137
jla_mock     0.03652   36.14115    0.15192   36.11500
jla_mock     0.27749   40.78152    0.22703   40.83912
jla_mock     0.20515   39.87466    0.29701   40.09800
jla_mock     0.28051   40.44991    0.20079   40.86600
jla_mock     0.19867   39.92801    0.16216   40.02025
jla_mock     0.15999   39.36965    0.15164   39.50048
jla_mock     0.21075   40.34509    0.18113   40.16338
jla_mock     0.07195   37.32413    0.17246   37.64176
jla_mock     0.23782   40.58437    0.19074   40.45841
jla_mock     0.14139   38.97633    0.17359   39.20730
jla_mock     0.15506   39.32925    0.15761   39.42600
jla_mock     0.37013   41.66468    0.22887   41.56259
jla_mock     0.09391   38.34147    0.17056   38.25241
jla_mock     0.11863   38.91440    0.17058   38.79493
jla_mock     0.15363   39.20302    0.15381   39.40398
jla_mock     0.25356   40.80294    0.16810   40.61600
jla_mock     0.10725   38.66026    0.14420   38.55994
jla_mock     0.12961   39.12986    0.15302   39.00235
jla_mock     0.26665   41.20895    0.19376   40.74033
jla_mock     0.21226   40.23077    0.16263   40.18073
jla_mock     0.27822   40.94641    0.18167   40.84564
jla_mock     0.24540   40.46883    0.16812   40.53546
jla_mock     0.13362   38.92138    0.15059   39.07401
jla_mock     0.17656   40.04793    0.16208   39.73604
jla_mock     0.11368   38.50864    0.14584   38.69545
jla_mock     0.32038   40.83437    0.26368   41.19801
jla_mock     0.11271   38.78841    0.12253   38.67548
jla_mock     0.10602   38.62568    0.14473   38.53314
jla_mock     0.39135   41.87556    0.26610   41.70449
jla_mock     0.15575   39.48156    0.14612   39.43656
jla_mock     0.18667   39.90865    0.16762   39.86986
jla_mock     0.19671   39.90545    0.16670   39.99627
jla_mock     0.19191   39.87729    0.17339   39.93660
jla_mock     0.19084   39.63321    0.15088   39.92311
jla_mock     0.17625   39.93276    0.15361   39.73182
jla_mock     0.12837   38.97935    0.15036   38.97977
jla_mock     0.12262   38.93294    0.14734   38.87232
jla_mock     0.12715   39.26635    0.14706   38.95736
jla_mock     0.21323   40.31559    0.17621   40.19182
jla_mock     0.21861   40.44775    0.18110   40.25249
jla_mock     0.26856   40.72689    0.19152   40.75800
jla_mock     0.20466   40.15528    0.16519   40.09220
jla_mock     0.26710   40.86430    0.17378   40.74451
jla_mock     0.21757   40.17539    0.17265   40.24087
jla_mock     0.24185   40.61624    0.17151   40.49965
jla_mock     0.29350   40.84916    0.20072   40.97870
jla_mock     0.35346   41.40314    0.23114   41.44575
jla_mock     0.18563   39.77415    0.15495   39.85641
jla_mock     0.28543   40.75492    0.19928   40.90924
jla_mock     0.19494   39.70337    0.16836   39.97443
jla_mock     0.07592   37.67724    0.14500   37.76429
jla_mock     0.16357   39.70288    0.15778   39.55323
jla_mock     0.25721   40.56221    0.20821   40.65125
jla_mock     0.21955   40.38799    0.18725   40.26294
jla_mock     0.17558   39.84827    0.15163   39.72269
jla_mock     0.22667   40.31591    0.18608   40.34084
jla_mock     0.15322   39.34691    0.15082   39.39764
jla_mock     0.21025   40.07897    0.19550   40.15761
jla_mock     0.12164   38.78493    0.12361   38.85353
jla_mock     0.29135   40.46704    0.19905   40.96037
jla_mock     0.29448   40.90423    0.27860   40.98701
jla_mock     0.16455   39.44322    0.12599   39.56749
jla_mock     0.30702   41.23599    0.20907   41.09122
jla_mock     0.19863   39.90688    0.16158   40.01976
jla_mock     0.26821   40.83005    0.21540   40.75477
jla_mock     0.40128   41.93192    0.24823   41.76846
jla_mock     0.13668   39.20473    0.15334   39.12735
jla_mock     0.29542   40.66454    0.24720   40.99496
jla_mock     0.29192   41.05935    0.19220   40.96524
jla_mock     0.09007   38.14861    0.12097   38.15619
jla_mock     0.20557   40.27515    0.18293   40.10296
jla_mock     0.14582   39.09894    0.14935   39.28026
jla_mock     0.11767   38.55786    0.14487   38.77595
jla_mock     0.05499   37.23155    0.14998   37.03240
jla_mock     0.17420   39.71063    0.15143   39.70378
jla_mock     0.24495   40.17489    0.18021   40.53095
jla_mock     0.22452   39.74911    0.18250   40.31756
jla_mock     0.24558   40.26046    0.16228   40.53726
jla_mock     0.28351   40.97303    0.21250   40.89245
jla_mock     0.18056   39.81484    0.17619   39.78982
jla_mock     0.10391   38.44865    0.12352   38.48649
jla_mock     0.12961   38.96953    0.15327   39.00235
jla_mock     0.24352   40.65870    0.16046   40.51656
jla_mock     0.33136   41.64887    0.26935   41.28275
jla_mock     0.24348   40.29357    0.19048   40.51615
jla_mock     0.31468   41.37192    0.17578   41.15296
jla_mock     0.21865   40.19561    0.18935   40.25293
jla_mock     0.26014   40.81012    0.21926   40.67922
jla_mock     0.28243   40.89823    0.19831   40.88296
jla_mock     0.30041   40.89531    0.20582   41.03679
jla_mock     0.15186   39.48861    0.14864   39.37647
jla_mock     0.26357   40.90200    0.18937   40.71159
jla_mock     0.21382   40.37630    0.20621   40.19854
jla_mock     0.16284   39.31444    0.16762   39.54256
jla_mock     0.12440   39.07158    0.17141   38.90608
jla_mock     0.19465   39.92579    0.13939   39.97083
jla_mock     0.20554   39.88418    0.18299   40.10260
jla_mock     0.10667   38.56130    0.14589   38.54734
jla_mock     0.18772   40.10877    0.18725   39.88338
jla_mock     0.16387   39.80657    0.15682   39.55760
jla_mock     0.29021   41.23599    0.19470   40.95060
jla_mock     0.09401   38.43186    0.12498   38.25487
jla_mock     0.22786   40.48734    0.18010   40.35364
jla_mock     0.10751   38.63925    0.14765   38.56556
jla_mock     0.31065   40.67408    0.22259   41.12065
jla_mock     0.14564   39.01417    0.15576   39.27734
jla_mock     0.08784   38.15335    0.12610   38.09850
jla_mock     0.14839   39.53714    0.15573   39.32164
jla_mock     0.28662   41.06858    0.19366   40.91960
jla_mock     0.12281   39.03359    0.13329   38.87594
jla_mock     0.18655   39.71695    0.20280   39.86832
jla_mock     0.12893   39.15839    0.15504   38.99000
jla_mock     0.19422   39.91854    0.16864   39.96549
jla_mock     0.14800   39.43331    0.14676   39.31541
jla_mock     0.21179   40.09051    0.22866   40.17534
jla_mock     0.17962   39.95351    0.17351   39.77728
jla_mock     0.26349   40.62121    0.18130   40.71084
jla_mock     0.19215   40.15895    0.15957   39.93962
jla_mock     0.33880   41.11900    0.22988   41.33871
jla_mock     0.11741   39.02996    0.14767   38.77078
jla_mock     0.14310   39.15815    0.16842   39.23571
jla_mock     0.16035   39.35864    0.13218   39.50583
jla_mock     0.28872   40.96571    0.21130   40.93777
jla_mock     0.12303   38.89207    0.15465   38.88013
jla_mock     0.26405   40.67093    0.18534   40.71609
jla_mock     0.12608   38.70817    0.17183   38.93753
jla_mock     0.17374   39.76336    0.14981   39.69744
jla_mock     0.16440   39.43351    0.14973   39.56531
jla_mock     0.24961   40.58587    0.16242   40.57731
jla_mock     0.15999   39.47760    0.15137   39.50048
jla_mock     0.24448   40.39201    0.15150   40.52623
jla_mock     0.24851   40.52878    0.17708   40.56644
jla_mock     0.22893   40.08671    0.16848   40.36509
jla_mock     0.08528   38.15377    0.14385   38.03054
jla_mock     0.06282   37.05234    0.14855   37.33331
jla_mock     0.27745   41.00382    0.23370   40.83876
jla_mock     0.27544   40.94224    0.21508   40.82071
jla_mock     0.33051   41.61389    0.21088   41.27628
jla_mock     0.36193   41.62933    0.24565   41.50573
jla_mock     0.33103   40.92008    0.21801   41.28024
jla_mock     0.16050   39.43955    0.12715   39.50806
jla_mock     0.30021   41.06777    0.20430   41.03513
jla_mock     0.11635   38.83306    0.12231   38.74960
jla_mock     0.21829   40.07425    0.16062   40.24892
jla_mock     0.11967   38.87200    0.12046   38.81533
jla_mock     0.15473   39.40838    0.12395   39.42094
jla_mock     0.17810   39.65625    0.16563   39.75688
jla_mock     0.25037   40.55546    0.16561   40.58480
jla_mock     0.25174   40.43424    0.14466   40.59824
jla_mock     0.12953   38.98915    0.14519   39.00090
jla_mock     0.30929   40.76441    0.18811   41.10966
jla_mock     0.27852   41.05341    0.17882   40.84832
jla_mock     0.18581   39.83143    0.13606   39.85875
jla_mock     0.06651   37.49079    0.17228   37.46289
jla_mock     0.25800   40.42321    0.18757   40.65882
jla_mock     0.29888   40.87514    0.21609   41.02403
jla_mock     0.27044   40.58619    0.22437   40.77528
jla_mock     0.27916   40.58426    0.17184   40.85402
jla_mock     0.29287   40.85351    0.21554   40.97334
jla_mock     0.18965   39.72793    0.15711   39.90803
jla_mock     0.26576   40.42526    0.19291   40.73206
jla_mock     0.12376   39.07489    0.14509   38.89399
jla_mock     0.18255   39.57542    0.14972   39.81616
jla_mock     0.05634   37.14227    0.14895   37.08713
jla_mock     0.31288   41.11320    0.18264   41.13858
jla_mock     0.30915   41.70215    0.22329   41.10853
jla_mock     0.20061   40.17135    0.15588   40.04377
jla_mock     0.32640   41.44414    0.20549   41.24480
jla_mock     0.21163   40.05001    0.13899   40.17351
jla_mock     0.17969   39.75889    0.15636   39.77821
jla_mock     0.30240   40.99442    0.19662   41.05329
jla_mock     0.10924   38.73089    0.14870   38.60268
jla_mock     0.08522   38.11483    0.15002   38.02892
jla_mock     0.20231   40.25211    0.16132   40.06421
jla_mock     0.12649   38.86859    0.15585   38.94515
jla_mock     0.21457   40.31237    0.16813   40.20706
jla_mock     0.32045   41.33300    0.19169   41.19856
jla_mock     0.21835   40.21428    0.17273   40.24959
jla_mock     0.19010   39.99947    0.15982   39.91374
jla_mock     0.09243   38.31082    0.15614   38.21577
jla_mock     0.37986   41.97869    0.18489   41.62856
jla_mock     0.21134   40.24291    0.16608   40.17017
jla_mock     0.25833   40.92598    0.18012   40.66198
jla_mock     0.18327   39.77021    0.16856   39.82563
jla_mock     0.21295   40.58995    0.17785   40.18862
jla_mock     0.11651   38.44808    0.15544   38.75281
jla_mock     0.14401   39.19421    0.17186   39.25071
jla_mock     0.25249   40.66980    0.18600   40.60557
jla_mock     0.25539   40.49498    0.21320   40.63373
jla_mock     0.21698   40.53191    0.18861   40.23425
jla_mock     1.26590   44.52146    0.22380   44.79699
jla_mock     0.93577   43.69010    0.22959   43.98915
jla_mock     0.04952   36.93028    0.20229   36.79644
jla_mock     0.03033   35.53912    0.18208   35.70157
jla_mock     0.07458   37.57787    0.21873   37.72360
jla_mock     0.02520   35.21523    0.22034   35.29123
jla_mock     0.01441   34.36930    0.20528   34.06048
jla_mock     0.02079   34.73768    0.19750   34.86681
jla_mock     0.03522   36.16622    0.20378   36.03412
jla_mock     0.04166   36.15295    0.21523   36.40883
jla_mock     0.04240   36.60977    0.20619   36.44838
jla_mock     0.01890   34.75706    0.18362   34.65682
jla_mock     0.07884   37.82103    0.21534   37.85056
jla_mock     0.06334   37.49821    0.20759   37.35224
jla_mock     0.02764   35.47943    0.23142   35.49574
jla_mock     0.04933   36.90728    0.21068   36.78762
jla_mock     0.07015   37.87863    0.22041   37.58415
jla_mock     0.02391   35.30422    0.18368   35.17514
jla_mock     0.05313   36.72863    0.22336   36.95466
jla_mock     0.02495   35.24100    0.18978   35.26944
jla_mock     0.01566   34.22872    0.20165   34.24356
jla_mock     0.04898   37.14695    0.15986   36.77203
jla_mock     0.02240   35.04277    0.18928   35.03106
jla_mock     0.03485   36.48659    0.23666   36.01099
jla_mock     0.01697   34.58200    0.20291   34.41905
jla_mock     0.03072   36.00937    0.18172   35.73037
jla_mock     0.03048   35.77190    0.18204   35.71303
jla_mock     0.01055   33.09688    0.21945   33.37697
jla_mock     0.01426   34.02272    0.17171   34.03675
jla_mock     0.02769   35.49662    0.18125   35.49983
jla_mock     0.05386   36.92673    0.15904   36.98558
jla_mock     0.01767   34.42317    0.19251   34.50873
jla_mock     0.01745   34.44437    0.17037   34.48092
jla_mock     0.01557   34.53666    0.20220   34.23076
jla_mock     0.01006   32.90484    0.23113   33.27290
jla_mock     0.05493   37.20701    0.18431   37.02998
jla_mock     0.03908   36.32675    0.16317   36.26630
jla_mock     0.07832   37.86496    0.18392   37.83534
jla_mock     0.03176   35.64881    0.15356   35.80452
jla_mock     0.01444   34.17697    0.22581   34.06489
jla_mock     0.01353   33.79436    0.22079   33.92255
jla_mock     0.02668   35.55739    0.19350   35.41745
jla_mock     0.02336   34.98433    0.17881   35.12382
jla_mock     0.03693   36.35167    0.19002   36.14013
jla_mock     0.02355   35.35381    0.17820   35.14190
jla_mock     0.01748   35.01339    0.19212   34.48507
jla_mock     0.04026   36.32800    0.17448   36.33252
jla_mock     0.03038   35.83665    0.20408   35.70566
jla_mock     0.01550   34.33292    0.20028   34.22101
jla_mock     0.01415   33.94858    0.18788   34.02052
jla_mock     0.01549   34.25609    0.18431   34.21860
jla_mock     0.01555   34.14735    0.19852   34.22808
jla_mock     0.03707   36.12087    0.15485   36.14862
jla_mock     0.01548   34.19436    0.20250   34.21789
jla_mock     0.01332   33.78580    0.18644   33.88842
jla_mock     0.01457   34.15359    0.20791   34.08532
jla_mock     0.01579   34.34773    0.19847   34.26130
jla_mock     0.02475   35.44249    0.17955   35.25120
jla_mock     0.02775   35.69379    0.17503   35.50463
jla_mock     0.01089   33.62056    0.25478   33.44601
jla_mock     0.01365   33.75708    0.18671   33.94176
jla_mock     0.03576   36.19454    0.16296   36.06783
jla_mock     0.02473   35.27928    0.17711   35.24932
jla_mock     0.03809   36.09322    0.17052   36.20863
jla_mock     0.02154   34.81299    0.17712   34.94487
jla_mock     0.01958   34.62172    0.17899   34.73456
jla_mock     0.03042   36.09137    0.17572   35.70822
jla_mock     0.03922   36.17244    0.17021   36.27406
jla_mock     0.03497   35.86254    0.15988   36.01845
jla_mock     0.02856   35.67146    0.17650   35.56863
jla_mock     0.02100   35.18263    0.18823   34.88845
jla_mock     0.03254   35.59944    0.18232   35.85802
jla_mock     0.01547   34.36259    0.19319   34.21604
jla_mock     0.01568   34.29411    0.20748   34.24552
jla_mock     0.02750   35.46068    0.15599   35.48465
jla_mock     0.04686   36.60328    0.17135   36.67229
jla_mock     0.03317   35.95211    0.18296   35.90099
jla_mock     0.01029   33.19817    0.23550   33.32258
jla_mock     0.08010   38.07301    0.17116   37.88694
jla_mock     0.01232   33.57509    0.20021   33.71613
jla_mock     0.02459   35.32837    0.20631   35.23686
jla_mock     0.01447   34.03944    0.20828   34.06899
jla_mock     0.01515   34.69968    0.18400   34.17085
jla_mock     0.02909   35.77870    0.17337   35.60902
jla_mock     0.03478   35.92832    0.17929   36.00632
jla_mock     0.04492   36.46986    0.14071   36.57766
jla_mock     0.03407   35.94942    0.16958   35.96061
jla_mock     0.07487   37.68498    0.14386   37.73249
jla_mock     0.01496   33.88772    0.19783   34.14256
jla_mock     0.02040   34.92443    0.17104   34.82442
jla_mock     0.04069   36.18490    0.17468   36.35626
jla_mock     0.02657   35.44155    0.18033   35.40830
jla_mock     0.02688   35.65634    0.15331   35.43431
jla_mock     0.02347   35.19574    0.17598   35.13429
jla_mock     0.06912   37.81082    0.19118   37.55045
jla_mock     0.06519   37.39527    0.15880   37.41747
jla_mock     0.02298   34.77233    0.17791   35.08760
jla_mock     0.01739   34.56894    0.19829   34.47296
jla_mock     0.03148   35.87002    0.15109   35.78492
jla_mock     0.01118   33.49499    0.19448   33.50474
jla_mock     0.02196   35.16045    0.17567   34.98697
jla_mock     0.03148   35.89607    0.15081   35.78485
jla_mock     0.02332   35.15489    0.20285   35.12013
jla_mock     0.02039   34.82930    0.18301   34.82377
jla_mock     0.02247   35.12468    0.18141   35.03765
jla_mock     0.03361   36.11192    0.18044   35.93037
jla_mock     0.03697   36.11987    0.17917   36.14224
jla_mock     0.02263   34.90317    0.18007   35.05361
jla_mock     0.01470   34.33388    0.18462   34.10407
jla_mock     0.03695   36.29032    0.14876   36.14109
jla_mock     0.06096   37.15447    0.12531   37.26526
jla_mock     0.05929   37.16470    0.12136   37.20241
jla_mock     0.06975   37.59350    0.15874   37.57107
jla_mock     0.02953   35.90649    0.17470   35.64232
jla_mock     0.03325   35.91399    0.17565   35.90649
jla_mock     0.02416   35.04683    0.18124   35.19813
jla_mock     0.01600   34.60693    0.19156   34.29005
jla_mock     0.06296   37.43211    0.16531   37.33846
jla_mock     0.02171   34.87416    0.19186   34.96170
jla_mock     0.03164   35.90864    0.18944   35.79569
jla_mock     0.01860   34.73901    0.17305   34.62124
jla_mock     0.02706   35.61303    0.17333   35.44934
jla_mock     0.02547   34.96880    0.18470   35.31480
jla_mock     0.02381   35.33879    0.19337   35.16597
jla_mock     0.02387   35.25575    0.18298   35.17126
jla_mock     0.02207   35.01271    0.16678   34.99820
