jla_mock     0.50308   42.60576    0.14571   42.35104
jla_mock     0.58072   43.18586    0.16123   42.72544
jla_mock     0.49479   42.23300    0.12071   42.30792
jla_mock     0.34593   41.30993    0.13253   41.39128
jla_mock     0.67766   43.16028    0.22872   43.13160
jla_mock     0.61071   42.69667    0.22549   42.85755
jla_mock     0.86649   43.63593    0.25803   43.78400
jla_mock     0.33093   41.04572    0.12801   41.27950
jla_mock     0.79857   43.98167    0.25920   43.56670
jla_mock     0.44956   42.01300    0.16140   42.06004
jla_mock     0.37144   41.46462    0.14922   41.57158
jla_mock     0.29172   40.93944    0.14231   40.96351
jla_mock     0.35582   41.28995    0.14101   41.46259
jla_mock     0.46127   42.06565    0.15587   42.12638
jla_mock     0.28361   40.82123    0.13056   40.89333
jla_mock     0.63223   42.84651    0.22183   42.94863
jla_mock     0.46641   42.17456    0.17244   42.15500
jla_mock     0.26862   40.95396    0.12820   40.75859
jla_mock     0.94689   43.90341    0.29225   44.02068
jla_mock     0.92492   44.43565    0.31213   43.95801
jla_mock     0.69317   43.18675    0.29243   43.19137
jla_mock     0.62523   43.25821    0.19089   42.91933
jla_mock     0.89694   43.97598    0.26745   43.87607
jla_mock     0.60826   42.91594    0.15987   42.84699
jla_mock     0.78905   43.69846    0.26933   43.53485
jla_mock     0.57829   42.83867    0.14638   42.71445
jla_mock     0.59028   42.69595    0.18967   42.76823
jla_mock     0.71963   43.68999    0.25305   43.29050
jla_mock     0.21003   39.91236    0.13132   40.15509
jla_mock     0.76659   43.71891    0.22577   43.45813
jla_mock     0.85851   43.42254    0.22290   43.75934
jla_mock     0.36790   41.53220    0.09931   41.54727
jla_mock     0.55875   42.52048    0.15678   42.62447
jla_mock     0.84851   43.89551    0.21739   43.72812
jla_mock     0.99639   44.34954    0.24266   44.15679
jla_mock     0.77659   43.48916    0.26449   43.49256
jla_mock     0.58293   42.66268    0.13307   42.73539
jla_mock     0.58374   42.98036    0.16753   42.73903
jla_mock     0.79655   43.31780    0.22888   43.55998
jla_mock     0.58872   42.95203    0.15579   42.76129
jla_mock     0.91347   43.72540    0.24294   43.92478
jla_mock     0.76859   43.39967    0.23905   43.46504
jla_mock     0.94846   44.09308    0.26528   44.02509
jla_mock     0.51379   42.66494    0.15288   42.40578
jla_mock     0.73361   43.28621    0.19294   43.34148
jla_mock     0.63770   43.17480    0.27011   42.97130
jla_mock     0.76559   43.29362    0.21114   43.45466
jla_mock     0.43486   42.16743    0.15773   41.97447
jla_mock     0.98341   44.06348    0.25880   44.12175
jla_mock     0.58374   42.74320    0.16233   42.73903
jla_mock     0.70063   43.28538    0.21687   43.21970
jla_mock     0.66206   42.88522    0.21295   43.07010
jla_mock     0.83813   43.72230    0.28077   43.69533
jla_mock     0.62187   42.60370    0.17547   42.90516
jla_mock     0.37059   41.49264    0.14292   41.56572
jla_mock     0.41663   41.61985    0.13815   41.86455
jla_mock     0.35857   41.21713    0.10704   41.48209
jla_mock     0.45168   42.21656    0.15279   42.07216
jla_mock     0.52276   42.54886    0.16113   42.45081
jla_mock     0.73400   43.44704    0.30409   43.34288
jla_mock     0.70196   43.64075    0.31177   43.22473
jla_mock     0.74201   43.57475    0.29013   43.37166
jla_mock     0.74612   43.51791    0.21822   43.38631
jla_mock     0.34956   41.36408    0.13473   41.41768
jla_mock     0.59183   43.00271    0.15357   42.77513
jla_mock     0.51475   42.61070    0.15561   42.41060
jla_mock     0.62063   43.35054    0.18447   42.89990
jla_mock     0.64365   42.89798    0.24392   42.99574
jla_mock     1.00280   44.18876    0.33217   44.17391
jla_mock     0.47059   41.67033    0.14421   42.17801
jla_mock     0.61064   43.04315    0.15878   42.85725
jla_mock     0.26349   40.69037    0.12805   40.71081
jla_mock     0.35834   41.62929    0.12919   41.48044
jla_mock     0.74270   43.24872    0.25909   43.37412
jla_mock     0.45156   42.12842    0.11539   42.07145
jla_mock     0.91075   44.04956    0.26165   43.91682
jla_mock     0.55261   42.56081    0.15821   42.59559
jla_mock     0.33753   41.60178    0.12813   41.32927
jla_mock     0.75068   43.16129    0.24281   43.40248
jla_mock     0.98378   44.77737    0.34665   44.12275
jla_mock     0.82270   43.73363    0.22176   43.64588
jla_mock     0.81370   43.50199    0.24257   43.61661
jla_mock     0.95076   43.94551    0.26473   44.03158
jla_mock     0.81773   43.78773    0.24643   43.62977
jla_mock     0.34052   41.57626    0.12574   41.35149
jla_mock     0.96075   44.06893    0.28766   44.05949
jla_mock     0.81072   43.24150    0.27276   43.60686
jla_mock     0.75669   43.35961    0.24755   43.42362
jla_mock     0.61125   42.87140    0.18573   42.85987
jla_mock     0.87797   43.96668    0.22379   43.81907
jla_mock     0.54832   42.62276    0.14258   42.57529
jla_mock     0.80903   43.63587    0.23222   43.60132
jla_mock     1.02880   44.23075    0.28337   44.24234
jla_mock     0.62724   42.88564    0.17555   42.92776
jla_mock     0.42245   41.88910    0.15607   41.90012
jla_mock     0.93390   44.20832    0.35000   43.98380
jla_mock     0.70116   43.35532    0.22741   43.22169
jla_mock     0.69716   43.49637    0.20952   43.20658
jla_mock     0.68518   43.33074    0.27044   43.16074
jla_mock     0.76707   43.84604    0.25234   43.45981
jla_mock     0.93190   43.68600    0.25137   43.97808
jla_mock     0.86398   43.81436    0.24510   43.77625
jla_mock     0.74910   43.51808    0.22590   43.39689
jla_mock     0.51435   42.57954    0.15357   42.40861
jla_mock     0.46841   42.29775    0.11440   42.16601
jla_mock     0.47040   42.53584    0.15655   42.17698
jla_mock     0.95887   43.62487    0.27681   44.05426
jla_mock     0.92791   44.20221    0.29724   43.96663
jla_mock     0.84052   43.56375    0.21913   43.70293
jla_mock     0.63070   42.84639    0.17083   42.94224
jla_mock     0.56275   42.90315    0.14441   42.64315
jla_mock     0.61570   42.98896    0.16969   42.87892
jla_mock     0.82853   43.56987    0.22446   43.66467
jla_mock     0.56474   42.69984    0.16043   42.65238
jla_mock     0.57874   42.73832    0.14758   42.71650
jla_mock     0.55774   42.43085    0.15832   42.61978
jla_mock     0.86450   44.06444    0.22870   43.77785
jla_mock     0.73561   43.54011    0.23469   43.34870
jla_mock     0.85851   43.48210    0.28337   43.75932
jla_mock     0.26198   40.74636    0.10443   40.69667
jla_mock     0.58574   42.70299    0.18661   42.74800
jla_mock     0.76158   43.14534    0.21599   43.44073
jla_mock     0.48880   42.32476    0.11155   42.27631
jla_mock     0.85852   43.78931    0.27431   43.75935
jla_mock     0.68866   43.29379    0.18053   43.17412
jla_mock     0.55874   42.86916    0.15492   42.62446
jla_mock     0.32453   41.12984    0.12602   41.23036
jla_mock     0.48070   42.25882    0.10839   42.23305
jla_mock     0.18537   40.13390    0.13096   39.85305
jla_mock     0.92222   43.63026    0.33855   43.95022
jla_mock     0.68194   43.25005    0.19640   43.14823
jla_mock     0.47571   42.25744    0.10811   42.20600
jla_mock     0.92221   43.73375    0.27644   43.95018
jla_mock     0.89318   43.75990    0.25783   43.86487
jla_mock     0.42865   42.20630    0.14144   41.93748
jla_mock     0.63188   42.70414    0.23474   42.94717
jla_mock     0.69996   43.40651    0.25835   43.21717
jla_mock     0.73601   43.72584    0.26469   43.35013
jla_mock     0.57582   42.71974    0.15954   42.70324
jla_mock     0.41863   41.92699    0.10652   41.87683
jla_mock     0.51175   42.40681    0.12001   42.39540
jla_mock     0.53577   42.40519    0.12653   42.51485
jla_mock     0.64189   43.08710    0.21547   42.98856
jla_mock     0.73500   43.61456    0.22720   43.34649
jla_mock     0.35156   41.41804    0.13079   41.43211
jla_mock     0.60986   42.84936    0.17401   42.85388
jla_mock     0.34956   41.57887    0.13437   41.41766
jla_mock     0.70197   43.13726    0.18820   43.22475
jla_mock     0.35526   41.59186    0.10428   41.45861
jla_mock     0.98328   44.01179    0.25757   44.12140
jla_mock     0.87215   43.65004    0.26598   43.80134
jla_mock     0.75903   43.14130    0.20819   43.43183
jla_mock     0.92622   43.92168    0.24599   43.96176
jla_mock     0.64364   42.98210    0.22846   42.99573
jla_mock     0.41957   41.91810    0.13773   41.88255
jla_mock     0.51559   42.33807    0.20314   42.41484
jla_mock     0.89073   43.34928    0.21058   43.85753
jla_mock     0.80570   43.29654    0.22987   43.59033
jla_mock     0.48057   42.14007    0.10875   42.23231
jla_mock     0.80070   43.81934    0.24546   43.57378
jla_mock     0.58060   42.78427    0.18881   42.72490
jla_mock     0.71565   43.29647    0.24397   43.27584
jla_mock     0.80570   44.25469    0.23277   43.59033
jla_mock     0.76668   43.07298    0.25284   43.45846
jla_mock     0.66464   43.07404    0.19579   43.08037
jla_mock     0.90174   44.41159    0.25191   43.89028
jla_mock     0.74567   43.32330    0.21143   43.38470
jla_mock     0.71868   43.15971    0.20380   43.28702
jla_mock     0.73669   43.39549    0.19636   43.35259
jla_mock     0.57960   42.79754    0.12085   42.72037
jla_mock     0.37053   41.43459    0.10257   41.56534
jla_mock     0.96074   44.16794    0.23956   44.05946
jla_mock     0.85073   43.59655    0.21180   43.73508
jla_mock     0.64864   42.98580    0.19255   43.01611
jla_mock     0.21946   40.30390    0.13037   40.26197
jla_mock     0.93676   44.03917    0.24130   43.99195
jla_mock     0.64764   42.91529    0.17876   43.01204
jla_mock     0.46156   42.05848    0.13341   42.12800
jla_mock     0.60060   42.65640    0.17945   42.81372
jla_mock     0.67065   43.42506    0.23101   43.10415
jla_mock     0.76070   43.13596    0.20946   43.43765
jla_mock     0.24649   40.61395    0.13212   40.54638
jla_mock     0.47057   42.36150    0.14759   42.17794
jla_mock     0.16945   39.90428    0.11210   39.63766
jla_mock     0.49738   42.22043    0.12913   42.32144
jla_mock     0.63823   43.20997    0.19689   42.97350
jla_mock     0.50737   42.50997    0.14543   42.37308
jla_mock     0.53533   42.45791    0.14230   42.51269
jla_mock     0.58728   42.84674    0.16639   42.75489
jla_mock     0.77308   43.64952    0.25621   43.48052
jla_mock     0.69917   43.19201    0.22210   43.21417
jla_mock     0.37051   41.62144    0.12736   41.56520
jla_mock     0.76109   43.01519    0.22809   43.43902
jla_mock     0.69917   43.33764    0.21960   43.21418
jla_mock     0.78806   43.26115    0.19242   43.53150
jla_mock     0.37351   41.47460    0.13203   41.58571
jla_mock     0.40548   41.82482    0.13199   41.79507
jla_mock     0.85299   43.87441    0.25729   43.74216
jla_mock     0.80805   43.90141    0.24185   43.59808
jla_mock     0.60327   43.01695    0.18398   42.82536
jla_mock     0.58329   43.00002    0.17903   42.73700
jla_mock     0.53434   42.42856    0.14774   42.50785
jla_mock     0.72014   43.37486    0.24070   43.29239
jla_mock     0.40048   41.76593    0.21061   41.76340
jla_mock     0.83700   43.65591    0.21503   43.69176
jla_mock     0.37151   41.51035    0.10193   41.57203
jla_mock     0.80604   43.44710    0.25908   43.59147
jla_mock     0.84001   43.95240    0.23507   43.70129
jla_mock     0.50073   42.23890    0.12981   42.33885
jla_mock     0.53277   42.77792    0.17422   42.50018
jla_mock     0.53377   42.58488    0.18215   42.50508
jla_mock     0.93223   44.10722    0.34153   43.97902
jla_mock     0.82210   43.63395    0.25791   43.64395
jla_mock     0.55380   42.72125    0.13545   42.60122
jla_mock     0.12530   39.07463    0.13709   38.92294
jla_mock     0.84212   43.50864    0.28303   43.70800
jla_mock     0.44367   42.28493    0.15187   42.02605
jla_mock     0.72767   43.10191    0.24978   43.31996
jla_mock     0.68366   43.39142    0.41253   43.15487
jla_mock     0.44255   41.95121    0.13368   42.01954
jla_mock     0.72668   43.34764    0.20022   43.31634
jla_mock     0.28251   40.83503    0.12748   40.88366
jla_mock     0.40455   42.14880    0.12965   41.78921
jla_mock     0.51961   42.79422    0.13964   42.43507
jla_mock     0.69065   43.13655    0.23215   43.18177
jla_mock     1.06080   44.41005    0.27869   44.32423
jla_mock     0.57661   42.91221    0.15376   42.70683
jla_mock     0.26849   40.67502    0.12614   40.75735
jla_mock     0.72068   43.33645    0.25107   43.29438
jla_mock     0.25050   40.76293    0.13111   40.58606
jla_mock     0.76069   43.49295    0.27664   43.43763
jla_mock     0.69817   43.00318    0.26129   43.21038
jla_mock     0.55031   42.79251    0.16854   42.58475
jla_mock     0.73013   43.12804    0.23525   43.32888
jla_mock     0.84798   43.77723    0.24703   43.72647
jla_mock     0.99783   44.07955    0.24706   44.16064
jla_mock     0.43545   41.95109    0.13052   41.97792
jla_mock     0.40947   41.88755    0.12922   41.82014
jla_mock     0.30159   41.29794    0.12599   41.04659
jla_mock     1.29911   45.13894    0.19341   44.86622
jla_mock     1.02081   44.00429    0.23668   44.22149
jla_mock     0.83973   43.81448    0.19265   43.70043
jla_mock     1.12085   44.50927    0.20807   44.47149
jla_mock     1.23089   44.51170    0.23900   44.72199
jla_mock     0.97423   44.29363    0.18427   44.09670
jla_mock     0.97078   44.11494    0.33863   44.08723
jla_mock     0.06423   37.16276    0.15073   37.38367
jla_mock     0.12903   39.04516    0.16417   38.99182
jla_mock     0.10289   38.44573    0.14984   38.46361
jla_mock     0.04413   36.95195    0.17360   36.53791
jla_mock     0.11304   39.10271    0.15277   38.68229
jla_mock     0.25611   40.70331    0.20496   40.64067
jla_mock     0.38026   41.32316    0.28703   41.63124
jla_mock     0.14547   39.46194    0.16219   39.27457
jla_mock     0.08889   38.09681    0.14637   38.12583
jla_mock     0.26059   40.81248    0.18294   40.68349
jla_mock     0.07891   38.00969    0.15603   37.85259
jla_mock     0.08304   37.68141    0.15332   37.96945
jla_mock     0.16565   39.58582    0.13854   39.58339
jla_mock     0.16817   39.65700    0.16196   39.61946
jla_mock     0.17063   39.19188    0.16521   39.65419
jla_mock     0.17028   39.36785    0.17036   39.64928
jla_mock     0.12044   38.79446    0.15110   38.83033
jla_mock     0.27653   40.48628    0.21444   40.83051
jla_mock     0.23160   40.51598    0.18253   40.39347
jla_mock     0.30569   41.31839    0.26735   41.08035
jla_mock     0.07997   37.76284    0.16566   37.88313
jla_mock     0.17415   39.80920    0.15831   39.70309
jla_mock     0.13868   39.12032    0.16605   39.16161
jla_mock     0.14607   39.49000    0.16392   39.28432
jla_mock     0.08133   38.02127    0.14393   37.92176
jla_mock     0.23380   40.32292    0.17178   40.41662
jla_mock     0.25655   40.59907    0.17733   40.64491
jla_mock     0.24562   40.49309    0.20041   40.53766
jla_mock     0.12593   38.59641    0.19133   38.93474
jla_mock     0.22351   40.43248    0.21583   40.30655
jla_mock     0.10264   38.41680    0.14664   38.45798
jla_mock     0.11967   38.99612    0.14567   38.81533
jla_mock     0.18055   39.74153    0.16851   39.78968
jla_mock     0.19709   40.47883    0.17390   40.00094
jla_mock     0.22916   40.11267    0.19939   40.36755
jla_mock     0.26451   40.89890    0.19876   40.72040
jla_mock     0.10337   38.55618    0.12264   38.47441
jla_mock     0.36441   41.45297    0.23043   41.52305
jla_mock     0.20560   40.24493    0.15584   40.10331
jla_mock     0.17981   40.03433    0.19620   39.77982
jla_mock     0.19959   39.85458    0.18224   40.03143
jla_mock     0.15653   39.37214    0.15013   39.44844
jla_mock     0.16180   39.64535    0.14761   39.52729
jla_mock     0.20953   40.22230    0.20608   40.14927
jla_mock     0.24179   40.22344    0.19813   40.49904
jla_mock     0.23646   40.42584    0.16266   40.44434
jla_mock     0.22668   40.30528    0.21051   40.34095
jla_mock     0.29678   41.17605    0.19716   41.00643
jla_mock     0.20852   39.77880    0.16317   40.13754
jla_mock     0.25104   40.22657    0.22086   40.59138
jla_mock     0.25012   40.65799    0.17967   40.58234
jla_mock     0.11771   38.56315    0.14551   38.77674
jla_mock     0.21971   40.40690    0.16999   40.26472
jla_mock     0.14901   39.40626    0.14890   39.33153
jla_mock     0.28742   40.67227    0.18840   40.92654
jla_mock     0.14360   39.01733    0.16640   39.24396
jla_mock     0.32837   41.52812    0.19601   41.25993
jla_mock     0.24625   40.32182    0.16507   40.54396
jla_mock     0.11966   38.71906    0.15027   38.81514
jla_mock     0.32838   41.44671    0.27642   41.26001
jla_mock     0.21513   40.46198    0.18367   40.21341
jla_mock     0.14478   39.06930    0.13617   39.26332
jla_mock     0.13243   39.22584    0.12839   39.05296
jla_mock     0.21082   39.86083    0.16235   40.16418
jla_mock     0.20399   39.92089    0.15781   40.08425
jla_mock     0.27952   40.91317    0.16701   40.85722
jla_mock     0.04428   36.49570    0.15510   36.54551
jla_mock     0.18037   39.63234    0.15078   39.78729
jla_mock     0.26070   40.74790    0.18972   40.68453
jla_mock     0.05654   37.11321    0.18697   37.09513
jla_mock     0.21260   40.05243    0.19195   40.18462
jla_mock     0.36941   41.40704    0.23700   41.55764
jla_mock     0.17386   39.95422    0.13052   39.69910
jla_mock     0.14265   39.09652    0.16863   39.22827
jla_mock     0.17789   39.70753    0.17323   39.75404
jla_mock     0.32837   41.34885    0.20656   41.25993
jla_mock     0.25351   40.64380    0.19561   40.61551
jla_mock     0.30001   41.09132    0.19320   41.03346
jla_mock     0.10589   38.40103    0.14608   38.53030
jla_mock     0.22328   40.24743    0.16844   40.30404
jla_mock     0.11845   38.62996    0.12252   38.79138
jla_mock     0.17653   40.03681    0.17119   39.73563
jla_mock     0.18280   39.79099    0.18907   39.81945
jla_mock     0.29762   41.03239    0.22708   41.01348
jla_mock     0.19699   39.91181    0.16337   39.99971
jla_mock     0.15295   39.37596    0.14755   39.39345
jla_mock     0.24850   40.63791    0.17448   40.56634
jla_mock     0.13818   39.04754    0.12409   39.15309
jla_mock     0.20704   39.72930    0.17045   40.12025
jla_mock     0.21468   39.83919    0.18060   40.20831
jla_mock     0.30632   40.79143    0.21503   41.08550
jla_mock     0.24695   40.52866    0.17120   40.55095
jla_mock     0.19801   40.07687    0.14490   40.01220
jla_mock     0.22256   40.24950    0.15195   40.29616
jla_mock     0.13508   39.21238    0.15131   39.09960
jla_mock     0.21054   40.23208    0.18261   40.16096
jla_mock     0.27258   40.62129    0.16911   40.79482
jla_mock     0.24660   40.46747    0.16169   40.54746
jla_mock     0.22068   39.81497    0.19429   40.27546
jla_mock     0.27447   40.86906    0.19147   40.81196
jla_mock     0.17656   39.86258    0.15540   39.73604
jla_mock     0.31088   41.47127    0.22016   41.12250
jla_mock     0.18435   39.63538    0.17308   39.83976
jla_mock     0.15935   39.22033    0.14827   39.49093
jla_mock     0.21976   40.21618    0.16605   40.26527
jla_mock     0.25205   40.49467    0.18410   40.60127
jla_mock     0.18122   39.82351    0.14940   39.79858
jla_mock     0.17373   39.73896    0.13336   39.69730
jla_mock     0.38047   41.65107    0.24246   41.63265
jla_mock     0.17865   39.65477    0.17172   39.76428
jla_mock     0.24568   40.63033    0.18910   40.53826
jla_mock     0.20910   40.16075    0.16102   40.14428
jla_mock     0.24947   40.47087    0.20971   40.57593
jla_mock     0.13392   39.11933    0.16606   39.07929
jla_mock     0.17706   39.95093    0.16040   39.74282
jla_mock     0.28111   40.93609    0.18775   40.87131
jla_mock     0.17383   39.43056    0.15187   39.69868
jla_mock     0.19654   39.84974    0.16513   39.99418
jla_mock     0.36397   41.57428    0.22725   41.51999
jla_mock     0.37835   41.88702    0.26733   41.61843
jla_mock     0.31646   41.30761    0.21039   41.16711
jla_mock     0.18322   39.73596    0.13519   39.82497
jla_mock     0.24102   40.09968    0.16774   40.49121
jla_mock     0.20203   40.34256    0.19953   40.06085
jla_mock     0.16869   39.42532    0.16512   39.62684
jla_mock     0.19794   39.86337    0.17492   40.01135
jla_mock     0.12276   38.83237    0.14575   38.87499
jla_mock     0.20318   40.19810    0.16105   40.07461
jla_mock     0.12739   38.96428    0.14896   38.96178
jla_mock     0.27549   40.77735    0.19973   40.82116
jla_mock     0.14468   39.18095    0.14722   39.26169
jla_mock     0.33436   41.44359    0.24978   41.30545
jla_mock     0.19580   40.11808    0.15393   39.98507
jla_mock     0.19392   39.96488    0.16375   39.96176
jla_mock     0.24973   40.36405    0.18581   40.57850
jla_mock     0.14860   39.48031    0.14880   39.32499
jla_mock     0.15596   39.43493    0.14872   39.43976
jla_mock     0.09582   38.39784    0.15035   38.29889
jla_mock     0.15065   39.29445    0.15873   39.35748
jla_mock     0.30933   41.13165    0.24716   41.10998
jla_mock     0.24857   40.44826    0.17340   40.56704
jla_mock     0.36554   41.56490    0.24312   41.53091
jla_mock     0.11771   38.74032    0.12848   38.77674
jla_mock     0.19176   39.94478    0.14428   39.93472
jla_mock     0.18255   39.78876    0.16171   39.81616
jla_mock     0.23472   40.27226    0.18445   40.42624
jla_mock     0.24647   40.60734    0.19928   40.54616
jla_mock     0.28845   41.38623    0.18873   40.93544
jla_mock     0.20960   40.27902    0.19927   40.15008
jla_mock     0.19198   39.85978    0.17965   39.93748
jla_mock     0.11402   38.86322    0.12215   38.70241
jla_mock     0.11389   38.58645    0.18397   38.69975
jla_mock     0.19880   40.24099    0.20967   40.02183
jla_mock     0.22058   40.08858    0.22796   40.27436
jla_mock     0.18257   39.86286    0.16454   39.81642
jla_mock     0.15895   39.56886    0.16373   39.48495
jla_mock     0.07849   37.88931    0.14912   37.84038
jla_mock     0.13864   38.97719    0.13217   39.16093
jla_mock     0.18079   39.79190    0.15446   39.79287
jla_mock     0.17757   39.64265    0.18629   39.74972
jla_mock     0.17066   39.89607    0.16102   39.65461
jla_mock     0.23381   40.54806    0.20859   40.41672
jla_mock     0.07153   37.37646    0.17411   37.62842
jla_mock     0.15463   39.45679    0.18792   39.41940
jla_mock     0.09010   38.27389    0.15951   38.15695
jla_mock     0.17658   39.29671    0.20449   39.73631
jla_mock     0.13045   39.15238    0.16441   39.01753
jla_mock     0.18204   39.89455    0.17167   39.80943
jla_mock     0.25617   40.76057    0.17261   40.64125
jla_mock     0.13811   39.19128    0.14854   39.15189
jla_mock     0.17070   39.81169    0.16750   39.65518
jla_mock     0.21674   40.25433    0.14793   40.23156
jla_mock     0.24555   40.53340    0.17888   40.53696
jla_mock     0.14382   39.22035    0.16710   39.24758
jla_mock     0.24862   40.50704    0.18856   40.56753
jla_mock     0.14533   39.18520    0.17139   39.27229
jla_mock     0.13588   38.90469    0.12760   39.11351
jla_mock     0.05874   37.28125    0.12754   37.18137
jla_mock     0.03652   36.26741    0.15192   36.11500
jla_mock     0.27749   40.72804    0.22703   40.83912
jla_mock     0.20515   39.99720    0.29701   40.09800
jla_mock     0.28051   40.86335    0.20079   40.86600
jla_mock     0.19867   39.88887    0.16216   40.02025
jla_mock     0.15999   39.29169    0.15164   39.50048
jla_mock     0.21075   40.01787    0.18113   40.16338
jla_mock     0.07195   37.66812    0.17246   37.64176
jla_mock     0.23782   40.43572    0.19074   40.45841
jla_mock     0.14139   39.36973    0.17359   39.20730
jla_mock     0.15506   39.35616    0.15761   39.42600
jla_mock     0.37013   41.45724    0.22887   41.56259
jla_mock     0.09391   38.46913    0.17056   38.25241
jla_mock     0.11863   38.76983    0.17058   38.79493
jla_mock     0.15363   39.58189    0.15381   39.40398
jla_mock     0.25356   40.68034    0.16810   40.61600
jla_mock     0.10725   38.67658    0.14420   38.55994
jla_mock     0.12961   38.99153    0.15302   39.00235
jla_mock     0.26665   40.67858    0.19376   40.74033
jla_mock     0.21226   40.30358    0.16263   40.18073
jla_mock     0.27822   40.62199    0.18167   40.84564
jla_mock     0.24540   40.79627    0.16812   40.53546
jla_mock     0.13362   39.09829    0.15059   39.07401
jla_mock     0.17656   39.43936    0.16208   39.73604
jla_mock     0.11368   38.42380    0.14584   38.69545
jla_mock     0.32038   41.04835    0.26368   41.19801
jla_mock     0.11271   38.84339    0.12253   38.67548
jla_mock     0.10602   38.51452    0.14473   38.53314
jla_mock     0.39135   41.92855    0.26610   41.70449
jla_mock     0.15575   39.26205    0.14612   39.43656
jla_mock     0.18667   40.12810    0.16762   39.86986
jla_mock     0.19671   39.88798    0.16670   39.99627
jla_mock     0.19191   40.10236    0.17339   39.93660
jla_mock     0.19084   40.28690    0.15088   39.92311
jla_mock     0.17625   39.54609    0.15361   39.73182
jla_mock     0.12837   38.89658    0.15036   38.97977
jla_mock     0.12262   38.81166    0.14734   38.87232
jla_mock     0.12715   39.06591    0.14706   38.95736
jla_mock     0.21323   39.95005    0.17621   40.19182
jla_mock     0.21861   40.16457    0.18110   40.25249
jla_mock     0.26856   40.72984    0.19152   40.75800
jla_mock     0.20466   39.96114    0.16519   40.09220
jla_mock     0.26710   40.77086    0.17378   40.74451
jla_mock     0.21757   40.18584    0.17265   40.24087
jla_mock     0.24185   40.88241    0.17151   40.49965
jla_mock     0.29350   41.37876    0.20072   40.97870
jla_mock     0.35346   41.23631    0.23114   41.44575
jla_mock     0.18563   39.86395    0.15495   39.85641
jla_mock     0.28543   40.68217    0.19928   40.90924
jla_mock     0.19494   40.26719    0.16836   39.97443
jla_mock     0.07592   37.57050    0.14500   37.76429
jla_mock     0.16357   39.56271    0.15778   39.55323
jla_mock     0.25721   40.65500    0.20821   40.65125
jla_mock     0.21955   40.37991    0.18725   40.26294
jla_mock     0.17558   39.70392    0.15163   39.72269
jla_mock     0.22667   40.24027    0.18608   40.34084
jla_mock     0.15322   39.46277    0.15082   39.39764
jla_mock     0.21025   40.13350    0.19550   40.15761
jla_mock     0.12164   39.16839    0.12361   38.85353
jla_mock     0.29135   40.99460    0.19905   40.96037
jla_mock     0.29448   41.26786    0.27860   40.98701
jla_mock     0.16455   39.35402    0.12599   39.56749
jla_mock     0.30702   41.12832    0.20907   41.09122
jla_mock     0.19863   40.04102    0.16158   40.01976
jla_mock     0.26821   40.65172    0.21540   40.75477
jla_mock     0.40128   41.55795    0.24823   41.76846
jla_mock     0.13668   39.26087    0.15334   39.12735
jla_mock     0.29542   40.92652    0.24720   40.99496
jla_mock     0.29192   40.76518    0.19220   40.96524
jla_mock     0.09007   38.21003    0.12097   38.15619
jla_mock     0.20557   39.99568    0.18293   40.10296
jla_mock     0.14582   39.80609    0.14935   39.28026
jla_mock     0.11767   38.91610    0.14487   38.77595
jla_mock     0.05499   36.79305    0.14998   37.03240
jla_mock     0.17420   39.35868    0.15143   39.70378
jla_mock     0.24495   40.80027    0.18021   40.53095
jla_mock     0.22452   40.47540    0.18250   40.31756
jla_mock     0.24558   40.59293    0.16228   40.53726
jla_mock     0.28351   40.61376    0.21250   40.89245
jla_mock     0.18056   39.92889    0.17619   39.78982
jla_mock     0.10391   38.46129    0.12352   38.48649
jla_mock     0.12961   38.92666    0.15327   39.00235
jla_mock     0.24352   40.56078    0.16046   40.51656
jla_mock     0.33136   41.56067    0.26935   41.28275
jla_mock     0.24348   40.29771    0.19048   40.51615
jla_mock     0.31468   41.26952    0.17578   41.15296
jla_mock     0.21865   40.30741    0.18935   40.25293
jla_mock     0.26014   40.76309    0.21926   40.67922
jla_mock     0.28243   41.15618    0.19831   40.88296
jla_mock     0.30041   41.13074    0.20582   41.03679
jla_mock     0.15186   39.54176    0.14864   39.37647
jla_mock     0.26357   40.86129    0.18937   40.71159
jla_mock     0.21382   40.01688    0.20621   40.19854
jla_mock     0.16284   39.85900    0.16762   39.54256
jla_mock     0.12440   38.99502    0.17141   38.90608
jla_mock     0.19465   39.84480    0.13939   39.97083
jla_mock     0.20554   40.16467    0.18299   40.10260
jla_mock     0.10667   38.47209    0.14589   38.54734
jla_mock     0.18772   40.08830    0.18725   39.88338
jla_mock     0.16387   39.49243    0.15682   39.55760
jla_mock     0.29021   40.68663    0.19470   40.95060
jla_mock     0.09401   38.11064    0.12498   38.25487
jla_mock     0.22786   40.29789    0.18010   40.35364
jla_mock     0.10751   38.62549    0.14765   38.56556
jla_mock     0.31065   41.08696    0.22259   41.12065
jla_mock     0.14564   39.47067    0.15576   39.27734
jla_mock     0.08784   37.98748    0.12610   38.09850
jla_mock     0.14839   39.30803    0.15573   39.32164
jla_mock     0.28662   40.90981    0.19366   40.91960
jla_mock     0.12281   38.84144    0.13329   38.87594
jla_mock     0.18655   40.06049    0.20280   39.86832
jla_mock     0.12893   38.98139    0.15504   38.99000
jla_mock     0.19422   39.77544    0.16864   39.96549
jla_mock     0.14800   39.20051    0.14676   39.31541
jla_mock     0.21179   39.95384    0.22866   40.17534
jla_mock     0.17962   39.72573    0.17351   39.77728
jla_mock     0.26349   40.96754    0.18130   40.71084
jla_mock     0.19215   39.99876    0.15957   39.93962
jla_mock     0.33880   41.31725    0.22988   41.33871
jla_mock     0.11741   38.82606    0.14767   38.77078
jla_mock     0.14310   39.44351    0.16842   39.23571
jla_mock     0.16035   39.43426    0.13218   39.50583
jla_mock     0.28872   40.82843    0.21130   40.93777
jla_mock     0.12303   39.15594    0.15465   38.88013
jla_mock     0.26405   40.87950    0.18534   40.71609
jla_mock     0.12608   38.99773    0.17183   38.93753
jla_mock     0.17374   39.58298    0.14981   39.69744
jla_mock     0.16440   39.73173    0.14973   39.56531
jla_mock     0.24961   40.56787    0.16242   40.57731
jla_mock     0.15999   39.69433    0.15137   39.50048
jla_mock     0.24448   40.59227    0.15150   40.52623
jla_mock     0.24851   40.59148    0.17708   40.56644
jla_mock     0.22893   40.55474    0.16848   40.36509
jla_mock     0.08528   37.87043    0.14385   38.03054
jla_mock     0.06282   37.58389    0.14855   37.33331
jla_mock     0.27745   40.76946    0.23370   40.83876
jla_mock     0.27544   41.15567    0.21508   40.82071
jla_mock     0.33051   41.72026    0.21088   41.27628
jla_mock     0.36193   41.27822    0.24565   41.50573
jla_mock     0.33103   41.07666    0.21801   41.28024
jla_mock     0.16050   39.61125    0.12715   39.50806
jla_mock     0.30021   41.15807    0.20430   41.03513
jla_mock     0.11635   38.89500    0.12231   38.74960
jla_mock     0.21829   40.57860    0.16062   40.24892
jla_mock     0.11967   38.68508    0.12046   38.81533
jla_mock     0.15473   39.29319    0.12395   39.42094
jla_mock     0.17810   39.86518    0.16563   39.75688
jla_mock     0.25037   40.75814    0.16561   40.58480
jla_mock     0.25174   40.51535    0.14466   40.59824
jla_mock     0.12953   38.99160    0.14519   39.00090
jla_mock     0.30929   41.33929    0.18811   41.10966
jla_mock     0.27852   40.97541    0.17882   40.84832
jla_mock     0.18581   39.66765    0.13606   39.85875
jla_mock     0.06651   37.70418    0.17228   37.46289
jla_mock     0.25800   40.81402    0.18757   40.65882
jla_mock     0.29888   40.72375    0.21609   41.02403
jla_mock     0.27044   41.09526    0.22437   40.77528
jla_mock     0.27916   41.08350    0.17184   40.85402
jla_mock     0.29287   41.37614    0.21554   40.97334
jla_mock     0.18965   39.73186    0.15711   39.90803
jla_mock     0.26576   40.71165    0.19291   40.73206
jla_mock     0.12376   38.91365    0.14509   38.89399
jla_mock     0.18255   40.09039    0.14972   39.81616
jla_mock     0.05634   36.98173    0.14895   37.08713
jla_mock     0.31288   41.29122    0.18264   41.13858
jla_mock     0.30915   41.33706    0.22329   41.10853
jla_mock     0.20061   39.95006    0.15588   40.04377
jla_mock     0.32640   41.01486    0.20549   41.24480
jla_mock     0.21163   40.38827    0.13899   40.17351
jla_mock     0.17969   39.91399    0.15636   39.77821
jla_mock     0.30240   41.41794    0.19662   41.05329
jla_mock     0.10924   38.62938    0.14870   38.60268
jla_mock     0.08522   38.08714    0.15002   38.02892
jla_mock     0.20231   39.88425    0.16132   40.06421
jla_mock     0.12649   38.93322    0.15585   38.94515
jla_mock     0.21457   40.39416    0.16813   40.20706
jla_mock     0.32045   41.05722    0.19169   41.19856
jla_mock     0.21835   40.52975    0.17273   40.24959
jla_mock     0.19010   39.67488    0.15982   39.91374
jla_mock     0.09243   38.46143    0.15614   38.21577
jla_mock     0.37986   41.65872    0.18489   41.62856
jla_mock     0.21134   40.27164    0.16608   40.17017
jla_mock     0.25833   40.89624    0.18012   40.66198
jla_mock     0.18327   39.89662    0.16856   39.82563
jla_mock     0.21295   40.39398    0.17785   40.18862
jla_mock     0.11651   38.99180    0.15544   38.75281
jla_mock     0.14401   39.37739    0.17186   39.25071
jla_mock     0.25249   40.72308    0.18600   40.60557
jla_mock     0.25539   40.49016    0.21320   40.63373
jla_mock     0.21698   40.44838    0.18861   40.23425
jla_mock     1.26590   44.62421    0.22380   44.79699
jla_mock     0.93577   44.16434    0.22959   43.98915
jla_mock     0.04952   36.56242    0.20229   36.79644
jla_mock     0.03033   35.67300    0.18208   35.70157
jla_mock     0.07458   37.15197    0.21873   37.72360
jla_mock     0.02520   35.35945    0.22034   35.29123
jla_mock     0.01441   33.94511    0.20528   34.06048
jla_mock     0.02079   35.02559    0.19750   34.86681
jla_mock     0.03522   35.95362    0.20378   36.03412
jla_mock     0.04166   36.44826    0.21523   36.40883
jla_mock     0.04240   36.40404    0.20619   36.44838
jla_mock     0.01890   34.47075    0.18362   34.65682
jla_mock     0.07884   37.62882    0.21534   37.85056
jla_mock     0.06334   37.27887    0.20759   37.35224
jla_mock     0.02764   35.63489    0.23142   35.49574
jla_mock     0.04933   36.78621    0.21068   36.78762
jla_mock     0.07015   37.41607    0.22041   37.58415
jla_mock     0.02391   34.98215    0.18368   35.17514
jla_mock     0.05313   36.99192    0.22336   36.95466
jla_mock     0.02495   35.48848    0.18978   35.26944
jla_mock     0.01566   34.45485    0.20165   34.24356
jla_mock     0.04898   36.65771    0.15986   36.77203
jla_mock     0.02240   35.08491    0.18928   35.03106
jla_mock     0.03485   35.93412    0.23666   36.01099
jla_mock     0.01697   34.44796    0.20291   34.41905
jla_mock     0.03072   35.80182    0.18172   35.73037
jla_mock     0.03048   35.37471    0.18204   35.71303
jla_mock     0.01055   33.27823    0.21945   33.37697
jla_mock     0.01426   34.00003    0.17171   34.03675
jla_mock     0.02769   35.52464    0.18125   35.49983
jla_mock     0.05386   36.81918    0.15904   36.98558
jla_mock     0.01767   34.35877    0.19251   34.50873
jla_mock     0.01745   34.35644    0.17037   34.48092
jla_mock     0.01557   34.20249    0.20220   34.23076
jla_mock     0.01006   33.17583    0.23113   33.27290
jla_mock     0.05493   37.12805    0.18431   37.02998
jla_mock     0.03908   36.63103    0.16317   36.26630
jla_mock     0.07832   37.86239    0.18392   37.83534
jla_mock     0.03176   35.70271    0.15356   35.80452
jla_mock     0.01444   33.94234    0.22581   34.06489
jla_mock     0.01353   33.65046    0.22079   33.92255
jla_mock     0.02668   35.26678    0.19350   35.41745
jla_mock     0.02336   35.28931    0.17881   35.12382
jla_mock     0.03693   36.17264    0.19002   36.14013
jla_mock     0.02355   34.95719    0.17820   35.14190
jla_mock     0.01748   34.22439    0.19212   34.48507
jla_mock     0.04026   36.24012    0.17448   36.33252
jla_mock     0.03038   35.65096    0.20408   35.70566
jla_mock     0.01550   34.43436    0.20028   34.22101
jla_mock     0.01415   33.84425    0.18788   34.02052
jla_mock     0.01549   34.20275    0.18431   34.21860
jla_mock     0.01555   34.37448    0.19852   34.22808
jla_mock     0.03707   36.05108    0.15485   36.14862
jla_mock     0.01548   34.03089    0.20250   34.21789
jla_mock     0.01332   33.72909    0.18644   33.88842
jla_mock     0.01457   34.06531    0.20791   34.08532
jla_mock     0.01579   34.34790    0.19847   34.26130
jla_mock     0.02475   35.25968    0.17955   35.25120
jla_mock     0.02775   35.58996    0.17503   35.50463
jla_mock     0.01089   33.18014    0.25478   33.44601
jla_mock     0.01365   33.83024    0.18671   33.94176
jla_mock     0.03576   36.27234    0.16296   36.06783
jla_mock     0.02473   35.26565    0.17711   35.24932
jla_mock     0.03809   36.28329    0.17052   36.20863
jla_mock     0.02154   34.88672    0.17712   34.94487
jla_mock     0.01958   34.94137    0.17899   34.73456
jla_mock     0.03042   35.30515    0.17572   35.70822
jla_mock     0.03922   35.96065    0.17021   36.27406
jla_mock     0.03497   36.09677    0.15988   36.01845
jla_mock     0.02856   35.69266    0.17650   35.56863
jla_mock     0.02100   34.95185    0.18823   34.88845
jla_mock     0.03254   36.10277    0.18232   35.85802
jla_mock     0.01547   34.12630    0.19319   34.21604
jla_mock     0.01568   34.21504    0.20748   34.24552
jla_mock     0.02750   35.69795    0.15599   35.48465
jla_mock     0.04686   36.69914    0.17135   36.67229
jla_mock     0.03317   35.84493    0.18296   35.90099
jla_mock     0.01029   33.65885    0.23550   33.32258
jla_mock     0.08010   37.85094    0.17116   37.88694
jla_mock     0.01232   33.91677    0.20021   33.71613
jla_mock     0.02459   35.39129    0.20631   35.23686
jla_mock     0.01447   34.29323    0.20828   34.06899
jla_mock     0.01515   34.13743    0.18400   34.17085
jla_mock     0.02909   35.41806    0.17337   35.60902
jla_mock     0.03478   35.74140    0.17929   36.00632
jla_mock     0.04492   36.65058    0.14071   36.57766
jla_mock     0.03407   35.88050    0.16958   35.96061
jla_mock     0.07487   37.54849    0.14386   37.73249
jla_mock     0.01496   33.99930    0.19783   34.14256
jla_mock     0.02040   34.92688    0.17104   34.82442
jla_mock     0.04069   36.50710    0.17468   36.35626
jla_mock     0.02657   35.38349    0.18033   35.40830
jla_mock     0.02688   35.40317    0.15331   35.43431
jla_mock     0.02347   34.83894    0.17598   35.13429
jla_mock     0.06912   37.49556    0.19118   37.55045
jla_mock     0.06519   37.54079    0.15880   37.41747
jla_mock     0.02298   35.18897    0.17791   35.08760
jla_mock     0.01739   34.23777    0.19829   34.47296
jla_mock     0.03148   35.75962    0.15109   35.78492
jla_mock     0.01118   33.35855    0.19448   33.50474
jla_mock     0.02196   34.71062    0.17567   34.98697
jla_mock     0.03148   35.97370    0.15081   35.78485
jla_mock     0.02332   35.12547    0.20285   35.12013
jla_mock     0.02039   34.62290    0.18301   34.82377
jla_mock     0.02247   34.81053    0.18141   35.03765
jla_mock     0.03361   35.68213    0.18044   35.93037
jla_mock     0.03697   35.99047    0.17917   36.14224
jla_mock     0.02263   34.97228    0.18007   35.05361
jla_mock     0.01470   34.20227    0.18462   34.10407
jla_mock     0.03695   36.27518    0.14876   36.14109
jla_mock     0.06096   37.38935    0.12531   37.26526
jla_mock     0.05929   37.26604    0.12136   37.20241
jla_mock     0.06975   37.43945    0.15874   37.57107
jla_mock     0.02953   35.58323    0.17470   35.64232
jla_mock     0.03325   35.89044    0.17565   35.90649
jla_mock     0.02416   35.17463    0.18124   35.19813
jla_mock     0.01600   34.11630    0.19156   34.29005
jla_mock     0.06296   37.12760    0.16531   37.33846
jla_mock     0.02171   35.06954    0.19186   34.96170
jla_mock     0.03164   35.82121    0.18944   35.79569
jla_mock     0.01860   34.50616    0.17305   34.62124
jla_mock     0.02706   35.43177    0.17333   35.44934
jla_mock     0.02547   35.24130    0.18470   35.31480
jla_mock     0.02381   35.19598    0.19337   35.16597
jla_mock     0.02387   35.25382    0.18298   35.17126
jla_mock     0.02207   35.10733    0.16678   34.99820
