jla_mock     0.50308   42.29128    0.14571   42.35104
jla_mock     0.58072   42.55492    0.16123   42.72544
jla_mock     0.49479   42.22696    0.12071   42.30792
jla_mock     0.34593   41.56889    0.13253   41.39128
jla_mock     0.67766   43.12520    0.22872   43.13160
jla_mock     0.61071   42.63183    0.22549   42.85755
jla_mock     0.86649   43.42772    0.25803   43.78400
jla_mock     0.33093   41.25407    0.12801   41.27950
jla_mock     0.79857   43.73295    0.25920   43.56670
jla_mock     0.44956   42.01238    0.16140   42.06004
jla_mock     0.37144   41.36943    0.14922   41.57158
jla_mock     0.29172   41.12846    0.14231   40.96351
jla_mock     0.35582   41.41184    0.14101   41.46259
jla_mock     0.46127   42.32515    0.15587   42.12638
jla_mock     0.28361   40.69384    0.13056   40.89333
jla_mock     0.63223   42.85271    0.22183   42.94863
jla_mock     0.46641   42.43922    0.17244   42.15500
jla_mock     0.26862   40.87235    0.12820   40.75859
jla_mock     0.94689   44.19182    0.29225   44.02068
jla_mock     0.92492   44.00795    0.31213   43.95801
jla_mock     0.69317   43.15207    0.29243   43.19137
jla_mock     0.62523   42.98462    0.19089   42.91933
jla_mock     0.89694   43.96780    0.26745   43.87607
jla_mock     0.60826   42.97035    0.15987   42.84699
jla_mock     0.78905   43.47031    0.26933   43.53485
jla_mock     0.57829   42.61728    0.14638   42.71445
jla_mock     0.59028   43.04214    0.18967   42.76823
jla_mock     0.71963   42.77156    0.25305   43.29050
jla_mock     0.21003   40.05674    0.13132   40.15509
jla_mock     0.76659   43.19389    0.22577   43.45813
jla_mock     0.85851   44.19993    0.22290   43.75934
jla_mock     0.36790   41.64492    0.09931   41.54727
jla_mock     0.55875   42.72002    0.15678   42.62447
jla_mock     0.84851   43.76441    0.21739   43.72812
jla_mock     0.99639   43.97282    0.24266   44.15679
jla_mock     0.77659   43.68945    0.26449   43.49256
jla_mock     0.58293   42.84094    0.13307   42.73539
jla_mock     0.58374   42.97609    0.16753   42.73903
jla_mock     0.79655   43.45358    0.22888   43.55998
jla_mock     0.58872   42.73847    0.15579   42.76129
jla_mock     0.91347   43.87718    0.24294   43.92478
jla_mock     0.76859   43.39544    0.23905   43.46504
jla_mock     0.94846   43.95398    0.26528   44.02509
jla_mock     0.51379   42.45551    0.15288   42.40578
jla_mock     0.73361   43.48612    0.19294   43.34148
jla_mock     0.63770   42.66535    0.27011   42.97130
jla_mock     0.76559   43.47318    0.21114   43.45466
jla_mock     0.43486   41.84940    0.15773   41.97447
jla_mock     0.98341   44.00466    0.25880   44.12175
jla_mock     0.58374   42.76435    0.16233   42.73903
jla_mock     0.70063   43.30965    0.21687   43.21970
jla_mock     0.66206   43.04939    0.21295   43.07010
jla_mock     0.83813   43.70925    0.28077   43.69533
jla_mock     0.62187   43.13675    0.17547   42.90516
jla_mock     0.37059   41.39189    0.14292   41.56572
jla_mock     0.41663   41.78527    0.13815   41.86455
jla_mock     0.35857   41.45950    0.10704   41.48209
jla_mock     0.45168   42.09342    0.15279   42.07216
jla_mock     0.52276   42.42805    0.16113   42.45081
jla_mock     0.73400   43.64038    0.30409   43.34288
jla_mock     0.70196   43.67069    0.31177   43.22473
jla_mock     0.74201   43.79423    0.29013   43.37166
jla_mock     0.74612   43.48819    0.21822   43.38631
jla_mock     0.34956   41.61397    0.13473   41.41768
jla_mock     0.59183   42.70824    0.15357   42.77513
jla_mock     0.51475   42.39914    0.15561   42.41060
jla_mock     0.62063   43.14604    0.18447   42.89990
jla_mock     0.64365   43.32323    0.24392   42.99574
jla_mock     1.00280   44.30706    0.33217   44.17391
jla_mock     0.47059   42.35265    0.14421   42.17801
jla_mock     0.61064   42.66808    0.15878   42.85725
jla_mock     0.26349   40.65859    0.12805   40.71081
jla_mock     0.35834   41.46269    0.12919   41.48044
jla_mock     0.74270   43.26976    0.25909   43.37412
jla_mock     0.45156   42.28768    0.11539   42.07145
jla_mock     0.91075   44.23065    0.26165   43.91682
jla_mock     0.55261   42.59692    0.15821   42.59559
jla_mock     0.33753   41.21285    0.12813   41.32927
jla_mock     0.75068   42.72033    0.24281   43.40248
jla_mock     0.98378   43.26576    0.34665   44.12275
jla_mock     0.82270   43.60044    0.22176   43.64588
jla_mock     0.81370   43.82359    0.24257   43.61661
jla_mock     0.95076   44.60400    0.26473   44.03158
jla_mock     0.81773   43.77720    0.24643   43.62977
jla_mock     0.34052   41.28492    0.12574   41.35149
jla_mock     0.96075   44.02864    0.28766   44.05949
jla_mock     0.81072   43.37336    0.27276   43.60686
jla_mock     0.75669   43.30621    0.24755   43.42362
jla_mock     0.61125   43.07147    0.18573   42.85987
jla_mock     0.87797   44.19230    0.22379   43.81907
jla_mock     0.54832   42.43232    0.14258   42.57529
jla_mock     0.80903   43.83125    0.23222   43.60132
jla_mock     1.02880   44.18361    0.28337   44.24234
jla_mock     0.62724   43.02581    0.17555   42.92776
jla_mock     0.42245   41.74860    0.15607   41.90012
jla_mock     0.93390   44.19955    0.35000   43.98380
jla_mock     0.70116   43.12636    0.22741   43.22169
jla_mock     0.69716   43.19239    0.20952   43.20658
jla_mock     0.68518   42.87760    0.27044   43.16074
jla_mock     0.76707   43.31191    0.25234   43.45981
jla_mock     0.93190   44.08632    0.25137   43.97808
jla_mock     0.86398   43.68603    0.24510   43.77625
jla_mock     0.74910   43.42143    0.22590   43.39689
jla_mock     0.51435   42.13925    0.15357   42.40861
jla_mock     0.46841   42.04371    0.11440   42.16601
jla_mock     0.47040   42.23609    0.15655   42.17698
jla_mock     0.95887   44.17951    0.27681   44.05426
jla_mock     0.92791   43.73631    0.29724   43.96663
jla_mock     0.84052   43.46012    0.21913   43.70293
jla_mock     0.63070   42.88389    0.17083   42.94224
jla_mock     0.56275   42.88272    0.14441   42.64315
jla_mock     0.61570   42.79688    0.16969   42.87892
jla_mock     0.82853   43.69138    0.22446   43.66467
jla_mock     0.56474   42.60805    0.16043   42.65238
jla_mock     0.57874   42.76698    0.14758   42.71650
jla_mock     0.55774   42.77513    0.15832   42.61978
jla_mock     0.86450   43.83058    0.22870   43.77785
jla_mock     0.73561   43.05877    0.23469   43.34870
jla_mock     0.85851   43.84868    0.28337   43.75932
jla_mock     0.26198   40.67674    0.10443   40.69667
jla_mock     0.58574   42.74889    0.18661   42.74800
jla_mock     0.76158   43.31191    0.21599   43.44073
jla_mock     0.48880   42.30169    0.11155   42.27631
jla_mock     0.85852   44.03412    0.27431   43.75935
jla_mock     0.68866   43.13460    0.18053   43.17412
jla_mock     0.55874   42.64044    0.15492   42.62446
jla_mock     0.32453   41.03206    0.12602   41.23036
jla_mock     0.48070   42.29381    0.10839   42.23305
jla_mock     0.18537   39.89581    0.13096   39.85305
jla_mock     0.92222   43.79718    0.33855   43.95022
jla_mock     0.68194   43.37927    0.19640   43.14823
jla_mock     0.47571   42.32297    0.10811   42.20600
jla_mock     0.92221   43.68171    0.27644   43.95018
jla_mock     0.89318   43.98523    0.25783   43.86487
jla_mock     0.42865   41.99154    0.14144   41.93748
jla_mock     0.63188   43.06671    0.23474   42.94717
jla_mock     0.69996   43.10452    0.25835   43.21717
jla_mock     0.73601   43.43204    0.26469   43.35013
jla_mock     0.57582   42.63686    0.15954   42.70324
jla_mock     0.41863   41.76045    0.10652   41.87683
jla_mock     0.51175   42.41100    0.12001   42.39540
jla_mock     0.53577   42.61149    0.12653   42.51485
jla_mock     0.64189   43.29725    0.21547   42.98856
jla_mock     0.73500   43.01380    0.22720   43.34649
jla_mock     0.35156   41.24664    0.13079   41.43211
jla_mock     0.60986   42.73861    0.17401   42.85388
jla_mock     0.34956   41.54075    0.13437   41.41766
jla_mock     0.70197   43.03566    0.18820   43.22475
jla_mock     0.35526   41.64197    0.10428   41.45861
jla_mock     0.98328   44.29822    0.25757   44.12140
jla_mock     0.87215   44.11981    0.26598   43.80134
jla_mock     0.75903   43.91064    0.20819   43.43183
jla_mock     0.92622   44.34577    0.24599   43.96176
jla_mock     0.64364   42.97008    0.22846   42.99573
jla_mock     0.41957   41.95357    0.13773   41.88255
jla_mock     0.51559   42.35608    0.20314   42.41484
jla_mock     0.89073   43.91748    0.21058   43.85753
jla_mock     0.80570   43.32670    0.22987   43.59033
jla_mock     0.48057   42.19153    0.10875   42.23231
jla_mock     0.80070   43.57836    0.24546   43.57378
jla_mock     0.58060   42.83768    0.18881   42.72490
jla_mock     0.71565   43.28330    0.24397   43.27584
jla_mock     0.80570   43.41971    0.23277   43.59033
jla_mock     0.76668   43.80147    0.25284   43.45846
jla_mock     0.66464   42.91234    0.19579   43.08037
jla_mock     0.90174   44.05848    0.25191   43.89028
jla_mock     0.74567   43.26798    0.21143   43.38470
jla_mock     0.71868   42.87707    0.20380   43.28702
jla_mock     0.73669   43.19125    0.19636   43.35259
jla_mock     0.57960   42.63970    0.12085   42.72037
jla_mock     0.37053   41.64907    0.10257   41.56534
jla_mock     0.96074   43.87874    0.23956   44.05946
jla_mock     0.85073   44.06223    0.21180   43.73508
jla_mock     0.64864   43.28434    0.19255   43.01611
jla_mock     0.21946   40.25537    0.13037   40.26197
jla_mock     0.93676   44.14770    0.24130   43.99195
jla_mock     0.64764   42.94065    0.17876   43.01204
jla_mock     0.46156   42.06218    0.13341   42.12800
jla_mock     0.60060   42.79715    0.17945   42.81372
jla_mock     0.67065   42.77684    0.23101   43.10415
jla_mock     0.76070   43.19614    0.20946   43.43765
jla_mock     0.24649   40.45324    0.13212   40.54638
jla_mock     0.47057   42.17484    0.14759   42.17794
jla_mock     0.16945   39.58623    0.11210   39.63766
jla_mock     0.49738   42.22477    0.12913   42.32144
jla_mock     0.63823   43.28198    0.19689   42.97350
jla_mock     0.50737   42.35627    0.14543   42.37308
jla_mock     0.53533   42.25125    0.14230   42.51269
jla_mock     0.58728   43.00260    0.16639   42.75489
jla_mock     0.77308   43.71875    0.25621   43.48052
jla_mock     0.69917   43.04318    0.22210   43.21417
jla_mock     0.37051   41.54621    0.12736   41.56520
jla_mock     0.76109   43.22159    0.22809   43.43902
jla_mock     0.69917   43.06680    0.21960   43.21418
jla_mock     0.78806   43.17700    0.19242   43.53150
jla_mock     0.37351   41.46242    0.13203   41.58571
jla_mock     0.40548   41.72607    0.13199   41.79507
jla_mock     0.85299   43.95260    0.25729   43.74216
jla_mock     0.80805   43.57247    0.24185   43.59808
jla_mock     0.60327   42.74108    0.18398   42.82536
jla_mock     0.58329   42.89161    0.17903   42.73700
jla_mock     0.53434   42.58109    0.14774   42.50785
jla_mock     0.72014   43.17443    0.24070   43.29239
jla_mock     0.40048   41.65595    0.21061   41.76340
jla_mock     0.83700   43.44949    0.21503   43.69176
jla_mock     0.37151   41.66365    0.10193   41.57203
jla_mock     0.80604   43.34411    0.25908   43.59147
jla_mock     0.84001   43.63884    0.23507   43.70129
jla_mock     0.50073   42.43684    0.12981   42.33885
jla_mock     0.53277   42.32045    0.17422   42.50018
jla_mock     0.53377   42.50125    0.18215   42.50508
jla_mock     0.93223   44.53906    0.34153   43.97902
jla_mock     0.82210   43.08014    0.25791   43.64395
jla_mock     0.55380   42.51666    0.13545   42.60122
jla_mock     0.12530   38.81038    0.13709   38.92294
jla_mock     0.84212   43.59745    0.28303   43.70800
jla_mock     0.44367   41.91578    0.15187   42.02605
jla_mock     0.72767   43.26292    0.24978   43.31996
jla_mock     0.68366   43.18429    0.41253   43.15487
jla_mock     0.44255   42.13097    0.13368   42.01954
jla_mock     0.72668   43.05148    0.20022   43.31634
jla_mock     0.28251   40.83679    0.12748   40.88366
jla_mock     0.40455   41.79129    0.12965   41.78921
jla_mock     0.51961   42.59584    0.13964   42.43507
jla_mock     0.69065   43.23006    0.23215   43.18177
jla_mock     1.06080   44.17326    0.27869   44.32423
jla_mock     0.57661   42.75326    0.15376   42.70683
jla_mock     0.26849   40.58397    0.12614   40.75735
jla_mock     0.72068   43.04167    0.25107   43.29438
jla_mock     0.25050   40.49714    0.13111   40.58606
jla_mock     0.76069   43.36903    0.27664   43.43763
jla_mock     0.69817   43.21870    0.26129   43.21038
jla_mock     0.55031   42.59864    0.16854   42.58475
jla_mock     0.73013   43.50739    0.23525   43.32888
jla_mock     0.84798   43.96427    0.24703   43.72647
jla_mock     0.99783   44.61079    0.24706   44.16064
jla_mock     0.43545   42.14767    0.13052   41.97792
jla_mock     0.40947   41.97533    0.12922   41.82014
jla_mock     0.30159   40.99433    0.12599   41.04659
jla_mock     1.29911   45.21210    0.19341   44.86622
jla_mock     1.02081   44.12101    0.23668   44.22149
jla_mock     0.83973   43.68715    0.19265   43.70043
jla_mock     1.12085   44.61636    0.20807   44.47149
jla_mock     1.23089   44.73347    0.23900   44.72199
jla_mock     0.97423   44.31549    0.18427   44.09670
jla_mock     0.97078   43.83194    0.33863   44.08723
jla_mock     0.06423   37.18941    0.15073   37.38367
jla_mock     0.12903   38.97337    0.16417   38.99182
jla_mock     0.10289   38.33742    0.14984   38.46361
jla_mock     0.04413   36.33263    0.17360   36.53791
jla_mock     0.11304   38.63348    0.15277   38.68229
jla_mock     0.25611   40.67596    0.20496   40.64067
jla_mock     0.38026   41.38277    0.28703   41.63124
jla_mock     0.14547   39.30811    0.16219   39.27457
jla_mock     0.08889   38.17784    0.14637   38.12583
jla_mock     0.26059   40.57955    0.18294   40.68349
jla_mock     0.07891   38.09670    0.15603   37.85259
jla_mock     0.08304   37.76549    0.15332   37.96945
jla_mock     0.16565   39.86600    0.13854   39.58339
jla_mock     0.16817   39.82446    0.16196   39.61946
jla_mock     0.17063   39.77446    0.16521   39.65419
jla_mock     0.17028   39.93208    0.17036   39.64928
jla_mock     0.12044   38.86605    0.15110   38.83033
jla_mock     0.27653   41.03373    0.21444   40.83051
jla_mock     0.23160   40.37497    0.18253   40.39347
jla_mock     0.30569   40.76454    0.26735   41.08035
jla_mock     0.07997   37.96380    0.16566   37.88313
jla_mock     0.17415   39.71289    0.15831   39.70309
jla_mock     0.13868   39.21900    0.16605   39.16161
jla_mock     0.14607   39.25598    0.16392   39.28432
jla_mock     0.08133   37.96370    0.14393   37.92176
jla_mock     0.23380   40.23935    0.17178   40.41662
jla_mock     0.25655   41.01191    0.17733   40.64491
jla_mock     0.24562   40.05112    0.20041   40.53766
jla_mock     0.12593   38.94858    0.19133   38.93474
jla_mock     0.22351   40.02323    0.21583   40.30655
jla_mock     0.10264   38.41843    0.14664   38.45798
jla_mock     0.11967   38.75486    0.14567   38.81533
jla_mock     0.18055   39.57852    0.16851   39.78968
jla_mock     0.19709   39.96582    0.17390   40.00094
jla_mock     0.22916   40.51243    0.19939   40.36755
jla_mock     0.26451   40.46332    0.19876   40.72040
jla_mock     0.10337   38.55510    0.12264   38.47441
jla_mock     0.36441   41.59199    0.23043   41.52305
jla_mock     0.20560   40.02605    0.15584   40.10331
jla_mock     0.17981   39.97475    0.19620   39.77982
jla_mock     0.19959   39.96749    0.18224   40.03143
jla_mock     0.15653   39.41121    0.15013   39.44844
jla_mock     0.16180   39.64101    0.14761   39.52729
jla_mock     0.20953   40.32476    0.20608   40.14927
jla_mock     0.24179   40.09152    0.19813   40.49904
jla_mock     0.23646   40.49451    0.16266   40.44434
jla_mock     0.22668   40.25451    0.21051   40.34095
jla_mock     0.29678   40.85001    0.19716   41.00643
jla_mock     0.20852   40.21679    0.16317   40.13754
jla_mock     0.25104   40.28270    0.22086   40.59138
jla_mock     0.25012   40.43367    0.17967   40.58234
jla_mock     0.11771   38.56553    0.14551   38.77674
jla_mock     0.21971   40.19619    0.16999   40.26472
jla_mock     0.14901   39.34391    0.14890   39.33153
jla_mock     0.28742   40.83329    0.18840   40.92654
jla_mock     0.14360   39.34446    0.16640   39.24396
jla_mock     0.32837   41.42188    0.19601   41.25993
jla_mock     0.24625   40.54672    0.16507   40.54396
jla_mock     0.11966   38.82677    0.15027   38.81514
jla_mock     0.32838   41.58982    0.27642   41.26001
jla_mock     0.21513   40.06573    0.18367   40.21341
jla_mock     0.14478   39.35816    0.13617   39.26332
jla_mock     0.13243   39.05026    0.12839   39.05296
jla_mock     0.21082   40.27989    0.16235   40.16418
jla_mock     0.20399   39.96138    0.15781   40.08425
jla_mock     0.27952   41.06961    0.16701   40.85722
jla_mock     0.04428   36.51108    0.15510   36.54551
jla_mock     0.18037   39.96364    0.15078   39.78729
jla_mock     0.26070   40.58832    0.18972   40.68453
jla_mock     0.05654   37.09617    0.18697   37.09513
jla_mock     0.21260   40.38132    0.19195   40.18462
jla_mock     0.36941   40.93247    0.23700   41.55764
jla_mock     0.17386   39.78278    0.13052   39.69910
jla_mock     0.14265   39.34738    0.16863   39.22827
jla_mock     0.17789   39.98117    0.17323   39.75404
jla_mock     0.32837   41.15902    0.20656   41.25993
jla_mock     0.25351   40.46685    0.19561   40.61551
jla_mock     0.30001   40.92588    0.19320   41.03346
jla_mock     0.10589   38.46156    0.14608   38.53030
jla_mock     0.22328   40.36951    0.16844   40.30404
jla_mock     0.11845   39.03056    0.12252   38.79138
jla_mock     0.17653   39.67757    0.17119   39.73563
jla_mock     0.18280   39.82245    0.18907   39.81945
jla_mock     0.29762   40.92251    0.22708   41.01348
jla_mock     0.19699   40.14153    0.16337   39.99971
jla_mock     0.15295   39.41305    0.14755   39.39345
jla_mock     0.24850   40.75434    0.17448   40.56634
jla_mock     0.13818   39.30507    0.12409   39.15309
jla_mock     0.20704   40.25408    0.17045   40.12025
jla_mock     0.21468   40.21440    0.18060   40.20831
jla_mock     0.30632   40.88400    0.21503   41.08550
jla_mock     0.24695   40.48901    0.17120   40.55095
jla_mock     0.19801   40.17664    0.14490   40.01220
jla_mock     0.22256   40.48663    0.15195   40.29616
jla_mock     0.13508   38.93832    0.15131   39.09960
jla_mock     0.21054   40.16516    0.18261   40.16096
jla_mock     0.27258   41.05576    0.16911   40.79482
jla_mock     0.24660   40.64372    0.16169   40.54746
jla_mock     0.22068   40.29501    0.19429   40.27546
jla_mock     0.27447   40.80020    0.19147   40.81196
jla_mock     0.17656   39.59342    0.15540   39.73604
jla_mock     0.31088   40.96174    0.22016   41.12250
jla_mock     0.18435   39.57339    0.17308   39.83976
jla_mock     0.15935   39.42813    0.14827   39.49093
jla_mock     0.21976   40.25660    0.16605   40.26527
jla_mock     0.25205   40.52388    0.18410   40.60127
jla_mock     0.18122   39.85704    0.14940   39.79858
jla_mock     0.17373   39.45488    0.13336   39.69730
jla_mock     0.38047   41.23904    0.24246   41.63265
jla_mock     0.17865   39.59684    0.17172   39.76428
jla_mock     0.24568   40.44436    0.18910   40.53826
jla_mock     0.20910   40.26957    0.16102   40.14428
jla_mock     0.24947   40.59277    0.20971   40.57593
jla_mock     0.13392   39.03906    0.16606   39.07929
jla_mock     0.17706   39.62932    0.16040   39.74282
jla_mock     0.28111   41.27263    0.18775   40.87131
jla_mock     0.17383   39.70020    0.15187   39.69868
jla_mock     0.19654   40.09614    0.16513   39.99418
jla_mock     0.36397   41.44593    0.22725   41.51999
jla_mock     0.37835   41.28019    0.26733   41.61843
jla_mock     0.31646   41.36275    0.21039   41.16711
jla_mock     0.18322   39.79314    0.13519   39.82497
jla_mock     0.24102   40.62855    0.16774   40.49121
jla_mock     0.20203   39.85386    0.19953   40.06085
jla_mock     0.16869   39.48932    0.16512   39.62684
jla_mock     0.19794   39.89353    0.17492   40.01135
jla_mock     0.12276   38.85193    0.14575   38.87499
jla_mock     0.20318   40.44092    0.16105   40.07461
jla_mock     0.12739   38.69472    0.14896   38.96178
jla_mock     0.27549   40.69761    0.19973   40.82116
jla_mock     0.14468   39.11934    0.14722   39.26169
jla_mock     0.33436   40.90027    0.24978   41.30545
jla_mock     0.19580   40.14344    0.15393   39.98507
jla_mock     0.19392   40.06765    0.16375   39.96176
jla_mock     0.24973   40.56410    0.18581   40.57850
jla_mock     0.14860   39.25317    0.14880   39.32499
jla_mock     0.15596   39.35495    0.14872   39.43976
jla_mock     0.09582   38.38320    0.15035   38.29889
jla_mock     0.15065   39.22935    0.15873   39.35748
jla_mock     0.30933   41.33244    0.24716   41.10998
jla_mock     0.24857   40.67580    0.17340   40.56704
jla_mock     0.36554   41.26467    0.24312   41.53091
jla_mock     0.11771   38.84927    0.12848   38.77674
jla_mock     0.19176   40.17319    0.14428   39.93472
jla_mock     0.18255   39.69138    0.16171   39.81616
jla_mock     0.23472   40.48949    0.18445   40.42624
jla_mock     0.24647   40.28809    0.19928   40.54616
jla_mock     0.28845   40.56186    0.18873   40.93544
jla_mock     0.20960   40.34005    0.19927   40.15008
jla_mock     0.19198   39.49167    0.17965   39.93748
jla_mock     0.11402   38.67857    0.12215   38.70241
jla_mock     0.11389   38.72935    0.18397   38.69975
jla_mock     0.19880   39.95541    0.20967   40.02183
jla_mock     0.22058   39.91594    0.22796   40.27436
jla_mock     0.18257   39.68875    0.16454   39.81642
jla_mock     0.15895   39.36890    0.16373   39.48495
jla_mock     0.07849   37.76199    0.14912   37.84038
jla_mock     0.13864   39.23659    0.13217   39.16093
jla_mock     0.18079   39.83343    0.15446   39.79287
jla_mock     0.17757   39.74539    0.18629   39.74972
jla_mock     0.17066   39.79897    0.16102   39.65461
jla_mock     0.23381   40.46409    0.20859   40.41672
jla_mock     0.07153   37.38723    0.17411   37.62842
jla_mock     0.15463   39.35195    0.18792   39.41940
jla_mock     0.09010   38.02029    0.15951   38.15695
jla_mock     0.17658   39.34393    0.20449   39.73631
jla_mock     0.13045   38.94415    0.16441   39.01753
jla_mock     0.18204   40.03990    0.17167   39.80943
jla_mock     0.25617   40.56341    0.17261   40.64125
jla_mock     0.13811   39.23831    0.14854   39.15189
jla_mock     0.17070   39.68402    0.16750   39.65518
jla_mock     0.21674   40.20923    0.14793   40.23156
jla_mock     0.24555   40.51179    0.17888   40.53696
jla_mock     0.14382   39.07638    0.16710   39.24758
jla_mock     0.24862   40.47328    0.18856   40.56753
jla_mock     0.14533   39.29342    0.17139   39.27229
jla_mock     0.13588   39.08491    0.12760   39.11351
jla_mock     0.05874   37.23235    0.12754   37.18137
jla_mock     0.03652   36.05235    0.15192   36.11500
jla_mock     0.27749   40.78648    0.22703   40.83912
jla_mock     0.20515   39.65808    0.29701   40.09800
jla_mock     0.28051   40.95261    0.20079   40.86600
jla_mock     0.19867   39.99954    0.16216   40.02025
jla_mock     0.15999   39.40763    0.15164   39.50048
jla_mock     0.21075   40.04556    0.18113   40.16338
jla_mock     0.07195   37.61217    0.17246   37.64176
jla_mock     0.23782   40.23606    0.19074   40.45841
jla_mock     0.14139   39.39193    0.17359   39.20730
jla_mock     0.15506   39.41273    0.15761   39.42600
jla_mock     0.37013   41.73392    0.22887   41.56259
jla_mock     0.09391   38.19475    0.17056   38.25241
jla_mock     0.11863   38.55755    0.17058   38.79493
jla_mock     0.15363   39.36584    0.15381   39.40398
jla_mock     0.25356   40.60731    0.16810   40.61600
jla_mock     0.10725   38.52737    0.14420   38.55994
jla_mock     0.12961   38.92596    0.15302   39.00235
jla_mock     0.26665   40.70315    0.19376   40.74033
jla_mock     0.21226   40.15905    0.16263   40.18073
jla_mock     0.27822   41.12548    0.18167   40.84564
jla_mock     0.24540   40.53165    0.16812   40.53546
jla_mock     0.13362   39.09651    0.15059   39.07401
jla_mock     0.17656   39.52339    0.16208   39.73604
jla_mock     0.11368   38.79405    0.14584   38.69545
jla_mock     0.32038   41.07577    0.26368   41.19801
jla_mock     0.11271   38.69817    0.12253   38.67548
jla_mock     0.10602   38.55382    0.14473   38.53314
jla_mock     0.39135   41.83434    0.26610   41.70449
jla_mock     0.15575   39.47207    0.14612   39.43656
jla_mock     0.18667   40.08187    0.16762   39.86986
jla_mock     0.19671   40.00798    0.16670   39.99627
jla_mock     0.19191   39.69362    0.17339   39.93660
jla_mock     0.19084   39.74218    0.15088   39.92311
jla_mock     0.17625   39.78359    0.15361   39.73182
jla_mock     0.12837   38.92952    0.15036   38.97977
jla_mock     0.12262   38.77963    0.14734   38.87232
jla_mock     0.12715   38.87682    0.14706   38.95736
jla_mock     0.21323   40.17693    0.17621   40.19182
jla_mock     0.21861   40.42813    0.18110   40.25249
jla_mock     0.26856   41.00942    0.19152   40.75800
jla_mock     0.20466   40.00118    0.16519   40.09220
jla_mock     0.26710   40.70525    0.17378   40.74451
jla_mock     0.21757   40.08011    0.17265   40.24087
jla_mock     0.24185   40.47504    0.17151   40.49965
jla_mock     0.29350   40.71241    0.20072   40.97870
jla_mock     0.35346   41.73711    0.23114   41.44575
jla_mock     0.18563   39.88519    0.15495   39.85641
jla_mock     0.28543   41.10401    0.19928   40.90924
jla_mock     0.19494   39.76854    0.16836   39.97443
jla_mock     0.07592   37.81097    0.14500   37.76429
jla_mock     0.16357   39.52628    0.15778   39.55323
jla_mock     0.25721   40.50898    0.20821   40.65125
jla_mock     0.21955   40.26803    0.18725   40.26294
jla_mock     0.17558   40.00912    0.15163   39.72269
jla_mock     0.22667   40.64616    0.18608   40.34084
jla_mock     0.15322   39.37917    0.15082   39.39764
jla_mock     0.21025   40.30221    0.19550   40.15761
jla_mock     0.12164   39.06370    0.12361   38.85353
jla_mock     0.29135   41.11586    0.19905   40.96037
jla_mock     0.29448   41.11161    0.27860   40.98701
jla_mock     0.16455   39.50848    0.12599   39.56749
jla_mock     0.30702   41.33749    0.20907   41.09122
jla_mock     0.19863   39.95155    0.16158   40.01976
jla_mock     0.26821   40.78787    0.21540   40.75477
jla_mock     0.40128   41.90343    0.24823   41.76846
jla_mock     0.13668   39.04552    0.15334   39.12735
jla_mock     0.29542   40.87497    0.24720   40.99496
jla_mock     0.29192   40.53141    0.19220   40.96524
jla_mock     0.09007   38.11451    0.12097   38.15619
jla_mock     0.20557   40.14189    0.18293   40.10296
jla_mock     0.14582   39.58566    0.14935   39.28026
jla_mock     0.11767   38.87093    0.14487   38.77595
jla_mock     0.05499   36.94867    0.14998   37.03240
jla_mock     0.17420   39.84644    0.15143   39.70378
jla_mock     0.24495   40.46702    0.18021   40.53095
jla_mock     0.22452   40.13557    0.18250   40.31756
jla_mock     0.24558   40.55112    0.16228   40.53726
jla_mock     0.28351   41.03143    0.21250   40.89245
jla_mock     0.18056   39.66000    0.17619   39.78982
jla_mock     0.10391   38.29455    0.12352   38.48649
jla_mock     0.12961   39.19794    0.15327   39.00235
jla_mock     0.24352   40.35733    0.16046   40.51656
jla_mock     0.33136   40.98541    0.26935   41.28275
jla_mock     0.24348   40.28200    0.19048   40.51615
jla_mock     0.31468   41.31897    0.17578   41.15296
jla_mock     0.21865   40.22206    0.18935   40.25293
jla_mock     0.26014   40.66578    0.21926   40.67922
jla_mock     0.28243   40.79562    0.19831   40.88296
jla_mock     0.30041   41.10072    0.20582   41.03679
jla_mock     0.15186   39.55421    0.14864   39.37647
jla_mock     0.26357   40.66256    0.18937   40.71159
jla_mock     0.21382   40.44251    0.20621   40.19854
jla_mock     0.16284   39.51268    0.16762   39.54256
jla_mock     0.12440   39.23318    0.17141   38.90608
jla_mock     0.19465   40.11322    0.13939   39.97083
jla_mock     0.20554   40.30803    0.18299   40.10260
jla_mock     0.10667   38.63796    0.14589   38.54734
jla_mock     0.18772   39.90251    0.18725   39.88338
jla_mock     0.16387   39.58645    0.15682   39.55760
jla_mock     0.29021   40.92027    0.19470   40.95060
jla_mock     0.09401   38.44951    0.12498   38.25487
jla_mock     0.22786   40.47318    0.18010   40.35364
jla_mock     0.10751   38.40048    0.14765   38.56556
jla_mock     0.31065   41.00662    0.22259   41.12065
jla_mock     0.14564   39.36121    0.15576   39.27734
jla_mock     0.08784   38.04191    0.12610   38.09850
jla_mock     0.14839   39.33948    0.15573   39.32164
jla_mock     0.28662   41.11714    0.19366   40.91960
jla_mock     0.12281   38.99648    0.13329   38.87594
jla_mock     0.18655   40.08465    0.20280   39.86832
jla_mock     0.12893   38.94356    0.15504   38.99000
jla_mock     0.19422   40.04507    0.16864   39.96549
jla_mock     0.14800   39.31543    0.14676   39.31541
jla_mock     0.21179   40.02843    0.22866   40.17534
jla_mock     0.17962   39.70695    0.17351   39.77728
jla_mock     0.26349   40.65612    0.18130   40.71084
jla_mock     0.19215   39.76462    0.15957   39.93962
jla_mock     0.33880   41.60530    0.22988   41.33871
jla_mock     0.11741   38.89196    0.14767   38.77078
jla_mock     0.14310   39.09614    0.16842   39.23571
jla_mock     0.16035   39.57836    0.13218   39.50583
jla_mock     0.28872   40.95497    0.21130   40.93777
jla_mock     0.12303   38.87697    0.15465   38.88013
jla_mock     0.26405   40.88923    0.18534   40.71609
jla_mock     0.12608   39.16359    0.17183   38.93753
jla_mock     0.17374   39.83780    0.14981   39.69744
jla_mock     0.16440   39.70068    0.14973   39.56531
jla_mock     0.24961   40.71578    0.16242   40.57731
jla_mock     0.15999   39.45029    0.15137   39.50048
jla_mock     0.24448   40.75102    0.15150   40.52623
jla_mock     0.24851   40.58859    0.17708   40.56644
jla_mock     0.22893   40.31279    0.16848   40.36509
jla_mock     0.08528   38.05486    0.14385   38.03054
jla_mock     0.06282   37.42288    0.14855   37.33331
jla_mock     0.27745   41.14926    0.23370   40.83876
jla_mock     0.27544   40.80147    0.21508   40.82071
jla_mock     0.33051   41.13945    0.21088   41.27628
jla_mock     0.36193   41.71150    0.24565   41.50573
jla_mock     0.33103   41.04949    0.21801   41.28024
jla_mock     0.16050   39.66520    0.12715   39.50806
jla_mock     0.30021   41.06351    0.20430   41.03513
jla_mock     0.11635   38.84108    0.12231   38.74960
jla_mock     0.21829   40.22687    0.16062   40.24892
jla_mock     0.11967   38.74811    0.12046   38.81533
jla_mock     0.15473   39.45609    0.12395   39.42094
jla_mock     0.17810   39.72273    0.16563   39.75688
jla_mock     0.25037   40.61789    0.16561   40.58480
jla_mock     0.25174   40.74360    0.14466   40.59824
jla_mock     0.12953   38.85788    0.14519   39.00090
jla_mock     0.30929   41.33343    0.18811   41.10966
jla_mock     0.27852   40.72607    0.17882   40.84832
jla_mock     0.18581   40.03234    0.13606   39.85875
jla_mock     0.06651   37.37043    0.17228   37.46289
jla_mock     0.25800   40.85617    0.18757   40.65882
jla_mock     0.29888   41.13463    0.21609   41.02403
jla_mock     0.27044   40.86374    0.22437   40.77528
jla_mock     0.27916   40.99619    0.17184   40.85402
jla_mock     0.29287   40.62789    0.21554   40.97334
jla_mock     0.18965   39.88459    0.15711   39.90803
jla_mock     0.26576   40.46829    0.19291   40.73206
jla_mock     0.12376   38.76614    0.14509   38.89399
jla_mock     0.18255   39.98878    0.14972   39.81616
jla_mock     0.05634   36.90681    0.14895   37.08713
jla_mock     0.31288   41.23653    0.18264   41.13858
jla_mock     0.30915   41.36231    0.22329   41.10853
jla_mock     0.20061   40.09227    0.15588   40.04377
jla_mock     0.32640   41.10518    0.20549   41.24480
jla_mock     0.21163   40.08542    0.13899   40.17351
jla_mock     0.17969   39.79580    0.15636   39.77821
jla_mock     0.30240   40.95710    0.19662   41.05329
jla_mock     0.10924   38.42371    0.14870   38.60268
jla_mock     0.08522   38.15745    0.15002   38.02892
jla_mock     0.20231   39.84460    0.16132   40.06421
jla_mock     0.12649   39.09403    0.15585   38.94515
jla_mock     0.21457   40.17940    0.16813   40.20706
jla_mock     0.32045   41.07275    0.19169   41.19856
jla_mock     0.21835   40.11838    0.17273   40.24959
jla_mock     0.19010   40.03921    0.15982   39.91374
jla_mock     0.09243   38.16104    0.15614   38.21577
jla_mock     0.37986   41.64437    0.18489   41.62856
jla_mock     0.21134   40.09138    0.16608   40.17017
jla_mock     0.25833   40.97576    0.18012   40.66198
jla_mock     0.18327   39.78636    0.16856   39.82563
jla_mock     0.21295   40.40864    0.17785   40.18862
jla_mock     0.11651   38.81461    0.15544   38.75281
jla_mock     0.14401   38.93157    0.17186   39.25071
jla_mock     0.25249   40.71247    0.18600   40.60557
jla_mock     0.25539   40.70727    0.21320   40.63373
jla_mock     0.21698   40.29848    0.18861   40.23425
jla_mock     1.26590   44.95815    0.22380   44.79699
jla_mock     0.93577   44.36605    0.22959   43.98915
jla_mock     0.04952   36.66714    0.20229   36.79644
jla_mock     0.03033   35.84325    0.18208   35.70157
jla_mock     0.07458   37.95214    0.21873   37.72360
jla_mock     0.02520   35.63855    0.22034   35.29123
jla_mock     0.01441   33.93005    0.20528   34.06048
jla_mock     0.02079   34.82621    0.19750   34.86681
jla_mock     0.03522   35.75102    0.20378   36.03412
jla_mock     0.04166   36.00652    0.21523   36.40883
jla_mock     0.04240   36.19310    0.20619   36.44838
jla_mock     0.01890   34.74052    0.18362   34.65682
jla_mock     0.07884   38.06985    0.21534   37.85056
jla_mock     0.06334   37.39505    0.20759   37.35224
jla_mock     0.02764   35.79883    0.23142   35.49574
jla_mock     0.04933   36.47488    0.21068   36.78762
jla_mock     0.07015   37.52271    0.22041   37.58415
jla_mock     0.02391   35.28062    0.18368   35.17514
jla_mock     0.05313   37.03180    0.22336   36.95466
jla_mock     0.02495   34.98224    0.18978   35.26944
jla_mock     0.01566   34.14692    0.20165   34.24356
jla_mock     0.04898   37.04381    0.15986   36.77203
jla_mock     0.02240   35.08366    0.18928   35.03106
jla_mock     0.03485   35.62231    0.23666   36.01099
jla_mock     0.01697   34.33870    0.20291   34.41905
jla_mock     0.03072   35.88525    0.18172   35.73037
jla_mock     0.03048   36.00981    0.18204   35.71303
jla_mock     0.01055   33.59508    0.21945   33.37697
jla_mock     0.01426   33.94455    0.17171   34.03675
jla_mock     0.02769   35.68900    0.18125   35.49983
jla_mock     0.05386   36.93938    0.15904   36.98558
jla_mock     0.01767   34.28709    0.19251   34.50873
jla_mock     0.01745   34.46653    0.17037   34.48092
jla_mock     0.01557   34.07196    0.20220   34.23076
jla_mock     0.01006   33.21375    0.23113   33.27290
jla_mock     0.05493   36.99424    0.18431   37.02998
jla_mock     0.03908   36.19941    0.16317   36.26630
jla_mock     0.07832   38.07931    0.18392   37.83534
jla_mock     0.03176   35.98232    0.15356   35.80452
jla_mock     0.01444   34.08999    0.22581   34.06489
jla_mock     0.01353   33.91535    0.22079   33.92255
jla_mock     0.02668   35.45029    0.19350   35.41745
jla_mock     0.02336   35.15006    0.17881   35.12382
jla_mock     0.03693   36.07650    0.19002   36.14013
jla_mock     0.02355   35.33550    0.17820   35.14190
jla_mock     0.01748   34.71072    0.19212   34.48507
jla_mock     0.04026   36.48280    0.17448   36.33252
jla_mock     0.03038   35.49855    0.20408   35.70566
jla_mock     0.01550   34.40629    0.20028   34.22101
jla_mock     0.01415   34.11906    0.18788   34.02052
jla_mock     0.01549   34.18687    0.18431   34.21860
jla_mock     0.01555   34.56504    0.19852   34.22808
jla_mock     0.03707   36.00571    0.15485   36.14862
jla_mock     0.01548   34.25662    0.20250   34.21789
jla_mock     0.01332   33.71997    0.18644   33.88842
jla_mock     0.01457   34.33263    0.20791   34.08532
jla_mock     0.01579   33.98903    0.19847   34.26130
jla_mock     0.02475   35.14891    0.17955   35.25120
jla_mock     0.02775   35.49358    0.17503   35.50463
jla_mock     0.01089   33.77666    0.25478   33.44601
jla_mock     0.01365   33.95065    0.18671   33.94176
jla_mock     0.03576   35.82537    0.16296   36.06783
jla_mock     0.02473   35.07827    0.17711   35.24932
jla_mock     0.03809   36.38362    0.17052   36.20863
jla_mock     0.02154   35.04466    0.17712   34.94487
jla_mock     0.01958   35.00485    0.17899   34.73456
jla_mock     0.03042   35.37007    0.17572   35.70822
jla_mock     0.03922   36.25145    0.17021   36.27406
jla_mock     0.03497   36.03555    0.15988   36.01845
jla_mock     0.02856   35.45318    0.17650   35.56863
jla_mock     0.02100   34.95359    0.18823   34.88845
jla_mock     0.03254   35.83068    0.18232   35.85802
jla_mock     0.01547   34.53588    0.19319   34.21604
jla_mock     0.01568   34.26655    0.20748   34.24552
jla_mock     0.02750   35.63922    0.15599   35.48465
jla_mock     0.04686   36.61824    0.17135   36.67229
jla_mock     0.03317   35.69593    0.18296   35.90099
jla_mock     0.01029   33.14026    0.23550   33.32258
jla_mock     0.08010   38.26295    0.17116   37.88694
jla_mock     0.01232   33.55233    0.20021   33.71613
jla_mock     0.02459   35.17855    0.20631   35.23686
jla_mock     0.01447   33.87597    0.20828   34.06899
jla_mock     0.01515   33.90256    0.18400   34.17085
jla_mock     0.02909   35.68976    0.17337   35.60902
jla_mock     0.03478   36.10659    0.17929   36.00632
jla_mock     0.04492   36.46684    0.14071   36.57766
jla_mock     0.03407   35.91562    0.16958   35.96061
jla_mock     0.07487   37.56044    0.14386   37.73249
jla_mock     0.01496   34.46530    0.19783   34.14256
jla_mock     0.02040   34.64064    0.17104   34.82442
jla_mock     0.04069   36.34449    0.17468   36.35626
jla_mock     0.02657   35.49438    0.18033   35.40830
jla_mock     0.02688   35.64477    0.15331   35.43431
jla_mock     0.02347   35.14085    0.17598   35.13429
jla_mock     0.06912   37.63372    0.19118   37.55045
jla_mock     0.06519   37.63764    0.15880   37.41747
jla_mock     0.02298   35.15087    0.17791   35.08760
jla_mock     0.01739   34.36609    0.19829   34.47296
jla_mock     0.03148   35.91940    0.15109   35.78492
jla_mock     0.01118   33.14872    0.19448   33.50474
jla_mock     0.02196   34.88607    0.17567   34.98697
jla_mock     0.03148   35.50085    0.15081   35.78485
jla_mock     0.02332   34.71590    0.20285   35.12013
jla_mock     0.02039   34.99148    0.18301   34.82377
jla_mock     0.02247   34.99638    0.18141   35.03765
jla_mock     0.03361   36.00443    0.18044   35.93037
jla_mock     0.03697   36.33759    0.17917   36.14224
jla_mock     0.02263   34.91475    0.18007   35.05361
jla_mock     0.01470   34.21185    0.18462   34.10407
jla_mock     0.03695   36.21623    0.14876   36.14109
jla_mock     0.06096   37.26825    0.12531   37.26526
jla_mock     0.05929   37.24500    0.12136   37.20241
jla_mock     0.06975   37.42088    0.15874   37.57107
jla_mock     0.02953   35.39833    0.17470   35.64232
jla_mock     0.03325   35.74740    0.17565   35.90649
jla_mock     0.02416   35.38190    0.18124   35.19813
jla_mock     0.01600   34.20744    0.19156   34.29005
jla_mock     0.06296   37.15985    0.16531   37.33846
jla_mock     0.02171   34.80295    0.19186   34.96170
jla_mock     0.03164   36.08306    0.18944   35.79569
jla_mock     0.01860   34.57583    0.17305   34.62124
jla_mock     0.02706   35.40952    0.17333   35.44934
jla_mock     0.02547   35.34553    0.18470   35.31480
jla_mock     0.02381   35.19548    0.19337   35.16597
jla_mock     0.02387   34.96274    0.18298   35.17126
jla_mock     0.02207   35.01830    0.16678   34.99820
