  jla_mock 0.503084 42.16450663 0.14571158 42.35104191
  jla_mock 0.580724 42.39326180 0.16122778 42.72544420
  jla_mock 0.494795 42.31635119 0.12070859 42.30792132
  jla_mock 0.345928 41.53965257 0.13253081 41.39127679
  jla_mock 0.677662 42.87472986 0.22871689 43.13159771
  jla_mock 0.610712 43.42525301 0.22548733 42.85755119
  jla_mock 0.866494 44.17832049 0.25803499 43.78399511
  jla_mock 0.330932 41.31574794 0.12801230 41.27949682
  jla_mock 0.798566 43.89079051 0.25919990 43.56669516
  jla_mock 0.449562 42.13667444 0.16139765 42.06004102
  jla_mock 0.371443 41.65947475 0.14921889 41.57158328
  jla_mock 0.291718 41.12525388 0.14231442 40.96351391
  jla_mock 0.355820 41.48711229 0.14101044 41.46259197
  jla_mock 0.461274 42.25056840 0.15587207 42.12637684
  jla_mock 0.283610 40.84940764 0.13055630 40.89332726
  jla_mock 0.632234 42.96513153 0.22182909 42.94863350
  jla_mock 0.466414 42.42048395 0.17243727 42.15499621
  jla_mock 0.268624 40.92442358 0.12820280 40.75859431
  jla_mock 0.946890 44.20796570 0.29224985 44.02068105
  jla_mock 0.924917 44.06503271 0.31213110 43.95800648
  jla_mock 0.693165 43.81961410 0.29243158 43.19137081
  jla_mock 0.625233 42.92747090 0.19088816 42.91933154
  jla_mock 0.896944 43.85534553 0.26745476 43.87607256
  jla_mock 0.608261 42.70189732 0.15987482 42.84698635
  jla_mock 0.789054 43.53696395 0.26932700 43.53484560
  jla_mock 0.578292 42.76913237 0.14637659 42.71444998
  jla_mock 0.590280 42.64045392 0.18966931 42.76822720
  jla_mock 0.719626 43.70705686 0.25305179 43.29050179
  jla_mock 0.210032 40.32452299 0.13132256 40.15508565
  jla_mock 0.766590 43.67945418 0.22576765 43.45813147
  jla_mock 0.858513 43.75712548 0.22289539 43.75933955
  jla_mock 0.367904 41.40330808 0.09931133 41.54726971
  jla_mock 0.558746 42.73568024 0.15678156 42.62447408
  jla_mock 0.848509 43.94996053 0.21739327 43.72811733
  jla_mock 0.996390 44.08087673 0.24266005 44.15678878
  jla_mock 0.776594 43.63989889 0.26449227 43.49255925
  jla_mock 0.582932 42.60613621 0.13306958 42.73538825
  jla_mock 0.583743 42.78290339 0.16752875 42.73903180
  jla_mock 0.796552 43.64658362 0.22887969 43.55998229
  jla_mock 0.588721 42.85393818 0.15579306 42.76129222
  jla_mock 0.913473 44.00566535 0.24294053 43.92478371
  jla_mock 0.768587 43.74153413 0.23905376 43.46503842
  jla_mock 0.948455 44.44904290 0.26528102 44.02509035
  jla_mock 0.513793 42.28482201 0.15287930 42.40577946
  jla_mock 0.733609 43.35755528 0.19294483 43.34148483
  jla_mock 0.637701 43.09266388 0.27010736 42.97130188
  jla_mock 0.765588 43.54289338 0.21113574 43.45465935
  jla_mock 0.434861 42.10636379 0.15772880 41.97446567
  jla_mock 0.983407 44.32551311 0.25879722 44.12174547
  jla_mock 0.583743 42.59486265 0.16232669 42.73903180
  jla_mock 0.700631 43.63715435 0.21687358 43.21970245
  jla_mock 0.662058 43.14714702 0.21294856 43.07010358
  jla_mock 0.838126 43.65340035 0.28077453 43.69533139
  jla_mock 0.621874 43.13223920 0.17546981 42.90516222
  jla_mock 0.370586 41.62578742 0.14291643 41.56571521
  jla_mock 0.416632 41.79451179 0.13815441 41.86454678
  jla_mock 0.358570 41.52099088 0.10704088 41.48209300
  jla_mock 0.451681 42.33090956 0.15278703 42.07216096
  jla_mock 0.522762 42.68734535 0.16112888 42.45080836
  jla_mock 0.733996 43.44161592 0.30408870 43.34288256
  jla_mock 0.701965 43.41395660 0.31176741 43.22473424
  jla_mock 0.742008 43.37381153 0.29013165 43.37166168
  jla_mock 0.746118 43.31535567 0.21822021 43.38630913
  jla_mock 0.349560 41.65929201 0.13472825 41.41767712
  jla_mock 0.591835 43.03891579 0.15357327 42.77512718
  jla_mock 0.514746 42.46093205 0.15561143 42.41059876
  jla_mock 0.620632 43.21141178 0.18447364 42.89990471
  jla_mock 0.643646 43.10307535 0.24392132 42.99574384
  jla_mock 1.002795 43.81644756 0.33216844 44.17391138
  jla_mock 0.470586 42.21121687 0.14420733 42.17801083
  jla_mock 0.610643 42.88061687 0.15877872 42.85725432
  jla_mock 0.263487 40.75635539 0.12804977 40.71081308
  jla_mock 0.358336 41.61472086 0.12918713 41.48043901
  jla_mock 0.742697 42.66884037 0.25908753 43.37412260
  jla_mock 0.451556 42.03056858 0.11538935 42.07144747
  jla_mock 0.910752 43.52403149 0.26164869 43.91682448
  jla_mock 0.552605 42.59201635 0.15821060 42.59559344
  jla_mock 0.337534 41.32234094 0.12813367 41.32927134
  jla_mock 0.750681 43.28576066 0.24281434 43.40248043
  jla_mock 0.983777 43.59959125 0.34665096 44.12275046
  jla_mock 0.822697 43.62378988 0.22175759 43.64587597
  jla_mock 0.813696 43.82668712 0.24256727 43.61660738
  jla_mock 0.950763 44.74090172 0.26472927 44.03158000
  jla_mock 0.817732 43.54369394 0.24643394 43.62976987
  jla_mock 0.340520 41.54169317 0.12574260 41.35148976
  jla_mock 0.960751 44.45324749 0.28766046 44.05948701
  jla_mock 0.810720 43.68904711 0.27275574 43.60686128
  jla_mock 0.756687 43.16871695 0.24755189 43.42362217
  jla_mock 0.611252 43.07163558 0.18572910 42.85987342
  jla_mock 0.877971 43.73796830 0.22378685 43.81906566
  jla_mock 0.548325 42.47613503 0.14258079 42.57528608
  jla_mock 0.809032 43.51818826 0.23222084 43.60131782
  jla_mock 1.028800 44.21432585 0.28337345 44.24233887
  jla_mock 0.627239 42.85515930 0.17555461 42.92775911
  jla_mock 0.422452 41.88761614 0.15606690 41.90011713
  jla_mock 0.933900 44.26640990 0.34999950 43.98380379
  jla_mock 0.701158 43.34256062 0.22740618 43.22169137
  jla_mock 0.697164 43.56320509 0.20952266 43.20658211
  jla_mock 0.685179 43.16784908 0.27044472 43.16074133
  jla_mock 0.767075 43.47063330 0.25233801 43.45981051
  jla_mock 0.931901 44.25041991 0.25136810 43.97808419
  jla_mock 0.863978 43.58507741 0.24510246 43.77624644
  jla_mock 0.749100 43.21969389 0.22590126 43.39688808
  jla_mock 0.514353 42.54181320 0.15357466 42.40861238
  jla_mock 0.468406 42.21765430 0.11440416 42.16600877
  jla_mock 0.470398 42.09597642 0.15654577 42.17697783
  jla_mock 0.958871 43.77795243 0.27681249 44.05425605
  jla_mock 0.927909 44.38054111 0.29724149 43.96662606
  jla_mock 0.840522 43.83762408 0.21913135 43.70293203
  jla_mock 0.630699 43.34622198 0.17083127 42.94223535
  jla_mock 0.562751 42.89571305 0.14440652 42.64314895
  jla_mock 0.615698 42.69990554 0.16969222 42.87891969
  jla_mock 0.828528 43.40551588 0.22446355 43.66467138
  jla_mock 0.564741 42.86264930 0.16042692 42.65238167
  jla_mock 0.578745 42.79527118 0.14758356 42.71650114
  jla_mock 0.557743 42.64286510 0.15831963 42.61977749
  jla_mock 0.864497 43.65633206 0.22870035 43.77784663
  jla_mock 0.735608 43.44184625 0.23468503 43.34869704
  jla_mock 0.858507 43.81924959 0.28336591 43.75932093
  jla_mock 0.261984 40.60304420 0.10443414 40.69667086
  jla_mock 0.585743 42.48465482 0.18660838 42.74799676
  jla_mock 0.761580 43.61588360 0.21598834 43.44072697
  jla_mock 0.488800 42.31539980 0.11155101 42.27631225
  jla_mock 0.858516 43.62841687 0.27431051 43.75934886
  jla_mock 0.688656 42.89412722 0.18053033 43.17411869
  jla_mock 0.558743 42.60585801 0.15491557 42.62446004
  jla_mock 0.324532 41.20849883 0.12601850 41.23036431
  jla_mock 0.480704 42.22824710 0.10839252 42.23304676
  jla_mock 0.185371 39.99915942 0.13095679 39.85305148
  jla_mock 0.922221 44.22558968 0.33854809 43.95021620
  jla_mock 0.681942 42.97046617 0.19640351 43.14822898
  jla_mock 0.475707 42.14588789 0.10811298 42.20600231
  jla_mock 0.922210 43.79784520 0.27644363 43.95018437
  jla_mock 0.893183 44.08081440 0.25783329 43.86486632
  jla_mock 0.428646 41.94357066 0.14143599 41.93747792
  jla_mock 0.631882 42.87783507 0.23474045 42.94716761
  jla_mock 0.699960 43.37185707 0.25834877 43.21716801
  jla_mock 0.736007 43.67847172 0.26468680 43.35013433
  jla_mock 0.575823 42.58955899 0.15953941 42.70324385
  jla_mock 0.418633 41.89007350 0.10651651 41.87682801
  jla_mock 0.511746 42.36902195 0.12000546 42.39539947
  jla_mock 0.535771 42.42517199 0.12653138 42.51485102
  jla_mock 0.641893 43.20080598 0.21547239 42.98855901
  jla_mock 0.734996 43.42903302 0.22720400 43.34649100
  jla_mock 0.351560 41.37426733 0.13079492 41.43210698
  jla_mock 0.609860 42.98494529 0.17401244 42.85388326
  jla_mock 0.349557 41.54567446 0.13436921 41.41765542
  jla_mock 0.701969 43.51026925 0.18819535 43.22474932
  jla_mock 0.355261 41.31314199 0.10427939 41.45861096
  jla_mock 0.983280 43.89880352 0.25756994 44.12140043
  jla_mock 0.872152 43.94961375 0.26597542 43.80134063
  jla_mock 0.759030 43.50691437 0.20819082 43.43182601
  jla_mock 0.926220 43.59670680 0.24599386 43.96176361
  jla_mock 0.643642 43.14699785 0.22846121 42.99572746
  jla_mock 0.419569 42.07972438 0.13772753 41.88255410
  jla_mock 0.515587 42.54788357 0.20313602 42.41484477
  jla_mock 0.890729 43.93658456 0.21057911 43.85752952
  jla_mock 0.805696 43.57972942 0.22987004 43.59032927
  jla_mock 0.480568 42.12853345 0.10874993 42.23231419
  jla_mock 0.800697 43.75517020 0.24546005 43.57378020
  jla_mock 0.580604 42.49196798 0.18881444 42.72490274
  jla_mock 0.715652 43.57682760 0.24396561 43.27583891
  jla_mock 0.805695 44.07939200 0.23276535 43.59032597
  jla_mock 0.766684 43.57315574 0.25283777 43.45845698
  jla_mock 0.664638 43.30581882 0.19578546 43.08036579
  jla_mock 0.901736 44.10172332 0.25190507 43.89028441
  jla_mock 0.745665 43.74568778 0.21142864 43.38469852
  jla_mock 0.718680 43.64555275 0.20380008 43.28701838
  jla_mock 0.736690 43.67439994 0.19636251 43.35259294
  jla_mock 0.579600 42.96113692 0.12084594 42.72036839
  jla_mock 0.370531 41.59940041 0.10256736 41.56533819
  jla_mock 0.960740 44.11265220 0.23956115 44.05945643
  jla_mock 0.850729 43.65207489 0.21179952 43.73507669
  jla_mock 0.648640 43.03100998 0.19254569 43.01611076
  jla_mock 0.219462 40.34431918 0.13036783 40.26196681
  jla_mock 0.936755 44.15358118 0.24129989 43.99195180
  jla_mock 0.647639 43.41216077 0.17876349 43.01204038
  jla_mock 0.461564 42.15329039 0.13341110 42.12799943
  jla_mock 0.600603 42.79191057 0.17945434 42.81371586
  jla_mock 0.670654 43.29762458 0.23100742 43.10414845
  jla_mock 0.760698 43.45048563 0.20946016 43.43765154
  jla_mock 0.246492 40.54261559 0.13212126 40.54637902
  jla_mock 0.470573 42.21378074 0.14759396 42.17793941
  jla_mock 0.169455 39.56140099 0.11209573 39.63766354
  jla_mock 0.497379 42.40338786 0.12912927 42.32143557
  jla_mock 0.638234 42.99611458 0.19688575 42.97350203
  jla_mock 0.507371 42.42717383 0.14542671 42.37308383
  jla_mock 0.535327 42.69487069 0.14229510 42.51268936
  jla_mock 0.587285 42.89813778 0.16639385 42.75488905
  jla_mock 0.773081 43.56594770 0.25620999 43.48051857
  jla_mock 0.699166 43.19555389 0.22210270 43.21416597
  jla_mock 0.370511 41.63161755 0.12736057 41.56520108
  jla_mock 0.761089 43.26613846 0.22808946 43.43901534
  jla_mock 0.699169 43.28033562 0.21959570 43.21417732
  jla_mock 0.788060 43.50467189 0.19242158 43.53149594
  jla_mock 0.373513 41.58484492 0.13202741 41.58570563
  jla_mock 0.405478 41.74261972 0.13198879 41.79507130
  jla_mock 0.852994 43.60466698 0.25729076 43.74215894
  jla_mock 0.808048 43.48194111 0.24185374 43.59808117
  jla_mock 0.603272 43.00017302 0.18397635 42.82535672
  jla_mock 0.583290 42.66850924 0.17902789 42.73699721
  jla_mock 0.534335 42.71606433 0.14774220 42.50785365
  jla_mock 0.720140 43.16131783 0.24070231 43.29239263
  jla_mock 0.400485 41.57469746 0.21060605 41.76339635
  jla_mock 0.837004 43.36036010 0.21502566 43.69176490
  jla_mock 0.371508 41.49943777 0.10193219 41.57202784
  jla_mock 0.806041 43.69201713 0.25907683 43.59146772
  jla_mock 0.840005 43.71654814 0.23506835 43.70129378
  jla_mock 0.500728 42.41247960 0.12981336 42.33885355
  jla_mock 0.532765 42.70585273 0.17422186 42.50018312
  jla_mock 0.533766 42.60599577 0.18215335 42.50507613
  jla_mock 0.932229 43.56249594 0.34152943 43.97902349
  jla_mock 0.822103 43.64134137 0.25790730 43.64395405
  jla_mock 0.553797 42.46658607 0.13544877 42.60122283
  jla_mock 0.125298 39.16786302 0.13709229 38.92293877
  jla_mock 0.842123 44.26488920 0.28302626 43.70799902
  jla_mock 0.443668 42.17330895 0.15186631 42.02604821
  jla_mock 0.727675 43.43907380 0.24978201 43.31996388
  jla_mock 0.683659 42.88576361 0.41253064 43.15487294
  jla_mock 0.442548 42.24122233 0.13367762 42.01954139
  jla_mock 0.726679 43.14299979 0.20021505 43.31633517
  jla_mock 0.282510 40.81860514 0.12747632 40.88366322
  jla_mock 0.404549 41.77414966 0.12965359 41.78920526
  jla_mock 0.519611 42.62261124 0.13964385 42.43507170
  jla_mock 0.690652 43.55691483 0.23214813 43.18176896
  jla_mock 1.060801 44.38975961 0.27869308 44.32423223
  jla_mock 0.576612 42.83252196 0.15376326 42.70682983
  jla_mock 0.268489 40.74706390 0.12614174 40.75734943
  jla_mock 0.720680 43.61265082 0.25106936 43.29437771
  jla_mock 0.250498 40.63834546 0.13111277 40.58605882
  jla_mock 0.760691 43.60608551 0.27664014 43.43762712
  jla_mock 0.698167 42.90936998 0.26129048 43.21038422
  jla_mock 0.550315 42.60001158 0.16854352 42.58474650
  jla_mock 0.730128 43.26938196 0.23524622 43.32888057
  jla_mock 0.847985 43.81050381 0.24702775 43.72647209
  jla_mock 0.997826 44.24827847 0.24705649 44.16063709
  jla_mock 0.435446 41.90235309 0.13052406 41.97792194
  jla_mock 0.409470 41.69693026 0.12922369 41.82013748
  jla_mock 0.301590 41.26168413 0.12598595 41.04658579
  jla_mock 1.299106 44.75856414 0.19340708 44.86622170
  jla_mock 1.020807 43.99703127 0.23668119 44.22149044
  jla_mock 0.839734 43.55263516 0.19264717 43.70043465
  jla_mock 1.120850 44.06634809 0.20807086 44.47149026
  jla_mock 1.230892 44.22708927 0.23900250 44.72198803
  jla_mock 0.974230 44.03230538 0.18427047 44.09669905
  jla_mock 0.970782 43.92890665 0.33863365 44.08722847
  jla_mock 0.064229 37.38259003 0.15072784 37.38367208
  jla_mock 0.129030 38.98330970 0.16416611 38.99181609
  jla_mock 0.102890 38.46402675 0.14983539 38.46361443
  jla_mock 0.044130 36.59514826 0.17359564 36.53790737
  jla_mock 0.113040 38.85262310 0.15276523 38.68228835
  jla_mock 0.256110 40.57684627 0.20496122 40.64067411
  jla_mock 0.380260 41.72358583 0.28702753 41.63124000
  jla_mock 0.145470 39.16141034 0.16218924 39.27457233
  jla_mock 0.088890 38.27050753 0.14636771 38.12583382
  jla_mock 0.260590 40.67741787 0.18294429 40.68348731
  jla_mock 0.078910 37.83005149 0.15602647 37.85259413
  jla_mock 0.083040 37.93988053 0.15331705 37.96945274
  jla_mock 0.165650 39.53538218 0.13854363 39.58339248
  jla_mock 0.168170 39.61791619 0.16196037 39.61946333
  jla_mock 0.170630 39.78646352 0.16520984 39.65419380
  jla_mock 0.170280 39.76055137 0.17035518 39.64928098
  jla_mock 0.120440 38.80105880 0.15109792 38.83033422
  jla_mock 0.276530 41.11407089 0.21443501 40.83051212
  jla_mock 0.231600 40.33122809 0.18253328 40.39346548
  jla_mock 0.305690 41.17389338 0.26735001 41.08035322
  jla_mock 0.079970 37.81707582 0.16566195 37.88313388
  jla_mock 0.174150 39.92517103 0.15831009 39.70308864
  jla_mock 0.138680 39.11114536 0.16604939 39.16160914
  jla_mock 0.146070 39.30781895 0.16391832 39.28431597
  jla_mock 0.081330 37.87933292 0.14393418 37.92175604
  jla_mock 0.233800 40.58447074 0.17178002 40.41661639
  jla_mock 0.256550 40.94422754 0.17733386 40.64490939
  jla_mock 0.245620 40.59729462 0.20041043 40.53766308
  jla_mock 0.125930 38.99678077 0.19132506 38.93473721
  jla_mock 0.223510 40.36240238 0.21582750 40.30655156
  jla_mock 0.102640 38.55151352 0.14663754 38.45797501
  jla_mock 0.119670 38.86415709 0.14566661 38.81533475
  jla_mock 0.180550 39.86038548 0.16851019 39.78968278
  jla_mock 0.197090 39.95805164 0.17389574 40.00093917
  jla_mock 0.229160 40.38992639 0.19939442 40.36755056
  jla_mock 0.264510 41.07283213 0.19876199 40.72039640
  jla_mock 0.103370 38.27695541 0.12264053 38.47440587
  jla_mock 0.364410 41.50354089 0.23042794 41.52305266
  jla_mock 0.205600 40.24131564 0.15584351 40.10331215
  jla_mock 0.179810 39.64690924 0.19620482 39.77981734
  jla_mock 0.199590 39.81837391 0.18224440 40.03143112
  jla_mock 0.156530 39.40408101 0.15012954 39.44843626
  jla_mock 0.161800 39.39281105 0.14760764 39.52728616
  jla_mock 0.209530 40.02171811 0.20608020 40.14927240
  jla_mock 0.241790 40.69206466 0.19813238 40.49904000
  jla_mock 0.236460 40.21393161 0.16266354 40.44434112
  jla_mock 0.226680 40.23934530 0.21050732 40.34094863
  jla_mock 0.296780 41.41114405 0.19716042 41.00642792
  jla_mock 0.208520 40.16674403 0.16317028 40.13753731
  jla_mock 0.251040 40.22351714 0.22085837 40.59138241
  jla_mock 0.250120 40.67141961 0.17967388 40.58233978
  jla_mock 0.117710 38.66706095 0.14551100 38.77674059
  jla_mock 0.219710 40.33431216 0.16999397 40.26472003
  jla_mock 0.149010 39.44157293 0.14890457 39.33152597
  jla_mock 0.287420 40.69475976 0.18840122 40.92653533
  jla_mock 0.143600 39.29401321 0.16639625 39.24396193
  jla_mock 0.328370 41.02798238 0.19601268 41.25993440
  jla_mock 0.246250 40.77928946 0.16506508 40.54396300
  jla_mock 0.119660 39.01052591 0.15026680 38.81513935
  jla_mock 0.328380 41.31627151 0.27642285 41.26001103
  jla_mock 0.215130 40.63776245 0.18366862 40.21340500
  jla_mock 0.144780 39.45018835 0.13616902 39.26332062
  jla_mock 0.132430 39.12278640 0.12839376 39.05295780
  jla_mock 0.210820 40.25521137 0.16235031 40.16418499
  jla_mock 0.203990 40.27025613 0.15780808 40.08424872
  jla_mock 0.279520 40.63202833 0.16701092 40.85721851
  jla_mock 0.044280 36.71493872 0.15509722 36.54550888
  jla_mock 0.180370 39.69094184 0.15078404 39.78728654
  jla_mock 0.260700 40.71424002 0.18972170 40.68452998
  jla_mock 0.056540 37.48147800 0.18696980 37.09512776
  jla_mock 0.212600 40.20964314 0.19194689 40.18462419
  jla_mock 0.369410 41.42397828 0.23700047 41.55764247
  jla_mock 0.173860 39.80367544 0.13051969 39.69909525
  jla_mock 0.142650 39.50911742 0.16862649 39.22826819
  jla_mock 0.177890 39.94592721 0.17323466 39.75404371
  jla_mock 0.328370 41.10534292 0.20656404 41.25993440
  jla_mock 0.253510 40.68439677 0.19560920 40.61550974
  jla_mock 0.300010 41.11493204 0.19320267 41.03346007
  jla_mock 0.105890 38.49802797 0.14607715 38.53029502
  jla_mock 0.223280 40.35689944 0.16843887 40.30403838
  jla_mock 0.118450 38.64244478 0.12252294 38.79138243
  jla_mock 0.176530 39.77085176 0.17118858 39.73563069
  jla_mock 0.182800 39.84879336 0.18906536 39.81945031
  jla_mock 0.297620 41.21907276 0.22708191 41.01348391
  jla_mock 0.196990 39.94624780 0.16336648 39.99971206
  jla_mock 0.152950 39.29444672 0.14755004 39.39344849
  jla_mock 0.248500 40.63329651 0.17447627 40.56634213
  jla_mock 0.138180 39.13176213 0.12408786 39.15308754
  jla_mock 0.207040 39.96460586 0.17044837 40.12024608
  jla_mock 0.214680 40.51650888 0.18059604 40.20830882
  jla_mock 0.306320 41.05882032 0.21502986 41.08550488
  jla_mock 0.246950 40.57797682 0.17120148 40.55094551
  jla_mock 0.198010 39.77262085 0.14489973 40.01220161
  jla_mock 0.222560 40.34560088 0.15195110 40.29615558
  jla_mock 0.135080 39.20423816 0.15130600 39.09960029
  jla_mock 0.210540 40.44743970 0.18260591 40.16095532
  jla_mock 0.272580 40.75637066 0.16910743 40.79482057
  jla_mock 0.246600 40.43519514 0.16168519 40.54745654
  jla_mock 0.220680 40.44585946 0.19428942 40.27546119
  jla_mock 0.274470 40.96882712 0.19147108 40.81195729
  jla_mock 0.176560 40.03077065 0.15540451 39.73603828
  jla_mock 0.310880 41.14396884 0.22015615 41.12250493
  jla_mock 0.184350 40.01634878 0.17307932 39.83975978
  jla_mock 0.159350 39.44409501 0.14827050 39.49093145
  jla_mock 0.219760 40.29990820 0.16604587 40.26527477
  jla_mock 0.252050 40.45781948 0.18410044 40.60127456
  jla_mock 0.181220 39.73043794 0.14940352 39.79858271
  jla_mock 0.173730 39.67031763 0.13336424 39.69730310
  jla_mock 0.380470 41.45168230 0.24246083 41.63264525
  jla_mock 0.178650 39.39586435 0.17172186 39.76427650
  jla_mock 0.245680 40.59546885 0.18910008 40.53826371
  jla_mock 0.209100 40.14627752 0.16102286 40.14428268
  jla_mock 0.249470 40.63857958 0.20970726 40.57593247
  jla_mock 0.133920 39.20724991 0.16606211 39.07928968
  jla_mock 0.177060 39.88509407 0.16039966 39.74282196
  jla_mock 0.281110 41.00747913 0.18775324 40.87131332
  jla_mock 0.173830 39.75904257 0.15186906 39.69868179
  jla_mock 0.196540 39.94503435 0.16513423 39.99418292
  jla_mock 0.363970 41.38455877 0.22724835 41.51998782
  jla_mock 0.378350 40.96014365 0.26733097 41.61842592
  jla_mock 0.316460 40.88265201 0.21038880 41.16710744
  jla_mock 0.183220 39.79212655 0.13519430 39.82496925
  jla_mock 0.241020 40.46126701 0.16773658 40.49120702
  jla_mock 0.202030 40.15166254 0.19953174 40.06085237
  jla_mock 0.168690 39.71091499 0.16511959 39.62684391
  jla_mock 0.197940 39.95611975 0.17492454 40.01134639
  jla_mock 0.122760 38.83857667 0.14574653 38.87498830
  jla_mock 0.203180 39.93168427 0.16105255 40.07460514
  jla_mock 0.127390 39.01273872 0.14895509 38.96178192
  jla_mock 0.275490 40.60970483 0.19972760 40.82116060
  jla_mock 0.144680 39.33743761 0.14721731 39.26168579
  jla_mock 0.334360 41.14344921 0.24977783 41.30545460
  jla_mock 0.195800 39.95725139 0.15392559 39.98506502
  jla_mock 0.193920 39.92444303 0.16374737 39.96175638
  jla_mock 0.249730 40.61868763 0.18580683 40.57849724
  jla_mock 0.148600 39.44711615 0.14879989 39.32499474
  jla_mock 0.155960 39.50658301 0.14872192 39.43976020
  jla_mock 0.095820 38.40646219 0.15034816 38.29888959
  jla_mock 0.150650 39.34415294 0.15872946 39.35748429
  jla_mock 0.309330 41.15817361 0.24715745 41.10998454
  jla_mock 0.248570 40.63164220 0.17340396 40.56703537
  jla_mock 0.365540 41.33311384 0.24311996 41.53090809
  jla_mock 0.117710 38.87646458 0.12847626 38.77674059
  jla_mock 0.191760 39.73369193 0.14428474 39.93471648
  jla_mock 0.182550 39.95139404 0.16171197 39.81615965
  jla_mock 0.234720 40.21170986 0.18444964 40.42623815
  jla_mock 0.246470 40.51221366 0.19927669 40.54615947
  jla_mock 0.288450 41.04868693 0.18873457 40.93544325
  jla_mock 0.209600 40.22959769 0.19927022 40.15008378
  jla_mock 0.191980 39.97857659 0.17965405 39.93748342
  jla_mock 0.114020 38.63488643 0.12215388 38.70241012
  jla_mock 0.113890 39.05213239 0.18397194 38.69975030
  jla_mock 0.198800 39.79227984 0.20967258 40.02183405
  jla_mock 0.220580 40.42019057 0.22796022 40.27435587
  jla_mock 0.182570 39.85581880 0.16453718 39.81642306
  jla_mock 0.158950 39.54141186 0.16372575 39.48494661
  jla_mock 0.078490 37.90178256 0.14911597 37.84038499
  jla_mock 0.138640 39.12925124 0.13217046 39.16092847
  jla_mock 0.180790 39.88647355 0.15445548 39.79287433
  jla_mock 0.177570 39.88761076 0.18629282 39.74972302
  jla_mock 0.170660 39.39026541 0.16102003 39.65461446
  jla_mock 0.233810 40.19355029 0.20858516 40.41672116
  jla_mock 0.071530 37.71226367 0.17410666 37.62841570
  jla_mock 0.154630 39.23379753 0.18791656 39.41940058
  jla_mock 0.090100 38.10441234 0.15950858 38.15695339
  jla_mock 0.176580 39.64863126 0.20448697 39.73630997
  jla_mock 0.130450 39.02217961 0.16440638 39.01753336
  jla_mock 0.182040 39.66904495 0.17166998 39.80943370
  jla_mock 0.256170 40.44084097 0.17261330 40.64125204
  jla_mock 0.138110 39.34485169 0.14854031 39.15189221
  jla_mock 0.170700 39.70435211 0.16749506 39.65517524
  jla_mock 0.216740 39.95690595 0.14793120 40.23155770
  jla_mock 0.245550 40.68239638 0.17887642 40.53696217
  jla_mock 0.143820 39.15817824 0.16709807 39.24758242
  jla_mock 0.248620 40.40776422 0.18856198 40.56753043
  jla_mock 0.145330 39.10851877 0.17138622 39.27229342
  jla_mock 0.135880 39.03410355 0.12760365 39.11351263
  jla_mock 0.058740 36.99898513 0.12754402 37.18137021
  jla_mock 0.036520 36.15257351 0.15191506 36.11499823
  jla_mock 0.277490 40.79756265 0.22703402 40.83911561
  jla_mock 0.205150 40.43513098 0.29701418 40.09799780
  jla_mock 0.280510 41.06786139 0.20078942 40.86600318
  jla_mock 0.198670 40.19966869 0.16215673 40.02025140
  jla_mock 0.159990 39.41639361 0.15164286 39.50047815
  jla_mock 0.210750 39.70285542 0.18113105 40.16337794
  jla_mock 0.071950 37.75648177 0.17245857 37.64175542
  jla_mock 0.237820 40.61307945 0.19074175 40.45840525
  jla_mock 0.141390 39.20166351 0.17359013 39.20730191
  jla_mock 0.155060 39.53379883 0.15760876 39.42600081
  jla_mock 0.370130 41.81683876 0.22886799 41.56258778
  jla_mock 0.093910 38.20658538 0.17056414 38.25241093
  jla_mock 0.118630 38.61213242 0.17057943 38.79493094
  jla_mock 0.153630 39.43785046 0.15381057 39.40398478
  jla_mock 0.253560 40.62055374 0.16809525 40.61599591
  jla_mock 0.107250 38.44840880 0.14420228 38.55993725
  jla_mock 0.129610 38.88063867 0.15302154 39.00235225
  jla_mock 0.266650 40.52644776 0.19376454 40.74033372
  jla_mock 0.212260 40.09592589 0.16262819 40.18073232
  jla_mock 0.278220 40.83233972 0.18167466 40.84563951
  jla_mock 0.245400 40.54208900 0.16811689 40.53545960
  jla_mock 0.133620 39.17812787 0.15059378 39.07401011
  jla_mock 0.176560 39.57904977 0.16208219 39.73603828
  jla_mock 0.113680 38.78108260 0.14584429 38.69544762
  jla_mock 0.320380 41.19320718 0.26368273 41.19801010
  jla_mock 0.112710 38.69511317 0.12253270 38.67547563
  jla_mock 0.106020 38.43386625 0.14472955 38.53314397
  jla_mock 0.391350 41.39481097 0.26610488 41.70448789
  jla_mock 0.155750 39.38929080 0.14611530 39.43655631
  jla_mock 0.186670 39.86050485 0.16762102 39.86986452
  jla_mock 0.196710 39.95980968 0.16669908 39.99627308
  jla_mock 0.191910 39.98623411 0.17339098 39.93660335
  jla_mock 0.190840 39.90844645 0.15087610 39.92311374
  jla_mock 0.176250 39.58823210 0.15361286 39.73182344
  jla_mock 0.128370 38.91831690 0.15035584 38.97977249
  jla_mock 0.122620 38.74691515 0.14734428 38.87231625
  jla_mock 0.127150 39.04187277 0.14706216 38.95735627
  jla_mock 0.213230 39.96397112 0.17620944 40.19182042
  jla_mock 0.218610 40.03110715 0.18110338 40.25248623
  jla_mock 0.268560 40.73181078 0.19152223 40.75800422
  jla_mock 0.204660 39.98074084 0.16518790 40.09219879
  jla_mock 0.267100 41.04188950 0.17377576 40.74450740
  jla_mock 0.217570 40.04611852 0.17264916 40.24086733
  jla_mock 0.241850 40.29466042 0.17151433 40.49964940
  jla_mock 0.293500 40.87698293 0.20071643 40.97869876
  jla_mock 0.353460 41.30026049 0.23113786 41.44574541
  jla_mock 0.185630 39.96712432 0.15494760 39.85641243
  jla_mock 0.285430 40.65638091 0.19928385 40.90924132
  jla_mock 0.194940 39.88276622 0.16836015 39.97442839
  jla_mock 0.075920 37.75005267 0.14499851 37.76428887
  jla_mock 0.163570 39.71272207 0.15777754 39.55323307
  jla_mock 0.257210 40.88848618 0.20821329 40.65124979
  jla_mock 0.219550 40.50153431 0.18725136 40.26294408
  jla_mock 0.175580 39.63141237 0.15163366 39.72269036
  jla_mock 0.226670 40.50962118 0.18608202 40.34084082
  jla_mock 0.153220 39.51193351 0.15082218 39.39763723
  jla_mock 0.210250 40.10491213 0.19550076 40.15760614
  jla_mock 0.121640 39.05618392 0.12361443 38.85353115
  jla_mock 0.291350 41.30415256 0.19904915 40.96036745
  jla_mock 0.294480 41.10505938 0.27859702 40.98701345
  jla_mock 0.164550 39.50736296 0.12599124 39.56748698
  jla_mock 0.307020 41.20754070 0.20906564 41.09121752
  jla_mock 0.198630 40.04656214 0.16157737 40.01976424
  jla_mock 0.268210 40.84539866 0.21539519 40.75477485
  jla_mock 0.401280 41.86884428 0.24823001 41.76846410
  jla_mock 0.136680 39.29002523 0.15334431 39.12734848
  jla_mock 0.295420 40.81655214 0.24720467 40.99496487
  jla_mock 0.291920 41.14185138 0.19219946 40.96523948
  jla_mock 0.090070 38.07461634 0.12096556 38.15618664
  jla_mock 0.205570 40.16901738 0.18292629 40.10295819
  jla_mock 0.145820 39.11854588 0.14934529 39.28026067
  jla_mock 0.117670 38.74040432 0.14486540 38.77594667
  jla_mock 0.054990 36.90733629 0.14997934 37.03239938
  jla_mock 0.174200 39.81420124 0.15142908 39.70377654
  jla_mock 0.244950 40.41835002 0.18020903 40.53094681
  jla_mock 0.224520 40.49936295 0.18249954 40.31755948
  jla_mock 0.245580 40.44928944 0.16228277 40.53726258
  jla_mock 0.283510 40.71580204 0.21250233 40.89245014
  jla_mock 0.180560 39.70153946 0.17619167 39.78981584
  jla_mock 0.103910 38.47350481 0.12352191 38.48648974
  jla_mock 0.129610 39.02158976 0.15326847 39.00235225
  jla_mock 0.243520 40.45964125 0.16045597 40.51655525
  jla_mock 0.331360 41.19770075 0.26935111 41.28275125
  jla_mock 0.243480 40.42165137 0.19048000 40.51615157
  jla_mock 0.314680 41.40506579 0.17577640 41.15295859
  jla_mock 0.218650 40.48747544 0.18935500 40.25293209
  jla_mock 0.260140 40.92202887 0.21925656 40.67921764
  jla_mock 0.282430 40.92895506 0.19830733 40.88295904
  jla_mock 0.300410 41.25919952 0.20581539 41.03678905
  jla_mock 0.151860 39.36286865 0.14864409 39.37646794
  jla_mock 0.263570 40.75331065 0.18936772 40.71159189
  jla_mock 0.213820 40.23014403 0.20621233 40.19854195
  jla_mock 0.162840 38.88496801 0.16761662 39.54256362
  jla_mock 0.124400 39.20084266 0.17140549 38.90607803
  jla_mock 0.194650 39.88357733 0.13938689 39.97083181
  jla_mock 0.205540 40.25284877 0.18299408 40.10260419
  jla_mock 0.106670 38.45751489 0.14588621 38.54733939
  jla_mock 0.187720 39.66627756 0.18724598 39.88337565
  jla_mock 0.163870 39.69694559 0.15682059 39.55760493
  jla_mock 0.290210 40.99378438 0.19470283 40.95059702
  jla_mock 0.094010 38.05842785 0.12497638 38.25486653
  jla_mock 0.227860 40.66987480 0.18009820 40.35363931
  jla_mock 0.107510 38.45640155 0.14764565 38.56556368
  jla_mock 0.310650 41.45553057 0.22259423 41.12065070
  jla_mock 0.145640 39.48166696 0.15575872 39.27733684
  jla_mock 0.087840 38.20742399 0.12609586 38.09850103
  jla_mock 0.148390 39.43976477 0.15572534 39.32164294
  jla_mock 0.286620 40.97358423 0.19365541 40.91959626
  jla_mock 0.122810 38.96688007 0.13329108 38.87594191
  jla_mock 0.186550 39.84993342 0.20280242 39.86831590
  jla_mock 0.128930 38.82852870 0.15503539 38.98999503
  jla_mock 0.194220 39.78929999 0.16863568 39.96548983
  jla_mock 0.148000 39.15016440 0.14676099 39.31540643
  jla_mock 0.211790 40.52133587 0.22866165 40.17534289
  jla_mock 0.179620 39.84805971 0.17351314 39.77727823
  jla_mock 0.263490 40.69121217 0.18130204 40.71084123
  jla_mock 0.192150 39.89995458 0.15956887 39.93961949
  jla_mock 0.338800 41.34873417 0.22987627 41.33871350
  jla_mock 0.117410 38.77757295 0.14766783 38.77078001
  jla_mock 0.143100 39.37414982 0.16841647 39.23571421
  jla_mock 0.160350 39.53707927 0.13218212 39.50583255
  jla_mock 0.288720 40.97109309 0.21129560 40.93777350
  jla_mock 0.123030 39.01336025 0.15464992 38.88013347
  jla_mock 0.264050 40.77315567 0.18533646 40.71609141
  jla_mock 0.126080 38.83995338 0.17182656 38.93752932
  jla_mock 0.173740 39.54804524 0.14981160 39.69744100
  jla_mock 0.164400 39.65528232 0.14972618 39.56531039
  jla_mock 0.249610 40.28988913 0.16242204 40.57731380
  jla_mock 0.159990 39.57733609 0.15136580 39.50047815
  jla_mock 0.244480 40.42479836 0.15150476 40.52622528
  jla_mock 0.248510 40.59996532 0.17707716 40.56644117
  jla_mock 0.228930 40.26704868 0.16847625 40.36509465
  jla_mock 0.085280 37.95165019 0.14384543 38.03053562
  jla_mock 0.062818 37.53445277 0.14854713 37.33330552
  jla_mock 0.277450 41.15271684 0.23370164 40.83875768
  jla_mock 0.275440 40.68108098 0.21508178 40.82071019
  jla_mock 0.330510 41.18202128 0.21087893 41.27628421
  jla_mock 0.361930 41.36739477 0.24565378 41.50573334
  jla_mock 0.331030 41.09422423 0.21800830 41.28024234
  jla_mock 0.160500 39.40795435 0.12714994 39.50806025
  jla_mock 0.300210 41.12072757 0.20430208 41.03512507
  jla_mock 0.116350 38.70826324 0.12231010 38.74960383
  jla_mock 0.218290 40.39086175 0.16062208 40.24891663
  jla_mock 0.119670 38.68522728 0.12046332 38.81533475
  jla_mock 0.154730 39.51167645 0.12395445 39.42093704
  jla_mock 0.178100 39.84193565 0.16562813 39.75687524
  jla_mock 0.250370 40.52814007 0.16560962 40.58480004
  jla_mock 0.251740 40.51275352 0.14466362 40.59824225
  jla_mock 0.129530 38.88849272 0.14518911 39.00090162
  jla_mock 0.309290 40.94812082 0.18810950 41.10966066
  jla_mock 0.278520 40.80715546 0.17881943 40.84831601
  jla_mock 0.185810 39.92024946 0.13605911 39.85874567
  jla_mock 0.066510 37.74399730 0.17228058 37.46288716
  jla_mock 0.258000 40.54891955 0.18756945 40.65881939
  jla_mock 0.298880 41.17246503 0.21609463 41.02403360
  jla_mock 0.270440 40.84656025 0.22437165 40.77528452
  jla_mock 0.279160 41.21702991 0.17183675 40.85401700
  jla_mock 0.292870 40.93129030 0.21554431 40.97334010
  jla_mock 0.189650 39.87784928 0.15711153 39.90802874
  jla_mock 0.265760 40.78911189 0.19291042 40.73205999
  jla_mock 0.123760 39.00954188 0.14509081 38.89399154
  jla_mock 0.182550 39.91469169 0.14971699 39.81615965
  jla_mock 0.056340 37.46064325 0.14895035 37.08712772
  jla_mock 0.312880 41.30068210 0.18264477 41.13857562
  jla_mock 0.309150 41.04535392 0.22328713 41.10852682
  jla_mock 0.200610 40.12678617 0.15587566 40.04377042
  jla_mock 0.326400 41.07343502 0.20549386 41.24479642
  jla_mock 0.211630 40.05276364 0.13899445 40.17350567
  jla_mock 0.179690 39.46911403 0.15636245 39.77821398
  jla_mock 0.302400 41.09422452 0.19662226 41.05329027
  jla_mock 0.109240 38.65886686 0.14870399 38.60267717
  jla_mock 0.085220 38.07693914 0.15002378 38.02891950
  jla_mock 0.202310 40.02734203 0.16131988 40.06420752
  jla_mock 0.126490 39.07427288 0.15584855 38.94514516
  jla_mock 0.214570 39.93967650 0.16812914 40.20706159
  jla_mock 0.320450 41.11482030 0.19168742 41.19855877
  jla_mock 0.218350 40.39961274 0.17273249 40.24958630
  jla_mock 0.190100 39.68189019 0.15982384 39.91374343
  jla_mock 0.092430 38.26682572 0.15614025 38.21577494
  jla_mock 0.379860 41.11239695 0.18489314 41.62856135
  jla_mock 0.211340 40.20055318 0.16607978 40.17017243
  jla_mock 0.258330 40.07310256 0.18011571 40.66197505
  jla_mock 0.183270 39.85324976 0.16855779 39.82562548
  jla_mock 0.212950 40.17254450 0.17784935 40.18862452
  jla_mock 0.116510 39.09316254 0.15544019 38.75281185
  jla_mock 0.144010 39.14911189 0.17185674 39.25070505
  jla_mock 0.252490 40.51600745 0.18599877 40.60557260
  jla_mock 0.255390 40.73672750 0.21319916 40.63372916
  jla_mock 0.216980 40.44864832 0.18860575 40.23425302
  jla_mock 1.265901 44.65088709 0.22380442 44.79698974
  jla_mock 0.935774 43.84617082 0.22958872 43.98915483
  jla_mock 0.049519 36.82395977 0.20228994 36.79643881
  jla_mock 0.030325 35.64704279 0.18207848 35.70156680
  jla_mock 0.074579 37.86032595 0.21872943 37.72359936
  jla_mock 0.025198 35.16000806 0.22034080 35.29122886
  jla_mock 0.014411 33.95193405 0.20528439 34.06048197
  jla_mock 0.020792 34.95564171 0.19750056 34.86681304
  jla_mock 0.035218 36.13203689 0.20378488 36.03411951
  jla_mock 0.041657 36.34495997 0.21523275 36.40882742
  jla_mock 0.042400 36.45052983 0.20618664 36.44837502
  jla_mock 0.018902 34.63250938 0.18361956 34.65682456
  jla_mock 0.078840 37.54160587 0.21534076 37.85056359
  jla_mock 0.063345 37.65117738 0.20758765 37.35224323
  jla_mock 0.027637 35.77009330 0.23141589 35.49574473
  jla_mock 0.049325 37.26182364 0.21068097 36.78761579
  jla_mock 0.070153 37.81998099 0.22041411 37.58414793
  jla_mock 0.023909 35.03441166 0.18367797 35.17514301
  jla_mock 0.053126 37.10455076 0.22335947 36.95466158
  jla_mock 0.024951 35.40693291 0.18978288 35.26944337
  jla_mock 0.015664 34.44253306 0.20165316 34.24355971
  jla_mock 0.048984 36.67306850 0.15985830 36.77202553
  jla_mock 0.022399 34.88957082 0.18927946 35.03105780
  jla_mock 0.034854 35.93726121 0.23666209 36.01098585
  jla_mock 0.016966 34.75105553 0.20291443 34.41905369
  jla_mock 0.030721 35.70439675 0.18171781 35.73036747
  jla_mock 0.030482 35.49214154 0.18203752 35.71302906
  jla_mock 0.010550 33.31240440 0.21945028 33.37697498
  jla_mock 0.014256 34.01845994 0.17170736 34.03674778
  jla_mock 0.027688 35.80315148 0.18124529 35.49982939
  jla_mock 0.053860 36.79633348 0.15903793 36.98558282
  jla_mock 0.017672 34.51732182 0.19251135 34.50872719
  jla_mock 0.017450 34.63553427 0.17037052 34.48091679
  jla_mock 0.015573 34.45429720 0.20219934 34.23076011
  jla_mock 0.010060 33.35702261 0.23112569 33.27290010
  jla_mock 0.054931 37.13502914 0.18431298 37.02997807
  jla_mock 0.039083 36.45290902 0.16317419 36.26630443
  jla_mock 0.078317 37.92296310 0.18391968 37.83533784
  jla_mock 0.031764 35.93488576 0.15356487 35.80451887
  jla_mock 0.014440 34.18382632 0.22581465 34.06489449
  jla_mock 0.013533 33.77457962 0.22079334 33.92255325
  jla_mock 0.026677 35.44574266 0.19349962 35.41744509
  jla_mock 0.023360 35.11641346 0.17880596 35.12382045
  jla_mock 0.036934 36.01059152 0.19001518 36.14012659
  jla_mock 0.023552 35.26740904 0.17819828 35.14190296
  jla_mock 0.017483 34.42620094 0.19211831 34.48507280
  jla_mock 0.040259 36.61806553 0.17447686 36.33251957
  jla_mock 0.030381 35.86905009 0.20408145 35.70566190
  jla_mock 0.015504 34.12585423 0.20027602 34.22100552
  jla_mock 0.014151 34.06913513 0.18788306 34.02052423
  jla_mock 0.015487 34.37761467 0.18431337 34.21859562
  jla_mock 0.015554 34.31907513 0.19852180 34.22807833
  jla_mock 0.037075 36.19563403 0.15485493 36.14862211
  jla_mock 0.015482 34.25028515 0.20249750 34.21788633
  jla_mock 0.013324 34.06191305 0.18643777 33.88841558
  jla_mock 0.014575 34.08419582 0.20791179 34.08532079
  jla_mock 0.015791 34.15857867 0.19846605 34.26130051
  jla_mock 0.024746 35.06983702 0.17954713 35.25120075
  jla_mock 0.027748 35.43022066 0.17503344 35.50462544
  jla_mock 0.010888 33.43263155 0.25477943 33.44600638
  jla_mock 0.013652 33.97103389 0.18670962 33.94175799
  jla_mock 0.035755 36.06687509 0.16295663 36.06782528
  jla_mock 0.024725 35.30812369 0.17710562 35.24932362
  jla_mock 0.038086 36.12707579 0.17051564 36.20862960
  jla_mock 0.021541 34.81409689 0.17711857 34.94486566
  jla_mock 0.019581 34.87250007 0.17898631 34.73455541
  jla_mock 0.030416 35.55840005 0.17571774 35.70821759
  jla_mock 0.039219 36.36981168 0.17021381 36.27406046
  jla_mock 0.034971 36.00647180 0.15987848 36.01844730
  jla_mock 0.028561 35.31796824 0.17650121 35.56862791
  jla_mock 0.020997 35.11594222 0.18822756 34.88844780
  jla_mock 0.032538 36.02821060 0.18232286 35.85802163
  jla_mock 0.015469 34.10327673 0.19318910 34.21604112
  jla_mock 0.015678 34.56209653 0.20747940 34.24552235
  jla_mock 0.027499 35.48201634 0.15598630 35.48465493
  jla_mock 0.046856 36.81364228 0.17134850 36.67229170
  jla_mock 0.033173 36.13447928 0.18295753 35.90099459
  jla_mock 0.010291 33.54190758 0.23549671 33.32257649
  jla_mock 0.080103 37.86220434 0.17116407 37.88693845
  jla_mock 0.012317 34.17776908 0.20020781 33.71612539
  jla_mock 0.024586 35.35865375 0.20631378 35.23685912
  jla_mock 0.014467 34.24046824 0.20827809 34.06899482
  jla_mock 0.015154 34.10565523 0.18399751 34.17085499
  jla_mock 0.029086 35.74180246 0.17337203 35.60901553
  jla_mock 0.034781 36.07272407 0.17928903 36.00631801
  jla_mock 0.044920 36.49791765 0.14070569 36.57766347
  jla_mock 0.034074 35.88323672 0.16958177 35.96060864
  jla_mock 0.074870 37.69489335 0.14386215 37.73248819
  jla_mock 0.014960 34.23104777 0.19782876 34.14256149
  jla_mock 0.020396 34.87933917 0.17103812 34.82441926
  jla_mock 0.040689 36.17903279 0.17468105 36.35626161
  jla_mock 0.026567 35.29294586 0.18033141 35.40829726
  jla_mock 0.026881 35.63201458 0.15330990 35.43431258
  jla_mock 0.023471 35.15005840 0.17597781 35.13429215
  jla_mock 0.069122 37.75891131 0.19117659 37.55045468
  jla_mock 0.065193 37.47199034 0.15879632 37.41747470
  jla_mock 0.022980 34.82346070 0.17790505 35.08759706
  jla_mock 0.017387 34.73741635 0.19829162 34.47296098
  jla_mock 0.031485 35.52845258 0.15108749 35.78491972
  jla_mock 0.011184 33.41298407 0.19447979 33.50473574
  jla_mock 0.021956 35.03278243 0.17567209 34.98696935
  jla_mock 0.031484 36.06771255 0.15080691 35.78484917
  jla_mock 0.023321 35.48683326 0.20285194 35.12012958
  jla_mock 0.020390 34.62075300 0.18300723 34.82377071
  jla_mock 0.022466 35.10596287 0.18140785 35.03765097
  jla_mock 0.033614 36.08571794 0.18044129 35.93036816
  jla_mock 0.036969 35.95623780 0.17916902 36.14223835
  jla_mock 0.022629 34.90775168 0.18007478 35.05361062
  jla_mock 0.014700 34.00251022 0.18462322 34.10406779
  jla_mock 0.036950 36.19320734 0.14876338 36.14109221
  jla_mock 0.060959 37.26660010 0.12531329 37.26525946
  jla_mock 0.059289 37.30139876 0.12135718 37.20240586
  jla_mock 0.069751 37.69447423 0.15873536 37.57106733
  jla_mock 0.029526 35.58082460 0.17470465 35.64231764
  jla_mock 0.033255 36.01796573 0.17565362 35.90648512
  jla_mock 0.024159 35.21293766 0.18124182 35.19813107
  jla_mock 0.015999 34.25920796 0.19155982 34.29005387
  jla_mock 0.062961 37.40576421 0.16530929 37.33845928
  jla_mock 0.021706 35.10861893 0.19186355 34.96170055
  jla_mock 0.031638 35.88475798 0.18943844 35.79568859
  jla_mock 0.018599 34.59536864 0.17304818 34.62124460
  jla_mock 0.027064 35.47884824 0.17332763 35.44933715
  jla_mock 0.025468 35.50954831 0.18469991 35.31480424
  jla_mock 0.023810 35.31845239 0.19336693 35.16597435
  jla_mock 0.023867 35.01430418 0.18298494 35.17125784
  jla_mock 0.022068 35.15883376 0.16678206 34.99819802
