jla_mock     0.50308   42.50001    0.14571   42.35104
jla_mock     0.58072   42.69812    0.16123   42.72544
jla_mock     0.49479   42.20199    0.12071   42.30792
jla_mock     0.34593   41.24426    0.13253   41.39128
jla_mock     0.67766   42.91122    0.22872   43.13160
jla_mock     0.61071   43.10961    0.22549   42.85755
jla_mock     0.86649   43.77620    0.25803   43.78400
jla_mock     0.33093   41.45818    0.12801   41.27950
jla_mock     0.79857   43.35411    0.25920   43.56670
jla_mock     0.44956   42.37064    0.16140   42.06004
jla_mock     0.37144   41.51279    0.14922   41.57158
jla_mock     0.29172   41.07042    0.14231   40.96351
jla_mock     0.35582   41.58440    0.14101   41.46259
jla_mock     0.46127   41.93730    0.15587   42.12638
jla_mock     0.28361   40.85527    0.13056   40.89333
jla_mock     0.63223   42.97486    0.22183   42.94863
jla_mock     0.46641   41.87647    0.17244   42.15500
jla_mock     0.26862   40.72328    0.12820   40.75859
jla_mock     0.94689   43.67535    0.29225   44.02068
jla_mock     0.92492   43.66009    0.31213   43.95801
jla_mock     0.69317   43.38199    0.29243   43.19137
jla_mock     0.62523   42.64304    0.19089   42.91933
jla_mock     0.89694   43.88143    0.26745   43.87607
jla_mock     0.60826   42.95908    0.15987   42.84699
jla_mock     0.78905   44.04883    0.26933   43.53485
jla_mock     0.57829   42.46257    0.14638   42.71445
jla_mock     0.59028   42.82934    0.18967   42.76823
jla_mock     0.71963   43.64477    0.25305   43.29050
jla_mock     0.21003   40.20467    0.13132   40.15509
jla_mock     0.76659   43.23140    0.22577   43.45813
jla_mock     0.85851   44.19485    0.22290   43.75934
jla_mock     0.36790   41.43609    0.09931   41.54727
jla_mock     0.55875   42.78950    0.15678   42.62447
jla_mock     0.84851   44.32374    0.21739   43.72812
jla_mock     0.99639   44.01809    0.24266   44.15679
jla_mock     0.77659   43.14212    0.26449   43.49256
jla_mock     0.58293   42.70324    0.13307   42.73539
jla_mock     0.58374   42.64980    0.16753   42.73903
jla_mock     0.79655   43.10774    0.22888   43.55998
jla_mock     0.58872   42.85715    0.15579   42.76129
jla_mock     0.91347   44.06072    0.24294   43.92478
jla_mock     0.76859   43.47030    0.23905   43.46504
jla_mock     0.94846   44.18700    0.26528   44.02509
jla_mock     0.51379   42.29384    0.15288   42.40578
jla_mock     0.73361   43.14856    0.19294   43.34148
jla_mock     0.63770   42.45706    0.27011   42.97130
jla_mock     0.76559   43.39039    0.21114   43.45466
jla_mock     0.43486   41.97508    0.15773   41.97447
jla_mock     0.98341   44.04855    0.25880   44.12175
jla_mock     0.58374   42.56836    0.16233   42.73903
jla_mock     0.70063   43.17045    0.21687   43.21970
jla_mock     0.66206   42.76564    0.21295   43.07010
jla_mock     0.83813   44.12210    0.28077   43.69533
jla_mock     0.62187   42.88412    0.17547   42.90516
jla_mock     0.37059   41.51517    0.14292   41.56572
jla_mock     0.41663   41.85081    0.13815   41.86455
jla_mock     0.35857   41.35988    0.10704   41.48209
jla_mock     0.45168   42.02663    0.15279   42.07216
jla_mock     0.52276   42.45801    0.16113   42.45081
jla_mock     0.73400   43.28976    0.30409   43.34288
jla_mock     0.70196   42.54314    0.31177   43.22473
jla_mock     0.74201   42.94285    0.29013   43.37166
jla_mock     0.74612   43.06065    0.21822   43.38631
jla_mock     0.34956   41.57839    0.13473   41.41768
jla_mock     0.59183   42.69108    0.15357   42.77513
jla_mock     0.51475   42.25058    0.15561   42.41060
jla_mock     0.62063   42.83615    0.18447   42.89990
jla_mock     0.64365   42.80417    0.24392   42.99574
jla_mock     1.00280   44.41924    0.33217   44.17391
jla_mock     0.47059   42.21973    0.14421   42.17801
jla_mock     0.61064   42.91575    0.15878   42.85725
jla_mock     0.26349   40.71393    0.12805   40.71081
jla_mock     0.35834   41.53821    0.12919   41.48044
jla_mock     0.74270   43.02144    0.25909   43.37412
jla_mock     0.45156   42.01281    0.11539   42.07145
jla_mock     0.91075   43.90937    0.26165   43.91682
jla_mock     0.55261   42.36593    0.15821   42.59559
jla_mock     0.33753   41.39729    0.12813   41.32927
jla_mock     0.75068   43.61979    0.24281   43.40248
jla_mock     0.98378   44.36444    0.34665   44.12275
jla_mock     0.82270   43.64746    0.22176   43.64588
jla_mock     0.81370   43.55057    0.24257   43.61661
jla_mock     0.95076   44.26502    0.26473   44.03158
jla_mock     0.81773   43.44867    0.24643   43.62977
jla_mock     0.34052   41.32785    0.12574   41.35149
jla_mock     0.96075   44.17657    0.28766   44.05949
jla_mock     0.81072   44.00937    0.27276   43.60686
jla_mock     0.75669   43.38053    0.24755   43.42362
jla_mock     0.61125   42.77371    0.18573   42.85987
jla_mock     0.87797   43.72223    0.22379   43.81907
jla_mock     0.54832   42.60395    0.14258   42.57529
jla_mock     0.80903   43.64458    0.23222   43.60132
jla_mock     1.02880   44.00842    0.28337   44.24234
jla_mock     0.62724   42.99736    0.17555   42.92776
jla_mock     0.42245   41.99141    0.15607   41.90012
jla_mock     0.93390   44.09615    0.35000   43.98380
jla_mock     0.70116   43.07156    0.22741   43.22169
jla_mock     0.69716   42.73744    0.20952   43.20658
jla_mock     0.68518   43.19330    0.27044   43.16074
jla_mock     0.76707   42.98338    0.25234   43.45981
jla_mock     0.93190   44.07525    0.25137   43.97808
jla_mock     0.86398   43.60135    0.24510   43.77625
jla_mock     0.74910   43.53254    0.22590   43.39689
jla_mock     0.51435   42.37964    0.15357   42.40861
jla_mock     0.46841   41.93825    0.11440   42.16601
jla_mock     0.47040   42.17043    0.15655   42.17698
jla_mock     0.95887   43.36210    0.27681   44.05426
jla_mock     0.92791   43.91214    0.29724   43.96663
jla_mock     0.84052   43.69966    0.21913   43.70293
jla_mock     0.63070   42.84470    0.17083   42.94224
jla_mock     0.56275   42.54751    0.14441   42.64315
jla_mock     0.61570   42.76916    0.16969   42.87892
jla_mock     0.82853   43.85076    0.22446   43.66467
jla_mock     0.56474   42.97180    0.16043   42.65238
jla_mock     0.57874   42.55897    0.14758   42.71650
jla_mock     0.55774   42.74682    0.15832   42.61978
jla_mock     0.86450   43.67446    0.22870   43.77785
jla_mock     0.73561   43.55975    0.23469   43.34870
jla_mock     0.85851   43.76282    0.28337   43.75932
jla_mock     0.26198   40.58544    0.10443   40.69667
jla_mock     0.58574   42.94166    0.18661   42.74800
jla_mock     0.76158   43.31587    0.21599   43.44073
jla_mock     0.48880   42.10835    0.11155   42.27631
jla_mock     0.85852   44.06477    0.27431   43.75935
jla_mock     0.68866   43.00844    0.18053   43.17412
jla_mock     0.55874   42.86126    0.15492   42.62446
jla_mock     0.32453   41.18894    0.12602   41.23036
jla_mock     0.48070   42.20310    0.10839   42.23305
jla_mock     0.18537   39.76661    0.13096   39.85305
jla_mock     0.92222   43.74073    0.33855   43.95022
jla_mock     0.68194   43.05549    0.19640   43.14823
jla_mock     0.47571   42.17335    0.10811   42.20600
jla_mock     0.92221   43.78182    0.27644   43.95018
jla_mock     0.89318   43.85928    0.25783   43.86487
jla_mock     0.42865   41.94131    0.14144   41.93748
jla_mock     0.63188   42.80326    0.23474   42.94717
jla_mock     0.69996   43.88615    0.25835   43.21717
jla_mock     0.73601   43.31391    0.26469   43.35013
jla_mock     0.57582   42.67810    0.15954   42.70324
jla_mock     0.41863   42.03417    0.10652   41.87683
jla_mock     0.51175   42.43415    0.12001   42.39540
jla_mock     0.53577   42.23754    0.12653   42.51485
jla_mock     0.64189   42.80305    0.21547   42.98856
jla_mock     0.73500   43.40723    0.22720   43.34649
jla_mock     0.35156   41.37678    0.13079   41.43211
jla_mock     0.60986   43.04550    0.17401   42.85388
jla_mock     0.34956   41.37563    0.13437   41.41766
jla_mock     0.70197   42.75495    0.18820   43.22475
jla_mock     0.35526   41.55501    0.10428   41.45861
jla_mock     0.98328   44.36377    0.25757   44.12140
jla_mock     0.87215   44.07557    0.26598   43.80134
jla_mock     0.75903   43.38206    0.20819   43.43183
jla_mock     0.92622   44.10539    0.24599   43.96176
jla_mock     0.64364   43.04386    0.22846   42.99573
jla_mock     0.41957   41.93853    0.13773   41.88255
jla_mock     0.51559   42.29104    0.20314   42.41484
jla_mock     0.89073   43.84476    0.21058   43.85753
jla_mock     0.80570   43.21053    0.22987   43.59033
jla_mock     0.48057   42.27296    0.10875   42.23231
jla_mock     0.80070   43.48024    0.24546   43.57378
jla_mock     0.58060   42.76686    0.18881   42.72490
jla_mock     0.71565   42.89093    0.24397   43.27584
jla_mock     0.80570   43.76448    0.23277   43.59033
jla_mock     0.76668   43.45246    0.25284   43.45846
jla_mock     0.66464   43.15963    0.19579   43.08037
jla_mock     0.90174   44.08032    0.25191   43.89028
jla_mock     0.74567   43.40468    0.21143   43.38470
jla_mock     0.71868   43.29559    0.20380   43.28702
jla_mock     0.73669   43.31319    0.19636   43.35259
jla_mock     0.57960   42.68271    0.12085   42.72037
jla_mock     0.37053   41.57947    0.10257   41.56534
jla_mock     0.96074   44.15950    0.23956   44.05946
jla_mock     0.85073   43.97710    0.21180   43.73508
jla_mock     0.64864   43.02461    0.19255   43.01611
jla_mock     0.21946   40.23612    0.13037   40.26197
jla_mock     0.93676   44.15230    0.24130   43.99195
jla_mock     0.64764   43.16690    0.17876   43.01204
jla_mock     0.46156   42.17805    0.13341   42.12800
jla_mock     0.60060   42.58839    0.17945   42.81372
jla_mock     0.67065   43.30410    0.23101   43.10415
jla_mock     0.76070   43.53381    0.20946   43.43765
jla_mock     0.24649   40.67839    0.13212   40.54638
jla_mock     0.47057   42.20383    0.14759   42.17794
jla_mock     0.16945   39.86326    0.11210   39.63766
jla_mock     0.49738   42.01260    0.12913   42.32144
jla_mock     0.63823   42.53260    0.19689   42.97350
jla_mock     0.50737   42.27896    0.14543   42.37308
jla_mock     0.53533   42.39696    0.14230   42.51269
jla_mock     0.58728   42.76227    0.16639   42.75489
jla_mock     0.77308   43.51828    0.25621   43.48052
jla_mock     0.69917   43.19804    0.22210   43.21417
jla_mock     0.37051   41.63725    0.12736   41.56520
jla_mock     0.76109   43.72721    0.22809   43.43902
jla_mock     0.69917   43.24530    0.21960   43.21418
jla_mock     0.78806   43.49639    0.19242   43.53150
jla_mock     0.37351   41.52663    0.13203   41.58571
jla_mock     0.40548   41.78302    0.13199   41.79507
jla_mock     0.85299   43.54317    0.25729   43.74216
jla_mock     0.80805   43.70363    0.24185   43.59808
jla_mock     0.60327   43.03091    0.18398   42.82536
jla_mock     0.58329   42.57591    0.17903   42.73700
jla_mock     0.53434   42.52748    0.14774   42.50785
jla_mock     0.72014   43.22917    0.24070   43.29239
jla_mock     0.40048   41.51978    0.21061   41.76340
jla_mock     0.83700   43.69939    0.21503   43.69176
jla_mock     0.37151   41.59604    0.10193   41.57203
jla_mock     0.80604   44.10301    0.25908   43.59147
jla_mock     0.84001   43.68761    0.23507   43.70129
jla_mock     0.50073   42.29655    0.12981   42.33885
jla_mock     0.53277   42.51210    0.17422   42.50018
jla_mock     0.53377   42.29095    0.18215   42.50508
jla_mock     0.93223   43.66534    0.34153   43.97902
jla_mock     0.82210   43.21998    0.25791   43.64395
jla_mock     0.55380   42.23088    0.13545   42.60122
jla_mock     0.12530   38.86277    0.13709   38.92294
jla_mock     0.84212   44.09271    0.28303   43.70800
jla_mock     0.44367   42.20424    0.15187   42.02605
jla_mock     0.72767   43.03343    0.24978   43.31996
jla_mock     0.68366   42.42200    0.41253   43.15487
jla_mock     0.44255   41.98552    0.13368   42.01954
jla_mock     0.72668   43.20388    0.20022   43.31634
jla_mock     0.28251   40.88287    0.12748   40.88366
jla_mock     0.40455   41.90103    0.12965   41.78921
jla_mock     0.51961   42.46957    0.13964   42.43507
jla_mock     0.69065   43.23169    0.23215   43.18177
jla_mock     1.06080   44.28925    0.27869   44.32423
jla_mock     0.57661   42.61940    0.15376   42.70683
jla_mock     0.26849   40.65019    0.12614   40.75735
jla_mock     0.72068   43.24011    0.25107   43.29438
jla_mock     0.25050   40.58626    0.13111   40.58606
jla_mock     0.76069   43.14946    0.27664   43.43763
jla_mock     0.69817   42.88498    0.26129   43.21038
jla_mock     0.55031   42.54764    0.16854   42.58475
jla_mock     0.73013   43.29071    0.23525   43.32888
jla_mock     0.84798   43.86446    0.24703   43.72647
jla_mock     0.99783   44.13254    0.24706   44.16064
jla_mock     0.43545   42.05427    0.13052   41.97792
jla_mock     0.40947   41.78640    0.12922   41.82014
jla_mock     0.30159   41.11242    0.12599   41.04659
jla_mock     1.29911   44.58353    0.19341   44.86622
jla_mock     1.02081   44.16902    0.23668   44.22149
jla_mock     0.83973   43.74575    0.19265   43.70043
jla_mock     1.12085   44.30848    0.20807   44.47149
jla_mock     1.23089   44.80428    0.23900   44.72199
jla_mock     0.97423   44.41320    0.18427   44.09670
jla_mock     0.97078   44.32156    0.33863   44.08723
jla_mock     0.06423   37.04489    0.15073   37.38367
jla_mock     0.12903   39.15654    0.16417   38.99182
jla_mock     0.10289   38.53270    0.14984   38.46361
jla_mock     0.04413   36.43908    0.17360   36.53791
jla_mock     0.11304   38.99324    0.15277   38.68229
jla_mock     0.25611   40.42749    0.20496   40.64067
jla_mock     0.38026   41.40914    0.28703   41.63124
jla_mock     0.14547   39.00503    0.16219   39.27457
jla_mock     0.08889   38.16828    0.14637   38.12583
jla_mock     0.26059   40.79646    0.18294   40.68349
jla_mock     0.07891   37.69710    0.15603   37.85259
jla_mock     0.08304   38.08216    0.15332   37.96945
jla_mock     0.16565   39.38833    0.13854   39.58339
jla_mock     0.16817   39.60395    0.16196   39.61946
jla_mock     0.17063   39.87950    0.16521   39.65419
jla_mock     0.17028   39.46005    0.17036   39.64928
jla_mock     0.12044   39.07397    0.15110   38.83033
jla_mock     0.27653   40.43262    0.21444   40.83051
jla_mock     0.23160   40.26180    0.18253   40.39347
jla_mock     0.30569   40.58846    0.26735   41.08035
jla_mock     0.07997   37.89626    0.16566   37.88313
jla_mock     0.17415   39.70405    0.15831   39.70309
jla_mock     0.13868   39.12740    0.16605   39.16161
jla_mock     0.14607   39.23748    0.16392   39.28432
jla_mock     0.08133   38.05093    0.14393   37.92176
jla_mock     0.23380   40.32085    0.17178   40.41662
jla_mock     0.25655   40.74751    0.17733   40.64491
jla_mock     0.24562   40.44303    0.20041   40.53766
jla_mock     0.12593   39.07238    0.19133   38.93474
jla_mock     0.22351   40.33268    0.21583   40.30655
jla_mock     0.10264   38.25878    0.14664   38.45798
jla_mock     0.11967   38.79378    0.14567   38.81533
jla_mock     0.18055   39.87322    0.16851   39.78968
jla_mock     0.19709   40.01821    0.17390   40.00094
jla_mock     0.22916   40.30014    0.19939   40.36755
jla_mock     0.26451   40.81624    0.19876   40.72040
jla_mock     0.10337   38.70352    0.12264   38.47441
jla_mock     0.36441   41.36263    0.23043   41.52305
jla_mock     0.20560   40.05721    0.15584   40.10331
jla_mock     0.17981   39.53732    0.19620   39.77982
jla_mock     0.19959   40.23482    0.18224   40.03143
jla_mock     0.15653   39.61709    0.15013   39.44844
jla_mock     0.16180   39.65601    0.14761   39.52729
jla_mock     0.20953   39.57386    0.20608   40.14927
jla_mock     0.24179   40.72354    0.19813   40.49904
jla_mock     0.23646   40.04591    0.16266   40.44434
jla_mock     0.22668   40.21291    0.21051   40.34095
jla_mock     0.29678   41.05829    0.19716   41.00643
jla_mock     0.20852   39.88940    0.16317   40.13754
jla_mock     0.25104   40.94550    0.22086   40.59138
jla_mock     0.25012   40.68397    0.17967   40.58234
jla_mock     0.11771   38.69766    0.14551   38.77674
jla_mock     0.21971   40.34036    0.16999   40.26472
jla_mock     0.14901   39.36154    0.14890   39.33153
jla_mock     0.28742   40.91872    0.18840   40.92654
jla_mock     0.14360   39.46319    0.16640   39.24396
jla_mock     0.32837   41.38737    0.19601   41.25993
jla_mock     0.24625   40.36821    0.16507   40.54396
jla_mock     0.11966   38.54838    0.15027   38.81514
jla_mock     0.32838   41.78113    0.27642   41.26001
jla_mock     0.21513   39.89590    0.18367   40.21341
jla_mock     0.14478   39.21814    0.13617   39.26332
jla_mock     0.13243   39.18481    0.12839   39.05296
jla_mock     0.21082   40.31887    0.16235   40.16418
jla_mock     0.20399   40.08393    0.15781   40.08425
jla_mock     0.27952   40.66222    0.16701   40.85722
jla_mock     0.04428   36.63084    0.15510   36.54551
jla_mock     0.18037   40.01191    0.15078   39.78729
jla_mock     0.26070   40.28818    0.18972   40.68453
jla_mock     0.05654   37.21374    0.18697   37.09513
jla_mock     0.21260   40.19583    0.19195   40.18462
jla_mock     0.36941   41.74718    0.23700   41.55764
jla_mock     0.17386   39.31805    0.13052   39.69910
jla_mock     0.14265   39.26900    0.16863   39.22827
jla_mock     0.17789   39.87505    0.17323   39.75404
jla_mock     0.32837   41.50875    0.20656   41.25993
jla_mock     0.25351   40.74187    0.19561   40.61551
jla_mock     0.30001   41.42665    0.19320   41.03346
jla_mock     0.10589   38.41798    0.14608   38.53030
jla_mock     0.22328   40.32934    0.16844   40.30404
jla_mock     0.11845   38.80686    0.12252   38.79138
jla_mock     0.17653   39.71416    0.17119   39.73563
jla_mock     0.18280   39.96891    0.18907   39.81945
jla_mock     0.29762   40.66857    0.22708   41.01348
jla_mock     0.19699   40.13679    0.16337   39.99971
jla_mock     0.15295   39.31691    0.14755   39.39345
jla_mock     0.24850   40.93539    0.17448   40.56634
jla_mock     0.13818   39.12459    0.12409   39.15309
jla_mock     0.20704   39.89130    0.17045   40.12025
jla_mock     0.21468   40.38369    0.18060   40.20831
jla_mock     0.30632   41.21637    0.21503   41.08550
jla_mock     0.24695   40.57500    0.17120   40.55095
jla_mock     0.19801   39.86738    0.14490   40.01220
jla_mock     0.22256   40.23430    0.15195   40.29616
jla_mock     0.13508   39.43034    0.15131   39.09960
jla_mock     0.21054   40.10253    0.18261   40.16096
jla_mock     0.27258   40.81318    0.16911   40.79482
jla_mock     0.24660   40.82052    0.16169   40.54746
jla_mock     0.22068   40.53417    0.19429   40.27546
jla_mock     0.27447   40.84419    0.19147   40.81196
jla_mock     0.17656   39.61901    0.15540   39.73604
jla_mock     0.31088   41.21998    0.22016   41.12250
jla_mock     0.18435   39.88786    0.17308   39.83976
jla_mock     0.15935   39.47361    0.14827   39.49093
jla_mock     0.21976   40.08258    0.16605   40.26527
jla_mock     0.25205   40.73462    0.18410   40.60127
jla_mock     0.18122   39.94849    0.14940   39.79858
jla_mock     0.17373   39.76009    0.13336   39.69730
jla_mock     0.38047   41.83000    0.24246   41.63265
jla_mock     0.17865   39.81048    0.17172   39.76428
jla_mock     0.24568   40.63518    0.18910   40.53826
jla_mock     0.20910   40.10840    0.16102   40.14428
jla_mock     0.24947   40.57501    0.20971   40.57593
jla_mock     0.13392   39.08008    0.16606   39.07929
jla_mock     0.17706   39.48063    0.16040   39.74282
jla_mock     0.28111   40.95278    0.18775   40.87131
jla_mock     0.17383   39.64182    0.15187   39.69868
jla_mock     0.19654   40.15939    0.16513   39.99418
jla_mock     0.36397   41.64637    0.22725   41.51999
jla_mock     0.37835   41.59296    0.26733   41.61843
jla_mock     0.31646   41.06716    0.21039   41.16711
jla_mock     0.18322   39.71947    0.13519   39.82497
jla_mock     0.24102   40.61579    0.16774   40.49121
jla_mock     0.20203   39.66147    0.19953   40.06085
jla_mock     0.16869   39.51102    0.16512   39.62684
jla_mock     0.19794   39.79848    0.17492   40.01135
jla_mock     0.12276   38.84886    0.14575   38.87499
jla_mock     0.20318   40.27176    0.16105   40.07461
jla_mock     0.12739   39.18365    0.14896   38.96178
jla_mock     0.27549   40.98041    0.19973   40.82116
jla_mock     0.14468   39.35870    0.14722   39.26169
jla_mock     0.33436   41.35571    0.24978   41.30545
jla_mock     0.19580   39.94546    0.15393   39.98507
jla_mock     0.19392   39.96624    0.16375   39.96176
jla_mock     0.24973   40.73693    0.18581   40.57850
jla_mock     0.14860   39.43956    0.14880   39.32499
jla_mock     0.15596   39.48013    0.14872   39.43976
jla_mock     0.09582   38.32079    0.15035   38.29889
jla_mock     0.15065   39.45349    0.15873   39.35748
jla_mock     0.30933   41.40975    0.24716   41.10998
jla_mock     0.24857   40.50589    0.17340   40.56704
jla_mock     0.36554   41.57503    0.24312   41.53091
jla_mock     0.11771   38.76259    0.12848   38.77674
jla_mock     0.19176   40.23036    0.14428   39.93472
jla_mock     0.18255   39.90315    0.16171   39.81616
jla_mock     0.23472   40.36035    0.18445   40.42624
jla_mock     0.24647   40.24484    0.19928   40.54616
jla_mock     0.28845   40.54995    0.18873   40.93544
jla_mock     0.20960   40.16295    0.19927   40.15008
jla_mock     0.19198   39.94255    0.17965   39.93748
jla_mock     0.11402   38.81537    0.12215   38.70241
jla_mock     0.11389   38.71255    0.18397   38.69975
jla_mock     0.19880   39.91866    0.20967   40.02183
jla_mock     0.22058   40.23255    0.22796   40.27436
jla_mock     0.18257   39.96318    0.16454   39.81642
jla_mock     0.15895   39.34585    0.16373   39.48495
jla_mock     0.07849   37.87667    0.14912   37.84038
jla_mock     0.13864   39.26348    0.13217   39.16093
jla_mock     0.18079   39.73643    0.15446   39.79287
jla_mock     0.17757   39.53059    0.18629   39.74972
jla_mock     0.17066   39.91538    0.16102   39.65461
jla_mock     0.23381   40.21657    0.20859   40.41672
jla_mock     0.07153   37.60245    0.17411   37.62842
jla_mock     0.15463   39.18135    0.18792   39.41940
jla_mock     0.09010   38.36015    0.15951   38.15695
jla_mock     0.17658   39.11432    0.20449   39.73631
jla_mock     0.13045   39.07314    0.16441   39.01753
jla_mock     0.18204   39.76962    0.17167   39.80943
jla_mock     0.25617   40.44471    0.17261   40.64125
jla_mock     0.13811   39.35747    0.14854   39.15189
jla_mock     0.17070   39.93784    0.16750   39.65518
jla_mock     0.21674   40.22494    0.14793   40.23156
jla_mock     0.24555   40.44187    0.17888   40.53696
jla_mock     0.14382   39.04778    0.16710   39.24758
jla_mock     0.24862   40.34779    0.18856   40.56753
jla_mock     0.14533   39.38365    0.17139   39.27229
jla_mock     0.13588   39.13385    0.12760   39.11351
jla_mock     0.05874   37.27448    0.12754   37.18137
jla_mock     0.03652   36.12735    0.15192   36.11500
jla_mock     0.27749   40.82995    0.22703   40.83912
jla_mock     0.20515   40.55961    0.29701   40.09800
jla_mock     0.28051   41.12791    0.20079   40.86600
jla_mock     0.19867   40.15762    0.16216   40.02025
jla_mock     0.15999   39.59020    0.15164   39.50048
jla_mock     0.21075   40.19192    0.18113   40.16338
jla_mock     0.07195   37.66705    0.17246   37.64176
jla_mock     0.23782   40.79696    0.19074   40.45841
jla_mock     0.14139   39.28817    0.17359   39.20730
jla_mock     0.15506   39.20068    0.15761   39.42600
jla_mock     0.37013   41.67906    0.22887   41.56259
jla_mock     0.09391   38.34260    0.17056   38.25241
jla_mock     0.11863   38.70334    0.17058   38.79493
jla_mock     0.15363   39.57115    0.15381   39.40398
jla_mock     0.25356   40.60045    0.16810   40.61600
jla_mock     0.10725   38.56021    0.14420   38.55994
jla_mock     0.12961   38.76316    0.15302   39.00235
jla_mock     0.26665   40.84896    0.19376   40.74033
jla_mock     0.21226   40.22968    0.16263   40.18073
jla_mock     0.27822   40.74084    0.18167   40.84564
jla_mock     0.24540   40.31888    0.16812   40.53546
jla_mock     0.13362   39.02014    0.15059   39.07401
jla_mock     0.17656   39.93082    0.16208   39.73604
jla_mock     0.11368   38.51633    0.14584   38.69545
jla_mock     0.32038   41.11934    0.26368   41.19801
jla_mock     0.11271   38.93961    0.12253   38.67548
jla_mock     0.10602   38.45657    0.14473   38.53314
jla_mock     0.39135   41.67507    0.26610   41.70449
jla_mock     0.15575   39.56338    0.14612   39.43656
jla_mock     0.18667   39.95456    0.16762   39.86986
jla_mock     0.19671   40.09930    0.16670   39.99627
jla_mock     0.19191   39.88250    0.17339   39.93660
jla_mock     0.19084   39.83261    0.15088   39.92311
jla_mock     0.17625   39.66466    0.15361   39.73182
jla_mock     0.12837   38.95137    0.15036   38.97977
jla_mock     0.12262   38.87256    0.14734   38.87232
jla_mock     0.12715   38.88667    0.14706   38.95736
jla_mock     0.21323   40.13445    0.17621   40.19182
jla_mock     0.21861   40.21683    0.18110   40.25249
jla_mock     0.26856   40.83897    0.19152   40.75800
jla_mock     0.20466   39.99269    0.16519   40.09220
jla_mock     0.26710   40.72826    0.17378   40.74451
jla_mock     0.21757   40.32466    0.17265   40.24087
jla_mock     0.24185   40.49488    0.17151   40.49965
jla_mock     0.29350   41.25386    0.20072   40.97870
jla_mock     0.35346   41.62053    0.23114   41.44575
jla_mock     0.18563   39.50343    0.15495   39.85641
jla_mock     0.28543   40.81348    0.19928   40.90924
jla_mock     0.19494   39.96545    0.16836   39.97443
jla_mock     0.07592   37.61032    0.14500   37.76429
jla_mock     0.16357   39.54241    0.15778   39.55323
jla_mock     0.25721   40.50211    0.20821   40.65125
jla_mock     0.21955   40.66492    0.18725   40.26294
jla_mock     0.17558   39.82471    0.15163   39.72269
jla_mock     0.22667   40.49361    0.18608   40.34084
jla_mock     0.15322   39.35528    0.15082   39.39764
jla_mock     0.21025   40.17800    0.19550   40.15761
jla_mock     0.12164   38.90745    0.12361   38.85353
jla_mock     0.29135   40.58126    0.19905   40.96037
jla_mock     0.29448   40.53233    0.27860   40.98701
jla_mock     0.16455   39.68219    0.12599   39.56749
jla_mock     0.30702   40.91962    0.20907   41.09122
jla_mock     0.19863   39.80991    0.16158   40.01976
jla_mock     0.26821   40.55343    0.21540   40.75477
jla_mock     0.40128   41.87896    0.24823   41.76846
jla_mock     0.13668   39.09250    0.15334   39.12735
jla_mock     0.29542   40.20140    0.24720   40.99496
jla_mock     0.29192   40.87527    0.19220   40.96524
jla_mock     0.09007   38.01822    0.12097   38.15619
jla_mock     0.20557   40.23744    0.18293   40.10296
jla_mock     0.14582   39.27432    0.14935   39.28026
jla_mock     0.11767   38.73132    0.14487   38.77595
jla_mock     0.05499   37.18326    0.14998   37.03240
jla_mock     0.17420   39.98124    0.15143   39.70378
jla_mock     0.24495   40.35652    0.18021   40.53095
jla_mock     0.22452   40.14097    0.18250   40.31756
jla_mock     0.24558   40.35280    0.16228   40.53726
jla_mock     0.28351   41.22983    0.21250   40.89245
jla_mock     0.18056   40.17921    0.17619   39.78982
jla_mock     0.10391   38.72925    0.12352   38.48649
jla_mock     0.12961   38.95780    0.15327   39.00235
jla_mock     0.24352   40.78624    0.16046   40.51656
jla_mock     0.33136   41.55570    0.26935   41.28275
jla_mock     0.24348   40.61179    0.19048   40.51615
jla_mock     0.31468   41.07920    0.17578   41.15296
jla_mock     0.21865   40.24069    0.18935   40.25293
jla_mock     0.26014   40.60814    0.21926   40.67922
jla_mock     0.28243   41.02181    0.19831   40.88296
jla_mock     0.30041   41.48814    0.20582   41.03679
jla_mock     0.15186   39.04856    0.14864   39.37647
jla_mock     0.26357   41.22769    0.18937   40.71159
jla_mock     0.21382   40.48429    0.20621   40.19854
jla_mock     0.16284   39.67791    0.16762   39.54256
jla_mock     0.12440   39.08165    0.17141   38.90608
jla_mock     0.19465   40.16590    0.13939   39.97083
jla_mock     0.20554   39.81872    0.18299   40.10260
jla_mock     0.10667   38.89529    0.14589   38.54734
jla_mock     0.18772   39.67877    0.18725   39.88338
jla_mock     0.16387   39.47063    0.15682   39.55760
jla_mock     0.29021   40.96597    0.19470   40.95060
jla_mock     0.09401   38.12225    0.12498   38.25487
jla_mock     0.22786   40.33958    0.18010   40.35364
jla_mock     0.10751   38.63669    0.14765   38.56556
jla_mock     0.31065   40.79410    0.22259   41.12065
jla_mock     0.14564   39.05002    0.15576   39.27734
jla_mock     0.08784   38.23492    0.12610   38.09850
jla_mock     0.14839   39.58093    0.15573   39.32164
jla_mock     0.28662   40.70043    0.19366   40.91960
jla_mock     0.12281   38.72553    0.13329   38.87594
jla_mock     0.18655   39.68771    0.20280   39.86832
jla_mock     0.12893   39.00675    0.15504   38.99000
jla_mock     0.19422   39.60986    0.16864   39.96549
jla_mock     0.14800   39.21882    0.14676   39.31541
jla_mock     0.21179   40.20555    0.22866   40.17534
jla_mock     0.17962   39.67432    0.17351   39.77728
jla_mock     0.26349   41.10696    0.18130   40.71084
jla_mock     0.19215   39.72339    0.15957   39.93962
jla_mock     0.33880   41.13976    0.22988   41.33871
jla_mock     0.11741   38.92425    0.14767   38.77078
jla_mock     0.14310   39.13551    0.16842   39.23571
jla_mock     0.16035   39.67965    0.13218   39.50583
jla_mock     0.28872   40.99629    0.21130   40.93777
jla_mock     0.12303   39.10572    0.15465   38.88013
jla_mock     0.26405   40.93159    0.18534   40.71609
jla_mock     0.12608   38.86634    0.17183   38.93753
jla_mock     0.17374   39.66611    0.14981   39.69744
jla_mock     0.16440   39.38703    0.14973   39.56531
jla_mock     0.24961   40.76885    0.16242   40.57731
jla_mock     0.15999   39.48504    0.15137   39.50048
jla_mock     0.24448   40.38134    0.15150   40.52623
jla_mock     0.24851   40.45728    0.17708   40.56644
jla_mock     0.22893   40.41505    0.16848   40.36509
jla_mock     0.08528   38.09431    0.14385   38.03054
jla_mock     0.06282   37.27395    0.14855   37.33331
jla_mock     0.27745   40.64109    0.23370   40.83876
jla_mock     0.27544   40.84674    0.21508   40.82071
jla_mock     0.33051   41.02386    0.21088   41.27628
jla_mock     0.36193   41.64947    0.24565   41.50573
jla_mock     0.33103   41.33922    0.21801   41.28024
jla_mock     0.16050   39.80797    0.12715   39.50806
jla_mock     0.30021   40.84490    0.20430   41.03513
jla_mock     0.11635   38.64275    0.12231   38.74960
jla_mock     0.21829   40.36979    0.16062   40.24892
jla_mock     0.11967   38.71866    0.12046   38.81533
jla_mock     0.15473   39.46969    0.12395   39.42094
jla_mock     0.17810   39.83114    0.16563   39.75688
jla_mock     0.25037   40.42380    0.16561   40.58480
jla_mock     0.25174   40.54414    0.14466   40.59824
jla_mock     0.12953   39.05418    0.14519   39.00090
jla_mock     0.30929   41.02807    0.18811   41.10966
jla_mock     0.27852   40.82910    0.17882   40.84832
jla_mock     0.18581   39.92201    0.13606   39.85875
jla_mock     0.06651   37.51873    0.17228   37.46289
jla_mock     0.25800   40.55372    0.18757   40.65882
jla_mock     0.29888   41.32031    0.21609   41.02403
jla_mock     0.27044   41.06595    0.22437   40.77528
jla_mock     0.27916   40.58053    0.17184   40.85402
jla_mock     0.29287   40.83054    0.21554   40.97334
jla_mock     0.18965   39.74960    0.15711   39.90803
jla_mock     0.26576   40.28077    0.19291   40.73206
jla_mock     0.12376   38.90019    0.14509   38.89399
jla_mock     0.18255   39.67525    0.14972   39.81616
jla_mock     0.05634   36.93867    0.14895   37.08713
jla_mock     0.31288   41.19172    0.18264   41.13858
jla_mock     0.30915   41.53935    0.22329   41.10853
jla_mock     0.20061   39.90260    0.15588   40.04377
jla_mock     0.32640   41.65569    0.20549   41.24480
jla_mock     0.21163   40.09677    0.13899   40.17351
jla_mock     0.17969   39.73566    0.15636   39.77821
jla_mock     0.30240   40.93900    0.19662   41.05329
jla_mock     0.10924   38.69003    0.14870   38.60268
jla_mock     0.08522   38.13226    0.15002   38.02892
jla_mock     0.20231   39.83373    0.16132   40.06421
jla_mock     0.12649   39.09849    0.15585   38.94515
jla_mock     0.21457   40.21496    0.16813   40.20706
jla_mock     0.32045   41.27994    0.19169   41.19856
jla_mock     0.21835   40.15482    0.17273   40.24959
jla_mock     0.19010   39.90665    0.15982   39.91374
jla_mock     0.09243   38.13715    0.15614   38.21577
jla_mock     0.37986   41.60542    0.18489   41.62856
jla_mock     0.21134   40.17234    0.16608   40.17017
jla_mock     0.25833   40.63889    0.18012   40.66198
jla_mock     0.18327   39.60481    0.16856   39.82563
jla_mock     0.21295   40.24249    0.17785   40.18862
jla_mock     0.11651   38.93201    0.15544   38.75281
jla_mock     0.14401   39.33460    0.17186   39.25071
jla_mock     0.25249   40.52792    0.18600   40.60557
jla_mock     0.25539   40.67430    0.21320   40.63373
jla_mock     0.21698   40.26508    0.18861   40.23425
jla_mock     1.26590   44.70701    0.22380   44.79699
jla_mock     0.93577   44.05285    0.22959   43.98915
jla_mock     0.04952   37.17767    0.20229   36.79644
jla_mock     0.03033   35.84932    0.18208   35.70157
jla_mock     0.07458   37.73013    0.21873   37.72360
jla_mock     0.02520   35.29387    0.22034   35.29123
jla_mock     0.01441   34.04327    0.20528   34.06048
jla_mock     0.02079   34.99446    0.19750   34.86681
jla_mock     0.03522   35.65230    0.20378   36.03412
jla_mock     0.04166   36.23856    0.21523   36.40883
jla_mock     0.04240   36.68820    0.20619   36.44838
jla_mock     0.01890   35.09744    0.18362   34.65682
jla_mock     0.07884   37.91297    0.21534   37.85056
jla_mock     0.06334   37.28550    0.20759   37.35224
jla_mock     0.02764   35.49849    0.23142   35.49574
jla_mock     0.04933   36.69158    0.21068   36.78762
jla_mock     0.07015   37.87921    0.22041   37.58415
jla_mock     0.02391   35.10784    0.18368   35.17514
jla_mock     0.05313   37.19818    0.22336   36.95466
jla_mock     0.02495   34.92895    0.18978   35.26944
jla_mock     0.01566   34.37124    0.20165   34.24356
jla_mock     0.04898   36.90772    0.15986   36.77203
jla_mock     0.02240   35.29054    0.18928   35.03106
jla_mock     0.03485   35.94701    0.23666   36.01099
jla_mock     0.01697   34.69650    0.20291   34.41905
jla_mock     0.03072   35.59839    0.18172   35.73037
jla_mock     0.03048   35.80914    0.18204   35.71303
jla_mock     0.01055   33.30446    0.21945   33.37697
jla_mock     0.01426   33.98606    0.17171   34.03675
jla_mock     0.02769   35.47706    0.18125   35.49983
jla_mock     0.05386   37.06328    0.15904   36.98558
jla_mock     0.01767   34.62211    0.19251   34.50873
jla_mock     0.01745   34.44281    0.17037   34.48092
jla_mock     0.01557   34.34391    0.20220   34.23076
jla_mock     0.01006   33.05295    0.23113   33.27290
jla_mock     0.05493   37.21136    0.18431   37.02998
jla_mock     0.03908   36.41575    0.16317   36.26630
jla_mock     0.07832   37.77394    0.18392   37.83534
jla_mock     0.03176   35.82603    0.15356   35.80452
jla_mock     0.01444   34.19204    0.22581   34.06489
jla_mock     0.01353   34.09843    0.22079   33.92255
jla_mock     0.02668   35.80676    0.19350   35.41745
jla_mock     0.02336   35.37818    0.17881   35.12382
jla_mock     0.03693   36.13939    0.19002   36.14013
jla_mock     0.02355   35.22437    0.17820   35.14190
jla_mock     0.01748   34.56362    0.19212   34.48507
jla_mock     0.04026   36.32308    0.17448   36.33252
jla_mock     0.03038   35.80785    0.20408   35.70566
jla_mock     0.01550   33.93888    0.20028   34.22101
jla_mock     0.01415   34.35359    0.18788   34.02052
jla_mock     0.01549   34.49688    0.18431   34.21860
jla_mock     0.01555   34.30584    0.19852   34.22808
jla_mock     0.03707   36.20304    0.15485   36.14862
jla_mock     0.01548   34.20857    0.20250   34.21789
jla_mock     0.01332   33.91166    0.18644   33.88842
jla_mock     0.01457   33.80723    0.20791   34.08532
jla_mock     0.01579   34.21892    0.19847   34.26130
jla_mock     0.02475   34.83453    0.17955   35.25120
jla_mock     0.02775   35.30508    0.17503   35.50463
jla_mock     0.01089   33.40782    0.25478   33.44601
jla_mock     0.01365   33.91159    0.18671   33.94176
jla_mock     0.03576   35.79219    0.16296   36.06783
jla_mock     0.02473   35.26466    0.17711   35.24932
jla_mock     0.03809   36.11287    0.17052   36.20863
jla_mock     0.02154   34.81964    0.17712   34.94487
jla_mock     0.01958   34.57469    0.17899   34.73456
jla_mock     0.03042   35.63994    0.17572   35.70822
jla_mock     0.03922   36.38440    0.17021   36.27406
jla_mock     0.03497   36.02178    0.15988   36.01845
jla_mock     0.02856   35.64998    0.17650   35.56863
jla_mock     0.02100   34.75373    0.18823   34.88845
jla_mock     0.03254   35.87284    0.18232   35.85802
jla_mock     0.01547   34.32341    0.19319   34.21604
jla_mock     0.01568   34.53747    0.20748   34.24552
jla_mock     0.02750   35.41496    0.15599   35.48465
jla_mock     0.04686   36.92197    0.17135   36.67229
jla_mock     0.03317   35.81384    0.18296   35.90099
jla_mock     0.01029   33.22669    0.23550   33.32258
jla_mock     0.08010   38.21565    0.17116   37.88694
jla_mock     0.01232   33.69935    0.20021   33.71613
jla_mock     0.02459   35.22143    0.20631   35.23686
jla_mock     0.01447   34.07144    0.20828   34.06899
jla_mock     0.01515   34.33846    0.18400   34.17085
jla_mock     0.02909   35.47711    0.17337   35.60902
jla_mock     0.03478   36.09734    0.17929   36.00632
jla_mock     0.04492   36.77276    0.14071   36.57766
jla_mock     0.03407   36.13593    0.16958   35.96061
jla_mock     0.07487   37.57256    0.14386   37.73249
jla_mock     0.01496   34.27917    0.19783   34.14256
jla_mock     0.02040   34.80346    0.17104   34.82442
jla_mock     0.04069   36.38866    0.17468   36.35626
jla_mock     0.02657   35.46538    0.18033   35.40830
jla_mock     0.02688   35.59999    0.15331   35.43431
jla_mock     0.02347   35.16512    0.17598   35.13429
jla_mock     0.06912   37.69854    0.19118   37.55045
jla_mock     0.06519   37.60896    0.15880   37.41747
jla_mock     0.02298   35.26334    0.17791   35.08760
jla_mock     0.01739   34.34630    0.19829   34.47296
jla_mock     0.03148   35.78775    0.15109   35.78492
jla_mock     0.01118   33.50403    0.19448   33.50474
jla_mock     0.02196   35.06482    0.17567   34.98697
jla_mock     0.03148   35.70623    0.15081   35.78485
jla_mock     0.02332   35.29245    0.20285   35.12013
jla_mock     0.02039   34.91313    0.18301   34.82377
jla_mock     0.02247   35.30464    0.18141   35.03765
jla_mock     0.03361   35.90941    0.18044   35.93037
jla_mock     0.03697   36.34153    0.17917   36.14224
jla_mock     0.02263   34.95783    0.18007   35.05361
jla_mock     0.01470   33.92710    0.18462   34.10407
jla_mock     0.03695   36.08582    0.14876   36.14109
jla_mock     0.06096   37.16412    0.12531   37.26526
jla_mock     0.05929   37.18661    0.12136   37.20241
jla_mock     0.06975   37.43645    0.15874   37.57107
jla_mock     0.02953   35.91778    0.17470   35.64232
jla_mock     0.03325   36.16171    0.17565   35.90649
jla_mock     0.02416   35.29761    0.18124   35.19813
jla_mock     0.01600   34.26609    0.19156   34.29005
jla_mock     0.06296   37.32056    0.16531   37.33846
jla_mock     0.02171   34.76184    0.19186   34.96170
jla_mock     0.03164   35.89444    0.18944   35.79569
jla_mock     0.01860   34.44971    0.17305   34.62124
jla_mock     0.02706   35.66066    0.17333   35.44934
jla_mock     0.02547   35.28337    0.18470   35.31480
jla_mock     0.02381   35.14107    0.19337   35.16597
jla_mock     0.02387   35.19357    0.18298   35.17126
jla_mock     0.02207   34.94466    0.16678   34.99820
