jla_mock     0.50308   42.14878    0.14571   42.35104
jla_mock     0.58072   42.51097    0.16123   42.72544
jla_mock     0.49479   42.26542    0.12071   42.30792
jla_mock     0.34593   41.46738    0.13253   41.39128
jla_mock     0.67766   43.45119    0.22872   43.13160
jla_mock     0.61071   42.62132    0.22549   42.85755
jla_mock     0.86649   44.44662    0.25803   43.78400
jla_mock     0.33093   41.11249    0.12801   41.27950
jla_mock     0.79857   43.55957    0.25920   43.56670
jla_mock     0.44956   42.21940    0.16140   42.06004
jla_mock     0.37144   41.50382    0.14922   41.57158
jla_mock     0.29172   40.89499    0.14231   40.96351
jla_mock     0.35582   41.44461    0.14101   41.46259
jla_mock     0.46127   41.92054    0.15587   42.12638
jla_mock     0.28361   40.88241    0.13056   40.89333
jla_mock     0.63223   42.39150    0.22183   42.94863
jla_mock     0.46641   41.90692    0.17244   42.15500
jla_mock     0.26862   40.62843    0.12820   40.75859
jla_mock     0.94689   43.94354    0.29225   44.02068
jla_mock     0.92492   44.14297    0.31213   43.95801
jla_mock     0.69317   43.41612    0.29243   43.19137
jla_mock     0.62523   42.91107    0.19089   42.91933
jla_mock     0.89694   43.90492    0.26745   43.87607
jla_mock     0.60826   42.95857    0.15987   42.84699
jla_mock     0.78905   43.21937    0.26933   43.53485
jla_mock     0.57829   42.57010    0.14638   42.71445
jla_mock     0.59028   42.75519    0.18967   42.76823
jla_mock     0.71963   43.58933    0.25305   43.29050
jla_mock     0.21003   40.15342    0.13132   40.15509
jla_mock     0.76659   43.24611    0.22577   43.45813
jla_mock     0.85851   43.68513    0.22290   43.75934
jla_mock     0.36790   41.39963    0.09931   41.54727
jla_mock     0.55875   42.41754    0.15678   42.62447
jla_mock     0.84851   43.85410    0.21739   43.72812
jla_mock     0.99639   44.21402    0.24266   44.15679
jla_mock     0.77659   43.23618    0.26449   43.49256
jla_mock     0.58293   42.82961    0.13307   42.73539
jla_mock     0.58374   42.74230    0.16753   42.73903
jla_mock     0.79655   43.48307    0.22888   43.55998
jla_mock     0.58872   42.36682    0.15579   42.76129
jla_mock     0.91347   43.66374    0.24294   43.92478
jla_mock     0.76859   43.47178    0.23905   43.46504
jla_mock     0.94846   43.84340    0.26528   44.02509
jla_mock     0.51379   42.27080    0.15288   42.40578
jla_mock     0.73361   42.86386    0.19294   43.34148
jla_mock     0.63770   42.48359    0.27011   42.97130
jla_mock     0.76559   43.69720    0.21114   43.45466
jla_mock     0.43486   41.92672    0.15773   41.97447
jla_mock     0.98341   43.88601    0.25880   44.12175
jla_mock     0.58374   42.93034    0.16233   42.73903
jla_mock     0.70063   43.17787    0.21687   43.21970
jla_mock     0.66206   43.05592    0.21295   43.07010
jla_mock     0.83813   43.70532    0.28077   43.69533
jla_mock     0.62187   42.69831    0.17547   42.90516
jla_mock     0.37059   41.59243    0.14292   41.56572
jla_mock     0.41663   41.92174    0.13815   41.86455
jla_mock     0.35857   41.33333    0.10704   41.48209
jla_mock     0.45168   42.04917    0.15279   42.07216
jla_mock     0.52276   42.30598    0.16113   42.45081
jla_mock     0.73400   42.99008    0.30409   43.34288
jla_mock     0.70196   43.48137    0.31177   43.22473
jla_mock     0.74201   43.21978    0.29013   43.37166
jla_mock     0.74612   43.41751    0.21822   43.38631
jla_mock     0.34956   41.41755    0.13473   41.41768
jla_mock     0.59183   42.52415    0.15357   42.77513
jla_mock     0.51475   42.19943    0.15561   42.41060
jla_mock     0.62063   42.84553    0.18447   42.89990
jla_mock     0.64365   42.61438    0.24392   42.99574
jla_mock     1.00280   44.05836    0.33217   44.17391
jla_mock     0.47059   42.25933    0.14421   42.17801
jla_mock     0.61064   42.97376    0.15878   42.85725
jla_mock     0.26349   40.73993    0.12805   40.71081
jla_mock     0.35834   41.40205    0.12919   41.48044
jla_mock     0.74270   42.49087    0.25909   43.37412
jla_mock     0.45156   41.98881    0.11539   42.07145
jla_mock     0.91075   44.03238    0.26165   43.91682
jla_mock     0.55261   42.56535    0.15821   42.59559
jla_mock     0.33753   41.26874    0.12813   41.32927
jla_mock     0.75068   43.68799    0.24281   43.40248
jla_mock     0.98378   43.99377    0.34665   44.12275
jla_mock     0.82270   43.28254    0.22176   43.64588
jla_mock     0.81370   43.49192    0.24257   43.61661
jla_mock     0.95076   43.75255    0.26473   44.03158
jla_mock     0.81773   43.36764    0.24643   43.62977
jla_mock     0.34052   41.25512    0.12574   41.35149
jla_mock     0.96075   43.75340    0.28766   44.05949
jla_mock     0.81072   43.59250    0.27276   43.60686
jla_mock     0.75669   43.17853    0.24755   43.42362
jla_mock     0.61125   42.58947    0.18573   42.85987
jla_mock     0.87797   43.67399    0.22379   43.81907
jla_mock     0.54832   42.55299    0.14258   42.57529
jla_mock     0.80903   43.25436    0.23222   43.60132
jla_mock     1.02880   44.10276    0.28337   44.24234
jla_mock     0.62724   42.78206    0.17555   42.92776
jla_mock     0.42245   41.98913    0.15607   41.90012
jla_mock     0.93390   43.76004    0.35000   43.98380
jla_mock     0.70116   42.74876    0.22741   43.22169
jla_mock     0.69716   43.22821    0.20952   43.20658
jla_mock     0.68518   43.15619    0.27044   43.16074
jla_mock     0.76707   43.34905    0.25234   43.45981
jla_mock     0.93190   43.90855    0.25137   43.97808
jla_mock     0.86398   43.41786    0.24510   43.77625
jla_mock     0.74910   43.10696    0.22590   43.39689
jla_mock     0.51435   42.35355    0.15357   42.40861
jla_mock     0.46841   42.05978    0.11440   42.16601
jla_mock     0.47040   42.21494    0.15655   42.17698
jla_mock     0.95887   44.34744    0.27681   44.05426
jla_mock     0.92791   43.74090    0.29724   43.96663
jla_mock     0.84052   43.63757    0.21913   43.70293
jla_mock     0.63070   42.69316    0.17083   42.94224
jla_mock     0.56275   42.59729    0.14441   42.64315
jla_mock     0.61570   42.92770    0.16969   42.87892
jla_mock     0.82853   43.50047    0.22446   43.66467
jla_mock     0.56474   42.48641    0.16043   42.65238
jla_mock     0.57874   42.48570    0.14758   42.71650
jla_mock     0.55774   42.67912    0.15832   42.61978
jla_mock     0.86450   43.94784    0.22870   43.77785
jla_mock     0.73561   43.31412    0.23469   43.34870
jla_mock     0.85851   43.38196    0.28337   43.75932
jla_mock     0.26198   40.64054    0.10443   40.69667
jla_mock     0.58574   42.61220    0.18661   42.74800
jla_mock     0.76158   43.29708    0.21599   43.44073
jla_mock     0.48880   42.21907    0.11155   42.27631
jla_mock     0.85852   43.63737    0.27431   43.75935
jla_mock     0.68866   42.97019    0.18053   43.17412
jla_mock     0.55874   42.71441    0.15492   42.62446
jla_mock     0.32453   41.11905    0.12602   41.23036
jla_mock     0.48070   42.22196    0.10839   42.23305
jla_mock     0.18537   39.65272    0.13096   39.85305
jla_mock     0.92222   42.80038    0.33855   43.95022
jla_mock     0.68194   43.12332    0.19640   43.14823
jla_mock     0.47571   42.22874    0.10811   42.20600
jla_mock     0.92221   44.14350    0.27644   43.95018
jla_mock     0.89318   43.93240    0.25783   43.86487
jla_mock     0.42865   41.65818    0.14144   41.93748
jla_mock     0.63188   42.94642    0.23474   42.94717
jla_mock     0.69996   43.12408    0.25835   43.21717
jla_mock     0.73601   43.02957    0.26469   43.35013
jla_mock     0.57582   42.66330    0.15954   42.70324
jla_mock     0.41863   41.95486    0.10652   41.87683
jla_mock     0.51175   42.32088    0.12001   42.39540
jla_mock     0.53577   42.31879    0.12653   42.51485
jla_mock     0.64189   42.41905    0.21547   42.98856
jla_mock     0.73500   42.88043    0.22720   43.34649
jla_mock     0.35156   41.38218    0.13079   41.43211
jla_mock     0.60986   42.97381    0.17401   42.85388
jla_mock     0.34956   41.54236    0.13437   41.41766
jla_mock     0.70197   43.11120    0.18820   43.22475
jla_mock     0.35526   41.33315    0.10428   41.45861
jla_mock     0.98328   44.12562    0.25757   44.12140
jla_mock     0.87215   43.73524    0.26598   43.80134
jla_mock     0.75903   43.47470    0.20819   43.43183
jla_mock     0.92622   43.90361    0.24599   43.96176
jla_mock     0.64364   43.18211    0.22846   42.99573
jla_mock     0.41957   41.72539    0.13773   41.88255
jla_mock     0.51559   42.13936    0.20314   42.41484
jla_mock     0.89073   43.79364    0.21058   43.85753
jla_mock     0.80570   43.63086    0.22987   43.59033
jla_mock     0.48057   42.01958    0.10875   42.23231
jla_mock     0.80070   43.50258    0.24546   43.57378
jla_mock     0.58060   42.75892    0.18881   42.72490
jla_mock     0.71565   42.90183    0.24397   43.27584
jla_mock     0.80570   43.44514    0.23277   43.59033
jla_mock     0.76668   43.07209    0.25284   43.45846
jla_mock     0.66464   42.80073    0.19579   43.08037
jla_mock     0.90174   43.62341    0.25191   43.89028
jla_mock     0.74567   43.86404    0.21143   43.38470
jla_mock     0.71868   42.99808    0.20380   43.28702
jla_mock     0.73669   43.41475    0.19636   43.35259
jla_mock     0.57960   42.62668    0.12085   42.72037
jla_mock     0.37053   41.55366    0.10257   41.56534
jla_mock     0.96074   43.92685    0.23956   44.05946
jla_mock     0.85073   43.48235    0.21180   43.73508
jla_mock     0.64864   42.78975    0.19255   43.01611
jla_mock     0.21946   40.14223    0.13037   40.26197
jla_mock     0.93676   43.33056    0.24130   43.99195
jla_mock     0.64764   43.01622    0.17876   43.01204
jla_mock     0.46156   42.05859    0.13341   42.12800
jla_mock     0.60060   42.65539    0.17945   42.81372
jla_mock     0.67065   42.83993    0.23101   43.10415
jla_mock     0.76070   43.20602    0.20946   43.43765
jla_mock     0.24649   40.58655    0.13212   40.54638
jla_mock     0.47057   42.09538    0.14759   42.17794
jla_mock     0.16945   39.59541    0.11210   39.63766
jla_mock     0.49738   42.36901    0.12913   42.32144
jla_mock     0.63823   42.73401    0.19689   42.97350
jla_mock     0.50737   42.17834    0.14543   42.37308
jla_mock     0.53533   42.28433    0.14230   42.51269
jla_mock     0.58728   42.50358    0.16639   42.75489
jla_mock     0.77308   43.08301    0.25621   43.48052
jla_mock     0.69917   42.79348    0.22210   43.21417
jla_mock     0.37051   41.34414    0.12736   41.56520
jla_mock     0.76109   43.13209    0.22809   43.43902
jla_mock     0.69917   42.61543    0.21960   43.21418
jla_mock     0.78806   43.72478    0.19242   43.53150
jla_mock     0.37351   41.62477    0.13203   41.58571
jla_mock     0.40548   41.73013    0.13199   41.79507
jla_mock     0.85299   43.78710    0.25729   43.74216
jla_mock     0.80805   43.23041    0.24185   43.59808
jla_mock     0.60327   42.74131    0.18398   42.82536
jla_mock     0.58329   42.65863    0.17903   42.73700
jla_mock     0.53434   42.42339    0.14774   42.50785
jla_mock     0.72014   42.92434    0.24070   43.29239
jla_mock     0.40048   41.74824    0.21061   41.76340
jla_mock     0.83700   43.78266    0.21503   43.69176
jla_mock     0.37151   41.43551    0.10193   41.57203
jla_mock     0.80604   43.14847    0.25908   43.59147
jla_mock     0.84001   43.60439    0.23507   43.70129
jla_mock     0.50073   42.15497    0.12981   42.33885
jla_mock     0.53277   42.41151    0.17422   42.50018
jla_mock     0.53377   42.53258    0.18215   42.50508
jla_mock     0.93223   43.78116    0.34153   43.97902
jla_mock     0.82210   43.47143    0.25791   43.64395
jla_mock     0.55380   42.54606    0.13545   42.60122
jla_mock     0.12530   38.59632    0.13709   38.92294
jla_mock     0.84212   43.67595    0.28303   43.70800
jla_mock     0.44367   42.01387    0.15187   42.02605
jla_mock     0.72767   43.56298    0.24978   43.31996
jla_mock     0.68366   42.68973    0.41253   43.15487
jla_mock     0.44255   41.99915    0.13368   42.01954
jla_mock     0.72668   43.34103    0.20022   43.31634
jla_mock     0.28251   40.82168    0.12748   40.88366
jla_mock     0.40455   41.65158    0.12965   41.78921
jla_mock     0.51961   42.10886    0.13964   42.43507
jla_mock     0.69065   43.26481    0.23215   43.18177
jla_mock     1.06080   44.10691    0.27869   44.32423
jla_mock     0.57661   42.51387    0.15376   42.70683
jla_mock     0.26849   40.67688    0.12614   40.75735
jla_mock     0.72068   43.03878    0.25107   43.29438
jla_mock     0.25050   40.64977    0.13111   40.58606
jla_mock     0.76069   43.30543    0.27664   43.43763
jla_mock     0.69817   43.25538    0.26129   43.21038
jla_mock     0.55031   42.52689    0.16854   42.58475
jla_mock     0.73013   43.35459    0.23525   43.32888
jla_mock     0.84798   44.04708    0.24703   43.72647
jla_mock     0.99783   44.48683    0.24706   44.16064
jla_mock     0.43545   41.96770    0.13052   41.97792
jla_mock     0.40947   41.75501    0.12922   41.82014
jla_mock     0.30159   40.79413    0.12599   41.04659
jla_mock     1.29911   44.84035    0.19341   44.86622
jla_mock     1.02081   44.39539    0.23668   44.22149
jla_mock     0.83973   43.89896    0.19265   43.70043
jla_mock     1.12085   44.78386    0.20807   44.47149
jla_mock     1.23089   44.93500    0.23900   44.72199
jla_mock     0.97423   44.00759    0.18427   44.09670
jla_mock     0.97078   44.10531    0.33863   44.08723
jla_mock     0.06423   37.44814    0.15073   37.38367
jla_mock     0.12903   39.09163    0.16417   38.99182
jla_mock     0.10289   38.37002    0.14984   38.46361
jla_mock     0.04413   36.49180    0.17360   36.53791
jla_mock     0.11304   38.70071    0.15277   38.68229
jla_mock     0.25611   40.58525    0.20496   40.64067
jla_mock     0.38026   41.26792    0.28703   41.63124
jla_mock     0.14547   39.10528    0.16219   39.27457
jla_mock     0.08889   37.95874    0.14637   38.12583
jla_mock     0.26059   40.69189    0.18294   40.68349
jla_mock     0.07891   37.66652    0.15603   37.85259
jla_mock     0.08304   38.18194    0.15332   37.96945
jla_mock     0.16565   39.47910    0.13854   39.58339
jla_mock     0.16817   39.66749    0.16196   39.61946
jla_mock     0.17063   39.72062    0.16521   39.65419
jla_mock     0.17028   39.51918    0.17036   39.64928
jla_mock     0.12044   38.79034    0.15110   38.83033
jla_mock     0.27653   40.56142    0.21444   40.83051
jla_mock     0.23160   40.80674    0.18253   40.39347
jla_mock     0.30569   41.27266    0.26735   41.08035
jla_mock     0.07997   37.97685    0.16566   37.88313
jla_mock     0.17415   39.68436    0.15831   39.70309
jla_mock     0.13868   39.03602    0.16605   39.16161
jla_mock     0.14607   39.27356    0.16392   39.28432
jla_mock     0.08133   37.86786    0.14393   37.92176
jla_mock     0.23380   40.54685    0.17178   40.41662
jla_mock     0.25655   40.78365    0.17733   40.64491
jla_mock     0.24562   40.41226    0.20041   40.53766
jla_mock     0.12593   38.95792    0.19133   38.93474
jla_mock     0.22351   40.20607    0.21583   40.30655
jla_mock     0.10264   38.55006    0.14664   38.45798
jla_mock     0.11967   38.86037    0.14567   38.81533
jla_mock     0.18055   40.12012    0.16851   39.78968
jla_mock     0.19709   39.82084    0.17390   40.00094
jla_mock     0.22916   40.03788    0.19939   40.36755
jla_mock     0.26451   40.93249    0.19876   40.72040
jla_mock     0.10337   38.53958    0.12264   38.47441
jla_mock     0.36441   41.75462    0.23043   41.52305
jla_mock     0.20560   40.02419    0.15584   40.10331
jla_mock     0.17981   39.65728    0.19620   39.77982
jla_mock     0.19959   40.00824    0.18224   40.03143
jla_mock     0.15653   39.27088    0.15013   39.44844
jla_mock     0.16180   39.58221    0.14761   39.52729
jla_mock     0.20953   39.95865    0.20608   40.14927
jla_mock     0.24179   40.46440    0.19813   40.49904
jla_mock     0.23646   40.42185    0.16266   40.44434
jla_mock     0.22668   39.87016    0.21051   40.34095
jla_mock     0.29678   40.51861    0.19716   41.00643
jla_mock     0.20852   40.07095    0.16317   40.13754
jla_mock     0.25104   40.35295    0.22086   40.59138
jla_mock     0.25012   40.28661    0.17967   40.58234
jla_mock     0.11771   38.77999    0.14551   38.77674
jla_mock     0.21971   40.17390    0.16999   40.26472
jla_mock     0.14901   39.33200    0.14890   39.33153
jla_mock     0.28742   41.23161    0.18840   40.92654
jla_mock     0.14360   39.23054    0.16640   39.24396
jla_mock     0.32837   41.14217    0.19601   41.25993
jla_mock     0.24625   40.74027    0.16507   40.54396
jla_mock     0.11966   38.76590    0.15027   38.81514
jla_mock     0.32838   41.50236    0.27642   41.26001
jla_mock     0.21513   39.98975    0.18367   40.21341
jla_mock     0.14478   39.39764    0.13617   39.26332
jla_mock     0.13243   39.09610    0.12839   39.05296
jla_mock     0.21082   39.93436    0.16235   40.16418
jla_mock     0.20399   39.81422    0.15781   40.08425
jla_mock     0.27952   40.77742    0.16701   40.85722
jla_mock     0.04428   36.72169    0.15510   36.54551
jla_mock     0.18037   39.69237    0.15078   39.78729
jla_mock     0.26070   40.53546    0.18972   40.68453
jla_mock     0.05654   37.23612    0.18697   37.09513
jla_mock     0.21260   39.91794    0.19195   40.18462
jla_mock     0.36941   41.54504    0.23700   41.55764
jla_mock     0.17386   39.95908    0.13052   39.69910
jla_mock     0.14265   38.90603    0.16863   39.22827
jla_mock     0.17789   39.63901    0.17323   39.75404
jla_mock     0.32837   41.35317    0.20656   41.25993
jla_mock     0.25351   40.73118    0.19561   40.61551
jla_mock     0.30001   40.80270    0.19320   41.03346
jla_mock     0.10589   38.47041    0.14608   38.53030
jla_mock     0.22328   40.23111    0.16844   40.30404
jla_mock     0.11845   38.77522    0.12252   38.79138
jla_mock     0.17653   39.84276    0.17119   39.73563
jla_mock     0.18280   39.83742    0.18907   39.81945
jla_mock     0.29762   41.07867    0.22708   41.01348
jla_mock     0.19699   39.84090    0.16337   39.99971
jla_mock     0.15295   39.39234    0.14755   39.39345
jla_mock     0.24850   40.47015    0.17448   40.56634
jla_mock     0.13818   39.08907    0.12409   39.15309
jla_mock     0.20704   40.02927    0.17045   40.12025
jla_mock     0.21468   40.17432    0.18060   40.20831
jla_mock     0.30632   41.20020    0.21503   41.08550
jla_mock     0.24695   40.05874    0.17120   40.55095
jla_mock     0.19801   39.80504    0.14490   40.01220
jla_mock     0.22256   40.15321    0.15195   40.29616
jla_mock     0.13508   38.94236    0.15131   39.09960
jla_mock     0.21054   39.90426    0.18261   40.16096
jla_mock     0.27258   40.55067    0.16911   40.79482
jla_mock     0.24660   40.45194    0.16169   40.54746
jla_mock     0.22068   39.96846    0.19429   40.27546
jla_mock     0.27447   40.75639    0.19147   40.81196
jla_mock     0.17656   39.65094    0.15540   39.73604
jla_mock     0.31088   41.35492    0.22016   41.12250
jla_mock     0.18435   39.81683    0.17308   39.83976
jla_mock     0.15935   39.44712    0.14827   39.49093
jla_mock     0.21976   40.12837    0.16605   40.26527
jla_mock     0.25205   40.79002    0.18410   40.60127
jla_mock     0.18122   39.90298    0.14940   39.79858
jla_mock     0.17373   39.67479    0.13336   39.69730
jla_mock     0.38047   41.80524    0.24246   41.63265
jla_mock     0.17865   39.55621    0.17172   39.76428
jla_mock     0.24568   40.53752    0.18910   40.53826
jla_mock     0.20910   40.26103    0.16102   40.14428
jla_mock     0.24947   40.42782    0.20971   40.57593
jla_mock     0.13392   38.99682    0.16606   39.07929
jla_mock     0.17706   39.57641    0.16040   39.74282
jla_mock     0.28111   40.87666    0.18775   40.87131
jla_mock     0.17383   39.79605    0.15187   39.69868
jla_mock     0.19654   39.82714    0.16513   39.99418
jla_mock     0.36397   41.62282    0.22725   41.51999
jla_mock     0.37835   41.19119    0.26733   41.61843
jla_mock     0.31646   41.09083    0.21039   41.16711
jla_mock     0.18322   39.84859    0.13519   39.82497
jla_mock     0.24102   40.56979    0.16774   40.49121
jla_mock     0.20203   39.69958    0.19953   40.06085
jla_mock     0.16869   39.63138    0.16512   39.62684
jla_mock     0.19794   40.06172    0.17492   40.01135
jla_mock     0.12276   38.66222    0.14575   38.87499
jla_mock     0.20318   40.15256    0.16105   40.07461
jla_mock     0.12739   38.81935    0.14896   38.96178
jla_mock     0.27549   40.79974    0.19973   40.82116
jla_mock     0.14468   39.21297    0.14722   39.26169
jla_mock     0.33436   40.83809    0.24978   41.30545
jla_mock     0.19580   40.11367    0.15393   39.98507
jla_mock     0.19392   39.78311    0.16375   39.96176
jla_mock     0.24973   40.43062    0.18581   40.57850
jla_mock     0.14860   39.05360    0.14880   39.32499
jla_mock     0.15596   39.24268    0.14872   39.43976
jla_mock     0.09582   38.50575    0.15035   38.29889
jla_mock     0.15065   39.53390    0.15873   39.35748
jla_mock     0.30933   41.20815    0.24716   41.10998
jla_mock     0.24857   40.52359    0.17340   40.56704
jla_mock     0.36554   41.50430    0.24312   41.53091
jla_mock     0.11771   38.76038    0.12848   38.77674
jla_mock     0.19176   39.94312    0.14428   39.93472
jla_mock     0.18255   39.75295    0.16171   39.81616
jla_mock     0.23472   40.23496    0.18445   40.42624
jla_mock     0.24647   40.50087    0.19928   40.54616
jla_mock     0.28845   40.69194    0.18873   40.93544
jla_mock     0.20960   40.00656    0.19927   40.15008
jla_mock     0.19198   40.03816    0.17965   39.93748
jla_mock     0.11402   38.80494    0.12215   38.70241
jla_mock     0.11389   38.78931    0.18397   38.69975
jla_mock     0.19880   39.78141    0.20967   40.02183
jla_mock     0.22058   40.37260    0.22796   40.27436
jla_mock     0.18257   39.65024    0.16454   39.81642
jla_mock     0.15895   39.59322    0.16373   39.48495
jla_mock     0.07849   37.71451    0.14912   37.84038
jla_mock     0.13864   39.21592    0.13217   39.16093
jla_mock     0.18079   39.88711    0.15446   39.79287
jla_mock     0.17757   39.78523    0.18629   39.74972
jla_mock     0.17066   39.59905    0.16102   39.65461
jla_mock     0.23381   40.50806    0.20859   40.41672
jla_mock     0.07153   37.75127    0.17411   37.62842
jla_mock     0.15463   39.51110    0.18792   39.41940
jla_mock     0.09010   38.08850    0.15951   38.15695
jla_mock     0.17658   39.76081    0.20449   39.73631
jla_mock     0.13045   38.91140    0.16441   39.01753
jla_mock     0.18204   39.55416    0.17167   39.80943
jla_mock     0.25617   40.70268    0.17261   40.64125
jla_mock     0.13811   39.31275    0.14854   39.15189
jla_mock     0.17070   39.62321    0.16750   39.65518
jla_mock     0.21674   40.28453    0.14793   40.23156
jla_mock     0.24555   40.44886    0.17888   40.53696
jla_mock     0.14382   39.38910    0.16710   39.24758
jla_mock     0.24862   40.56865    0.18856   40.56753
jla_mock     0.14533   39.40435    0.17139   39.27229
jla_mock     0.13588   39.07539    0.12760   39.11351
jla_mock     0.05874   37.19977    0.12754   37.18137
jla_mock     0.03652   36.07151    0.15192   36.11500
jla_mock     0.27749   40.75805    0.22703   40.83912
jla_mock     0.20515   40.38163    0.29701   40.09800
jla_mock     0.28051   40.90121    0.20079   40.86600
jla_mock     0.19867   39.95904    0.16216   40.02025
jla_mock     0.15999   39.35085    0.15164   39.50048
jla_mock     0.21075   39.95596    0.18113   40.16338
jla_mock     0.07195   37.45591    0.17246   37.64176
jla_mock     0.23782   40.37669    0.19074   40.45841
jla_mock     0.14139   38.98504    0.17359   39.20730
jla_mock     0.15506   39.54035    0.15761   39.42600
jla_mock     0.37013   41.38950    0.22887   41.56259
jla_mock     0.09391   38.27225    0.17056   38.25241
jla_mock     0.11863   38.55870    0.17058   38.79493
jla_mock     0.15363   39.40605    0.15381   39.40398
jla_mock     0.25356   40.91657    0.16810   40.61600
jla_mock     0.10725   38.69045    0.14420   38.55994
jla_mock     0.12961   38.89767    0.15302   39.00235
jla_mock     0.26665   40.76836    0.19376   40.74033
jla_mock     0.21226   39.91312    0.16263   40.18073
jla_mock     0.27822   40.79887    0.18167   40.84564
jla_mock     0.24540   40.58603    0.16812   40.53546
jla_mock     0.13362   39.09140    0.15059   39.07401
jla_mock     0.17656   39.72449    0.16208   39.73604
jla_mock     0.11368   38.80476    0.14584   38.69545
jla_mock     0.32038   40.78574    0.26368   41.19801
jla_mock     0.11271   38.70719    0.12253   38.67548
jla_mock     0.10602   38.54331    0.14473   38.53314
jla_mock     0.39135   41.64907    0.26610   41.70449
jla_mock     0.15575   39.61904    0.14612   39.43656
jla_mock     0.18667   39.74735    0.16762   39.86986
jla_mock     0.19671   40.10642    0.16670   39.99627
jla_mock     0.19191   39.93011    0.17339   39.93660
jla_mock     0.19084   39.99510    0.15088   39.92311
jla_mock     0.17625   39.63161    0.15361   39.73182
jla_mock     0.12837   38.96177    0.15036   38.97977
jla_mock     0.12262   38.95019    0.14734   38.87232
jla_mock     0.12715   39.03081    0.14706   38.95736
jla_mock     0.21323   40.31363    0.17621   40.19182
jla_mock     0.21861   40.21685    0.18110   40.25249
jla_mock     0.26856   40.65943    0.19152   40.75800
jla_mock     0.20466   39.98986    0.16519   40.09220
jla_mock     0.26710   40.51525    0.17378   40.74451
jla_mock     0.21757   40.08639    0.17265   40.24087
jla_mock     0.24185   40.44630    0.17151   40.49965
jla_mock     0.29350   41.22091    0.20072   40.97870
jla_mock     0.35346   41.69599    0.23114   41.44575
jla_mock     0.18563   39.61942    0.15495   39.85641
jla_mock     0.28543   40.90436    0.19928   40.90924
jla_mock     0.19494   39.70541    0.16836   39.97443
jla_mock     0.07592   37.81883    0.14500   37.76429
jla_mock     0.16357   39.42231    0.15778   39.55323
jla_mock     0.25721   40.27871    0.20821   40.65125
jla_mock     0.21955   40.29188    0.18725   40.26294
jla_mock     0.17558   39.50650    0.15163   39.72269
jla_mock     0.22667   40.34454    0.18608   40.34084
jla_mock     0.15322   39.40844    0.15082   39.39764
jla_mock     0.21025   40.20136    0.19550   40.15761
jla_mock     0.12164   38.78702    0.12361   38.85353
jla_mock     0.29135   40.92431    0.19905   40.96037
jla_mock     0.29448   40.92349    0.27860   40.98701
jla_mock     0.16455   39.74973    0.12599   39.56749
jla_mock     0.30702   40.96060    0.20907   41.09122
jla_mock     0.19863   39.69042    0.16158   40.01976
jla_mock     0.26821   40.65145    0.21540   40.75477
jla_mock     0.40128   41.71430    0.24823   41.76846
jla_mock     0.13668   39.01475    0.15334   39.12735
jla_mock     0.29542   40.74013    0.24720   40.99496
jla_mock     0.29192   41.10886    0.19220   40.96524
jla_mock     0.09007   38.11499    0.12097   38.15619
jla_mock     0.20557   40.18435    0.18293   40.10296
jla_mock     0.14582   39.41475    0.14935   39.28026
jla_mock     0.11767   38.44533    0.14487   38.77595
jla_mock     0.05499   36.86602    0.14998   37.03240
jla_mock     0.17420   39.49140    0.15143   39.70378
jla_mock     0.24495   40.69195    0.18021   40.53095
jla_mock     0.22452   40.45122    0.18250   40.31756
jla_mock     0.24558   40.52689    0.16228   40.53726
jla_mock     0.28351   40.69795    0.21250   40.89245
jla_mock     0.18056   39.97195    0.17619   39.78982
jla_mock     0.10391   38.64871    0.12352   38.48649
jla_mock     0.12961   39.06972    0.15327   39.00235
jla_mock     0.24352   40.55086    0.16046   40.51656
jla_mock     0.33136   41.13946    0.26935   41.28275
jla_mock     0.24348   40.72608    0.19048   40.51615
jla_mock     0.31468   40.88999    0.17578   41.15296
jla_mock     0.21865   40.10464    0.18935   40.25293
jla_mock     0.26014   40.85671    0.21926   40.67922
jla_mock     0.28243   40.65995    0.19831   40.88296
jla_mock     0.30041   41.36175    0.20582   41.03679
jla_mock     0.15186   39.33400    0.14864   39.37647
jla_mock     0.26357   40.61853    0.18937   40.71159
jla_mock     0.21382   40.18283    0.20621   40.19854
jla_mock     0.16284   39.59208    0.16762   39.54256
jla_mock     0.12440   38.90416    0.17141   38.90608
jla_mock     0.19465   39.93919    0.13939   39.97083
jla_mock     0.20554   39.93058    0.18299   40.10260
jla_mock     0.10667   38.45660    0.14589   38.54734
jla_mock     0.18772   39.64441    0.18725   39.88338
jla_mock     0.16387   39.30133    0.15682   39.55760
jla_mock     0.29021   41.22630    0.19470   40.95060
jla_mock     0.09401   38.19396    0.12498   38.25487
jla_mock     0.22786   40.31081    0.18010   40.35364
jla_mock     0.10751   38.28016    0.14765   38.56556
jla_mock     0.31065   41.15444    0.22259   41.12065
jla_mock     0.14564   39.10752    0.15576   39.27734
jla_mock     0.08784   38.17182    0.12610   38.09850
jla_mock     0.14839   39.25190    0.15573   39.32164
jla_mock     0.28662   40.67465    0.19366   40.91960
jla_mock     0.12281   38.76516    0.13329   38.87594
jla_mock     0.18655   39.63297    0.20280   39.86832
jla_mock     0.12893   39.14548    0.15504   38.99000
jla_mock     0.19422   39.68404    0.16864   39.96549
jla_mock     0.14800   39.14719    0.14676   39.31541
jla_mock     0.21179   40.00979    0.22866   40.17534
jla_mock     0.17962   39.85475    0.17351   39.77728
jla_mock     0.26349   40.88528    0.18130   40.71084
jla_mock     0.19215   40.03898    0.15957   39.93962
jla_mock     0.33880   41.13265    0.22988   41.33871
jla_mock     0.11741   38.69180    0.14767   38.77078
jla_mock     0.14310   39.02752    0.16842   39.23571
jla_mock     0.16035   39.50926    0.13218   39.50583
jla_mock     0.28872   40.85196    0.21130   40.93777
jla_mock     0.12303   38.75253    0.15465   38.88013
jla_mock     0.26405   40.66682    0.18534   40.71609
jla_mock     0.12608   38.77194    0.17183   38.93753
jla_mock     0.17374   39.83755    0.14981   39.69744
jla_mock     0.16440   39.61380    0.14973   39.56531
jla_mock     0.24961   40.75191    0.16242   40.57731
jla_mock     0.15999   39.22148    0.15137   39.50048
jla_mock     0.24448   40.52784    0.15150   40.52623
jla_mock     0.24851   40.59426    0.17708   40.56644
jla_mock     0.22893   40.46726    0.16848   40.36509
jla_mock     0.08528   37.84503    0.14385   38.03054
jla_mock     0.06282   37.04788    0.14855   37.33331
jla_mock     0.27745   40.87983    0.23370   40.83876
jla_mock     0.27544   40.77668    0.21508   40.82071
jla_mock     0.33051   41.37691    0.21088   41.27628
jla_mock     0.36193   41.44805    0.24565   41.50573
jla_mock     0.33103   41.33298    0.21801   41.28024
jla_mock     0.16050   39.32625    0.12715   39.50806
jla_mock     0.30021   41.29427    0.20430   41.03513
jla_mock     0.11635   38.76890    0.12231   38.74960
jla_mock     0.21829   40.22071    0.16062   40.24892
jla_mock     0.11967   38.84463    0.12046   38.81533
jla_mock     0.15473   39.39357    0.12395   39.42094
jla_mock     0.17810   39.68633    0.16563   39.75688
jla_mock     0.25037   40.49544    0.16561   40.58480
jla_mock     0.25174   40.73633    0.14466   40.59824
jla_mock     0.12953   39.23458    0.14519   39.00090
jla_mock     0.30929   41.07137    0.18811   41.10966
jla_mock     0.27852   40.75562    0.17882   40.84832
jla_mock     0.18581   39.97897    0.13606   39.85875
jla_mock     0.06651   37.31387    0.17228   37.46289
jla_mock     0.25800   40.27373    0.18757   40.65882
jla_mock     0.29888   40.89131    0.21609   41.02403
jla_mock     0.27044   40.80502    0.22437   40.77528
jla_mock     0.27916   40.87233    0.17184   40.85402
jla_mock     0.29287   41.00590    0.21554   40.97334
jla_mock     0.18965   39.88866    0.15711   39.90803
jla_mock     0.26576   40.42939    0.19291   40.73206
jla_mock     0.12376   38.85689    0.14509   38.89399
jla_mock     0.18255   39.74957    0.14972   39.81616
jla_mock     0.05634   37.05890    0.14895   37.08713
jla_mock     0.31288   41.14337    0.18264   41.13858
jla_mock     0.30915   40.99888    0.22329   41.10853
jla_mock     0.20061   39.92474    0.15588   40.04377
jla_mock     0.32640   40.90331    0.20549   41.24480
jla_mock     0.21163   40.22764    0.13899   40.17351
jla_mock     0.17969   39.88885    0.15636   39.77821
jla_mock     0.30240   40.64059    0.19662   41.05329
jla_mock     0.10924   38.66168    0.14870   38.60268
jla_mock     0.08522   38.07109    0.15002   38.02892
jla_mock     0.20231   40.16925    0.16132   40.06421
jla_mock     0.12649   39.04905    0.15585   38.94515
jla_mock     0.21457   40.21231    0.16813   40.20706
jla_mock     0.32045   41.38318    0.19169   41.19856
jla_mock     0.21835   40.39786    0.17273   40.24959
jla_mock     0.19010   40.13699    0.15982   39.91374
jla_mock     0.09243   38.33448    0.15614   38.21577
jla_mock     0.37986   41.38600    0.18489   41.62856
jla_mock     0.21134   40.16253    0.16608   40.17017
jla_mock     0.25833   40.63343    0.18012   40.66198
jla_mock     0.18327   39.56898    0.16856   39.82563
jla_mock     0.21295   40.22109    0.17785   40.18862
jla_mock     0.11651   38.58084    0.15544   38.75281
jla_mock     0.14401   39.39191    0.17186   39.25071
jla_mock     0.25249   40.47712    0.18600   40.60557
jla_mock     0.25539   40.33507    0.21320   40.63373
jla_mock     0.21698   40.26831    0.18861   40.23425
jla_mock     1.26590   44.53809    0.22380   44.79699
jla_mock     0.93577   44.50169    0.22959   43.98915
jla_mock     0.04952   36.84499    0.20229   36.79644
jla_mock     0.03033   35.64456    0.18208   35.70157
jla_mock     0.07458   37.76267    0.21873   37.72360
jla_mock     0.02520   35.32283    0.22034   35.29123
jla_mock     0.01441   34.12556    0.20528   34.06048
jla_mock     0.02079   34.65361    0.19750   34.86681
jla_mock     0.03522   36.01113    0.20378   36.03412
jla_mock     0.04166   36.61347    0.21523   36.40883
jla_mock     0.04240   36.56224    0.20619   36.44838
jla_mock     0.01890   34.51652    0.18362   34.65682
jla_mock     0.07884   38.11132    0.21534   37.85056
jla_mock     0.06334   37.43927    0.20759   37.35224
jla_mock     0.02764   35.56760    0.23142   35.49574
jla_mock     0.04933   36.89651    0.21068   36.78762
jla_mock     0.07015   37.53467    0.22041   37.58415
jla_mock     0.02391   35.23269    0.18368   35.17514
jla_mock     0.05313   36.74295    0.22336   36.95466
jla_mock     0.02495   35.09475    0.18978   35.26944
jla_mock     0.01566   34.23380    0.20165   34.24356
jla_mock     0.04898   36.49032    0.15986   36.77203
jla_mock     0.02240   34.94688    0.18928   35.03106
jla_mock     0.03485   35.71110    0.23666   36.01099
jla_mock     0.01697   34.33322    0.20291   34.41905
jla_mock     0.03072   35.86245    0.18172   35.73037
jla_mock     0.03048   35.73575    0.18204   35.71303
jla_mock     0.01055   33.29740    0.21945   33.37697
jla_mock     0.01426   34.29715    0.17171   34.03675
jla_mock     0.02769   35.58396    0.18125   35.49983
jla_mock     0.05386   36.68953    0.15904   36.98558
jla_mock     0.01767   34.90751    0.19251   34.50873
jla_mock     0.01745   34.33888    0.17037   34.48092
jla_mock     0.01557   34.43178    0.20220   34.23076
jla_mock     0.01006   32.91792    0.23113   33.27290
jla_mock     0.05493   37.21537    0.18431   37.02998
jla_mock     0.03908   36.32599    0.16317   36.26630
jla_mock     0.07832   38.18364    0.18392   37.83534
jla_mock     0.03176   36.03120    0.15356   35.80452
jla_mock     0.01444   34.11578    0.22581   34.06489
jla_mock     0.01353   33.65880    0.22079   33.92255
jla_mock     0.02668   35.19780    0.19350   35.41745
jla_mock     0.02336   35.04419    0.17881   35.12382
jla_mock     0.03693   35.80806    0.19002   36.14013
jla_mock     0.02355   35.12563    0.17820   35.14190
jla_mock     0.01748   34.29356    0.19212   34.48507
jla_mock     0.04026   36.42480    0.17448   36.33252
jla_mock     0.03038   35.52021    0.20408   35.70566
jla_mock     0.01550   34.15481    0.20028   34.22101
jla_mock     0.01415   33.98431    0.18788   34.02052
jla_mock     0.01549   34.13163    0.18431   34.21860
jla_mock     0.01555   34.08958    0.19852   34.22808
jla_mock     0.03707   36.24843    0.15485   36.14862
jla_mock     0.01548   34.24083    0.20250   34.21789
jla_mock     0.01332   33.94781    0.18644   33.88842
jla_mock     0.01457   34.20856    0.20791   34.08532
jla_mock     0.01579   34.49154    0.19847   34.26130
jla_mock     0.02475   35.11923    0.17955   35.25120
jla_mock     0.02775   35.57078    0.17503   35.50463
jla_mock     0.01089   33.30120    0.25478   33.44601
jla_mock     0.01365   33.90049    0.18671   33.94176
jla_mock     0.03576   36.26940    0.16296   36.06783
jla_mock     0.02473   35.05694    0.17711   35.24932
jla_mock     0.03809   36.12691    0.17052   36.20863
jla_mock     0.02154   35.01972    0.17712   34.94487
jla_mock     0.01958   34.63046    0.17899   34.73456
jla_mock     0.03042   35.73245    0.17572   35.70822
jla_mock     0.03922   36.28273    0.17021   36.27406
jla_mock     0.03497   36.12505    0.15988   36.01845
jla_mock     0.02856   35.72374    0.17650   35.56863
jla_mock     0.02100   34.95051    0.18823   34.88845
jla_mock     0.03254   35.78228    0.18232   35.85802
jla_mock     0.01547   34.16200    0.19319   34.21604
jla_mock     0.01568   34.04108    0.20748   34.24552
jla_mock     0.02750   35.35682    0.15599   35.48465
jla_mock     0.04686   36.65634    0.17135   36.67229
jla_mock     0.03317   35.67268    0.18296   35.90099
jla_mock     0.01029   33.35923    0.23550   33.32258
jla_mock     0.08010   38.12488    0.17116   37.88694
jla_mock     0.01232   33.81160    0.20021   33.71613
jla_mock     0.02459   35.20324    0.20631   35.23686
jla_mock     0.01447   33.51001    0.20828   34.06899
jla_mock     0.01515   34.25153    0.18400   34.17085
jla_mock     0.02909   35.73849    0.17337   35.60902
jla_mock     0.03478   35.88704    0.17929   36.00632
jla_mock     0.04492   36.65018    0.14071   36.57766
jla_mock     0.03407   35.93537    0.16958   35.96061
jla_mock     0.07487   37.59842    0.14386   37.73249
jla_mock     0.01496   33.98237    0.19783   34.14256
jla_mock     0.02040   34.70864    0.17104   34.82442
jla_mock     0.04069   36.36974    0.17468   36.35626
jla_mock     0.02657   35.42948    0.18033   35.40830
jla_mock     0.02688   35.56360    0.15331   35.43431
jla_mock     0.02347   34.94139    0.17598   35.13429
jla_mock     0.06912   37.49275    0.19118   37.55045
jla_mock     0.06519   37.66766    0.15880   37.41747
jla_mock     0.02298   35.46867    0.17791   35.08760
jla_mock     0.01739   34.46968    0.19829   34.47296
jla_mock     0.03148   35.64565    0.15109   35.78492
jla_mock     0.01118   33.38937    0.19448   33.50474
jla_mock     0.02196   34.67959    0.17567   34.98697
jla_mock     0.03148   35.67907    0.15081   35.78485
jla_mock     0.02332   35.26634    0.20285   35.12013
jla_mock     0.02039   34.71934    0.18301   34.82377
jla_mock     0.02247   35.08586    0.18141   35.03765
jla_mock     0.03361   35.98077    0.18044   35.93037
jla_mock     0.03697   36.21460    0.17917   36.14224
jla_mock     0.02263   34.94171    0.18007   35.05361
jla_mock     0.01470   34.00922    0.18462   34.10407
jla_mock     0.03695   36.09462    0.14876   36.14109
jla_mock     0.06096   37.04113    0.12531   37.26526
jla_mock     0.05929   37.13038    0.12136   37.20241
jla_mock     0.06975   37.43906    0.15874   37.57107
jla_mock     0.02953   35.46145    0.17470   35.64232
jla_mock     0.03325   35.65155    0.17565   35.90649
jla_mock     0.02416   35.04241    0.18124   35.19813
jla_mock     0.01600   34.03937    0.19156   34.29005
jla_mock     0.06296   37.24363    0.16531   37.33846
jla_mock     0.02171   34.75355    0.19186   34.96170
jla_mock     0.03164   35.71691    0.18944   35.79569
jla_mock     0.01860   34.68173    0.17305   34.62124
jla_mock     0.02706   35.37829    0.17333   35.44934
jla_mock     0.02547   35.14648    0.18470   35.31480
jla_mock     0.02381   35.43058    0.19337   35.16597
jla_mock     0.02387   35.41628    0.18298   35.17126
jla_mock     0.02207   34.91029    0.16678   34.99820
