  jla_mock 0.503084 42.24273252 0.14571158 42.35104191
  jla_mock 0.580724 42.98233299 0.16122778 42.72544420
  jla_mock 0.494795 42.42345238 0.12070859 42.30792132
  jla_mock 0.345928 41.35031206 0.13253081 41.39127679
  jla_mock 0.677662 42.57954089 0.22871689 43.13159771
  jla_mock 0.610712 42.76087832 0.22548733 42.85755119
  jla_mock 0.866494 43.83294532 0.25803499 43.78399511
  jla_mock 0.330932 41.37598121 0.12801230 41.27949682
  jla_mock 0.798566 43.14119773 0.25919990 43.56669516
  jla_mock 0.449562 41.95157896 0.16139765 42.06004102
  jla_mock 0.371443 41.51192446 0.14921889 41.57158328
  jla_mock 0.291718 41.06834180 0.14231442 40.96351391
  jla_mock 0.355820 41.60673692 0.14101044 41.46259197
  jla_mock 0.461274 42.05869595 0.15587207 42.12637684
  jla_mock 0.283610 40.94212164 0.13055630 40.89332726
  jla_mock 0.632234 42.79327436 0.22182909 42.94863350
  jla_mock 0.466414 42.27661769 0.17243727 42.15499621
  jla_mock 0.268624 40.68680134 0.12820280 40.75859431
  jla_mock 0.946890 44.42799100 0.29224985 44.02068105
  jla_mock 0.924917 44.30597645 0.31213110 43.95800648
  jla_mock 0.693165 42.59110524 0.29243158 43.19137081
  jla_mock 0.625233 43.21086184 0.19088816 42.91933154
  jla_mock 0.896944 44.03806225 0.26745476 43.87607256
  jla_mock 0.608261 42.72524836 0.15987482 42.84698635
  jla_mock 0.789054 43.65656158 0.26932700 43.53484560
  jla_mock 0.578292 42.67725030 0.14637659 42.71444998
  jla_mock 0.590280 42.37791844 0.18966931 42.76822720
  jla_mock 0.719626 43.55493481 0.25305179 43.29050179
  jla_mock 0.210032 40.13670155 0.13132256 40.15508565
  jla_mock 0.766590 43.53946745 0.22576765 43.45813147
  jla_mock 0.858513 43.61990717 0.22289539 43.75933955
  jla_mock 0.367904 41.49792668 0.09931133 41.54726971
  jla_mock 0.558746 42.67943544 0.15678156 42.62447408
  jla_mock 0.848509 43.56267139 0.21739327 43.72811733
  jla_mock 0.996390 43.97173782 0.24266005 44.15678878
  jla_mock 0.776594 43.42486344 0.26449227 43.49255925
  jla_mock 0.582932 42.67221529 0.13306958 42.73538825
  jla_mock 0.583743 42.59847649 0.16752875 42.73903180
  jla_mock 0.796552 43.39044741 0.22887969 43.55998229
  jla_mock 0.588721 42.67984517 0.15579306 42.76129222
  jla_mock 0.913473 43.61455371 0.24294053 43.92478371
  jla_mock 0.768587 43.59298487 0.23905376 43.46503842
  jla_mock 0.948455 43.85829977 0.26528102 44.02509035
  jla_mock 0.513793 42.43102917 0.15287930 42.40577946
  jla_mock 0.733609 43.41291548 0.19294483 43.34148483
  jla_mock 0.637701 42.99600032 0.27010736 42.97130188
  jla_mock 0.765588 43.37195829 0.21113574 43.45465935
  jla_mock 0.434861 42.23781666 0.15772880 41.97446567
  jla_mock 0.983407 44.05068369 0.25879722 44.12174547
  jla_mock 0.583743 42.84752636 0.16232669 42.73903180
  jla_mock 0.700631 43.28005099 0.21687358 43.21970245
  jla_mock 0.662058 42.96631944 0.21294856 43.07010358
  jla_mock 0.838126 43.49026088 0.28077453 43.69533139
  jla_mock 0.621874 42.53349920 0.17546981 42.90516222
  jla_mock 0.370586 41.51303684 0.14291643 41.56571521
  jla_mock 0.416632 41.86358197 0.13815441 41.86454678
  jla_mock 0.358570 41.36293887 0.10704088 41.48209300
  jla_mock 0.451681 42.11395697 0.15278703 42.07216096
  jla_mock 0.522762 42.16041362 0.16112888 42.45080836
  jla_mock 0.733996 43.19286212 0.30408870 43.34288256
  jla_mock 0.701965 42.97388205 0.31176741 43.22473424
  jla_mock 0.742008 43.55261061 0.29013165 43.37166168
  jla_mock 0.746118 43.01707902 0.21822021 43.38630913
  jla_mock 0.349560 41.30598240 0.13472825 41.41767712
  jla_mock 0.591835 42.56764579 0.15357327 42.77512718
  jla_mock 0.514746 42.42121181 0.15561143 42.41059876
  jla_mock 0.620632 42.90395273 0.18447364 42.89990471
  jla_mock 0.643646 42.45329266 0.24392132 42.99574384
  jla_mock 1.002795 44.42649211 0.33216844 44.17391138
  jla_mock 0.470586 42.25886071 0.14420733 42.17801083
  jla_mock 0.610643 42.70615826 0.15877872 42.85725432
  jla_mock 0.263487 40.72801868 0.12804977 40.71081308
  jla_mock 0.358336 41.66569012 0.12918713 41.48043901
  jla_mock 0.742697 43.33193745 0.25908753 43.37412260
  jla_mock 0.451556 42.07960146 0.11538935 42.07144747
  jla_mock 0.910752 44.14307370 0.26164869 43.91682448
  jla_mock 0.552605 42.61256387 0.15821060 42.59559344
  jla_mock 0.337534 41.49857263 0.12813367 41.32927134
  jla_mock 0.750681 43.90954254 0.24281434 43.40248043
  jla_mock 0.983777 43.87596524 0.34665096 44.12275046
  jla_mock 0.822697 43.40974795 0.22175759 43.64587597
  jla_mock 0.813696 43.40952051 0.24256727 43.61660738
  jla_mock 0.950763 43.92956758 0.26472927 44.03158000
  jla_mock 0.817732 44.02564084 0.24643394 43.62976987
  jla_mock 0.340520 41.28979147 0.12574260 41.35148976
  jla_mock 0.960751 44.33529878 0.28766046 44.05948701
  jla_mock 0.810720 43.42007499 0.27275574 43.60686128
  jla_mock 0.756687 43.63967617 0.24755189 43.42362217
  jla_mock 0.611252 42.65907039 0.18572910 42.85987342
  jla_mock 0.877971 43.95257267 0.22378685 43.81906566
  jla_mock 0.548325 42.58640368 0.14258079 42.57528608
  jla_mock 0.809032 43.72290988 0.23222084 43.60131782
  jla_mock 1.028800 44.35199799 0.28337345 44.24233887
  jla_mock 0.627239 42.97601233 0.17555461 42.92775911
  jla_mock 0.422452 41.71828401 0.15606690 41.90011713
  jla_mock 0.933900 43.24595246 0.34999950 43.98380379
  jla_mock 0.701158 43.22716622 0.22740618 43.22169137
  jla_mock 0.697164 43.15552261 0.20952266 43.20658211
  jla_mock 0.685179 43.31821635 0.27044472 43.16074133
  jla_mock 0.767075 43.39197992 0.25233801 43.45981051
  jla_mock 0.931901 44.12161190 0.25136810 43.97808419
  jla_mock 0.863978 43.69857883 0.24510246 43.77624644
  jla_mock 0.749100 43.37022366 0.22590126 43.39688808
  jla_mock 0.514353 42.24681321 0.15357466 42.40861238
  jla_mock 0.468406 42.31089764 0.11440416 42.16600877
  jla_mock 0.470398 42.15494076 0.15654577 42.17697783
  jla_mock 0.958871 44.14879581 0.27681249 44.05425605
  jla_mock 0.927909 44.04602586 0.29724149 43.96662606
  jla_mock 0.840522 43.92233504 0.21913135 43.70293203
  jla_mock 0.630699 42.82880875 0.17083127 42.94223535
  jla_mock 0.562751 42.67927456 0.14440652 42.64314895
  jla_mock 0.615698 42.87322933 0.16969222 42.87891969
  jla_mock 0.828528 43.85872721 0.22446355 43.66467138
  jla_mock 0.564741 42.73614222 0.16042692 42.65238167
  jla_mock 0.578745 42.44118582 0.14758356 42.71650114
  jla_mock 0.557743 42.56512808 0.15831963 42.61977749
  jla_mock 0.864497 43.78673790 0.22870035 43.77784663
  jla_mock 0.735608 42.87526333 0.23468503 43.34869704
  jla_mock 0.858507 43.84390407 0.28336591 43.75932093
  jla_mock 0.261984 40.67081775 0.10443414 40.69667086
  jla_mock 0.585743 42.93285830 0.18660838 42.74799676
  jla_mock 0.761580 43.44269468 0.21598834 43.44072697
  jla_mock 0.488800 42.22929667 0.11155101 42.27631225
  jla_mock 0.858516 43.67012400 0.27431051 43.75934886
  jla_mock 0.688656 43.16098689 0.18053033 43.17411869
  jla_mock 0.558743 42.60084112 0.15491557 42.62446004
  jla_mock 0.324532 41.13640779 0.12601850 41.23036431
  jla_mock 0.480704 42.16461657 0.10839252 42.23304676
  jla_mock 0.185371 39.89319984 0.13095679 39.85305148
  jla_mock 0.922221 44.24754554 0.33854809 43.95021620
  jla_mock 0.681942 43.20454616 0.19640351 43.14822898
  jla_mock 0.475707 42.21944488 0.10811298 42.20600231
  jla_mock 0.922210 43.67807056 0.27644363 43.95018437
  jla_mock 0.893183 44.11671948 0.25783329 43.86486632
  jla_mock 0.428646 42.08873801 0.14143599 41.93747792
  jla_mock 0.631882 43.18245320 0.23474045 42.94716761
  jla_mock 0.699960 43.32203421 0.25834877 43.21716801
  jla_mock 0.736007 43.74698975 0.26468680 43.35013433
  jla_mock 0.575823 42.83046781 0.15953941 42.70324385
  jla_mock 0.418633 41.86148467 0.10651651 41.87682801
  jla_mock 0.511746 42.51036133 0.12000546 42.39539947
  jla_mock 0.535771 42.53854947 0.12653138 42.51485102
  jla_mock 0.641893 43.02209972 0.21547239 42.98855901
  jla_mock 0.734996 43.25417694 0.22720400 43.34649100
  jla_mock 0.351560 41.41700898 0.13079492 41.43210698
  jla_mock 0.609860 42.64383337 0.17401244 42.85388326
  jla_mock 0.349557 41.29037589 0.13436921 41.41765542
  jla_mock 0.701969 43.17697476 0.18819535 43.22474932
  jla_mock 0.355261 41.45479953 0.10427939 41.45861096
  jla_mock 0.983280 43.99155238 0.25756994 44.12140043
  jla_mock 0.872152 43.39196634 0.26597542 43.80134063
  jla_mock 0.759030 43.61675661 0.20819082 43.43182601
  jla_mock 0.926220 43.92429692 0.24599386 43.96176361
  jla_mock 0.643642 42.95620875 0.22846121 42.99572746
  jla_mock 0.419569 41.93651304 0.13772753 41.88255410
  jla_mock 0.515587 42.36370782 0.20313602 42.41484477
  jla_mock 0.890729 43.92578060 0.21057911 43.85752952
  jla_mock 0.805696 43.76355085 0.22987004 43.59032927
  jla_mock 0.480568 42.17970935 0.10874993 42.23231419
  jla_mock 0.800697 44.00773901 0.24546005 43.57378020
  jla_mock 0.580604 42.70310463 0.18881444 42.72490274
  jla_mock 0.715652 43.59315378 0.24396561 43.27583891
  jla_mock 0.805695 43.44751465 0.23276535 43.59032597
  jla_mock 0.766684 43.90347942 0.25283777 43.45845698
  jla_mock 0.664638 43.05031760 0.19578546 43.08036579
  jla_mock 0.901736 44.00533411 0.25190507 43.89028441
  jla_mock 0.745665 43.33895742 0.21142864 43.38469852
  jla_mock 0.718680 43.06500252 0.20380008 43.28701838
  jla_mock 0.736690 43.19255681 0.19636251 43.35259294
  jla_mock 0.579600 42.80017203 0.12084594 42.72036839
  jla_mock 0.370531 41.57649766 0.10256736 41.56533819
  jla_mock 0.960740 43.95759053 0.23956115 44.05945643
  jla_mock 0.850729 43.64951330 0.21179952 43.73507669
  jla_mock 0.648640 42.99409193 0.19254569 43.01611076
  jla_mock 0.219462 40.19936818 0.13036783 40.26196681
  jla_mock 0.936755 43.93405078 0.24129989 43.99195180
  jla_mock 0.647639 43.05843902 0.17876349 43.01204038
  jla_mock 0.461564 42.18917278 0.13341110 42.12799943
  jla_mock 0.600603 42.83923933 0.17945434 42.81371586
  jla_mock 0.670654 42.85661732 0.23100742 43.10414845
  jla_mock 0.760698 43.38388824 0.20946016 43.43765154
  jla_mock 0.246492 40.39218597 0.13212126 40.54637902
  jla_mock 0.470573 42.00913372 0.14759396 42.17793941
  jla_mock 0.169455 39.54488298 0.11209573 39.63766354
  jla_mock 0.497379 42.60082227 0.12912927 42.32143557
  jla_mock 0.638234 43.14331613 0.19688575 42.97350203
  jla_mock 0.507371 42.47599323 0.14542671 42.37308383
  jla_mock 0.535327 42.66535163 0.14229510 42.51268936
  jla_mock 0.587285 42.62824044 0.16639385 42.75488905
  jla_mock 0.773081 43.60210340 0.25620999 43.48051857
  jla_mock 0.699166 42.91906917 0.22210270 43.21416597
  jla_mock 0.370511 41.59930513 0.12736057 41.56520108
  jla_mock 0.761089 43.32859203 0.22808946 43.43901534
  jla_mock 0.699169 42.88230153 0.21959570 43.21417732
  jla_mock 0.788060 43.70313922 0.19242158 43.53149594
  jla_mock 0.373513 41.60225912 0.13202741 41.58570563
  jla_mock 0.405478 41.80729680 0.13198879 41.79507130
  jla_mock 0.852994 43.42918189 0.25729076 43.74215894
  jla_mock 0.808048 43.57252715 0.24185374 43.59808117
  jla_mock 0.603272 42.79590631 0.18397635 42.82535672
  jla_mock 0.583290 42.97747149 0.17902789 42.73699721
  jla_mock 0.534335 42.59577999 0.14774220 42.50785365
  jla_mock 0.720140 43.17345956 0.24070231 43.29239263
  jla_mock 0.400485 41.75170905 0.21060605 41.76339635
  jla_mock 0.837004 43.71182316 0.21502566 43.69176490
  jla_mock 0.371508 41.73838190 0.10193219 41.57202784
  jla_mock 0.806041 43.48319977 0.25907683 43.59146772
  jla_mock 0.840005 43.58676109 0.23506835 43.70129378
  jla_mock 0.500728 42.22269829 0.12981336 42.33885355
  jla_mock 0.532765 42.36455660 0.17422186 42.50018312
  jla_mock 0.533766 42.52170888 0.18215335 42.50507613
  jla_mock 0.932229 43.39478790 0.34152943 43.97902349
  jla_mock 0.822103 43.94407694 0.25790730 43.64395405
  jla_mock 0.553797 42.68632909 0.13544877 42.60122283
  jla_mock 0.125298 38.59602316 0.13709229 38.92293877
  jla_mock 0.842123 43.72423803 0.28302626 43.70799902
  jla_mock 0.443668 42.18408821 0.15186631 42.02604821
  jla_mock 0.727675 43.28054201 0.24978201 43.31996388
  jla_mock 0.683659 42.73712375 0.41253064 43.15487294
  jla_mock 0.442548 41.89185806 0.13367762 42.01954139
  jla_mock 0.726679 43.50696687 0.20021505 43.31633517
  jla_mock 0.282510 40.77825572 0.12747632 40.88366322
  jla_mock 0.404549 41.66066736 0.12965359 41.78920526
  jla_mock 0.519611 42.41849006 0.13964385 42.43507170
  jla_mock 0.690652 43.19597574 0.23214813 43.18176896
  jla_mock 1.060801 44.16934683 0.27869308 44.32423223
  jla_mock 0.576612 42.59070419 0.15376326 42.70682983
  jla_mock 0.268489 40.76097332 0.12614174 40.75734943
  jla_mock 0.720680 43.19176479 0.25106936 43.29437771
  jla_mock 0.250498 40.42614903 0.13111277 40.58605882
  jla_mock 0.760691 43.32983083 0.27664014 43.43762712
  jla_mock 0.698167 43.51273632 0.26129048 43.21038422
  jla_mock 0.550315 42.58713935 0.16854352 42.58474650
  jla_mock 0.730128 43.21581653 0.23524622 43.32888057
  jla_mock 0.847985 43.58317390 0.24702775 43.72647209
  jla_mock 0.997826 44.20043700 0.24705649 44.16063709
  jla_mock 0.435446 41.77126214 0.13052406 41.97792194
  jla_mock 0.409470 41.76014755 0.12922369 41.82013748
  jla_mock 0.301590 41.04178960 0.12598595 41.04658579
  jla_mock 1.299106 45.12385137 0.19340708 44.86622170
  jla_mock 1.020807 44.06897673 0.23668119 44.22149044
  jla_mock 0.839734 43.65051315 0.19264717 43.70043465
  jla_mock 1.120850 44.63019578 0.20807086 44.47149026
  jla_mock 1.230892 44.82417285 0.23900250 44.72198803
  jla_mock 0.974230 44.12260078 0.18427047 44.09669905
  jla_mock 0.970782 44.08200882 0.33863365 44.08722847
  jla_mock 0.064229 37.27073324 0.15072784 37.38367208
  jla_mock 0.129030 39.18157345 0.16416611 38.99181609
  jla_mock 0.102890 38.51144610 0.14983539 38.46361443
  jla_mock 0.044130 36.65053387 0.17359564 36.53790737
  jla_mock 0.113040 38.74719571 0.15276523 38.68228835
  jla_mock 0.256110 40.76008162 0.20496122 40.64067411
  jla_mock 0.380260 41.52579344 0.28702753 41.63124000
  jla_mock 0.145470 39.40672597 0.16218924 39.27457233
  jla_mock 0.088890 38.13153115 0.14636771 38.12583382
  jla_mock 0.260590 40.83774446 0.18294429 40.68348731
  jla_mock 0.078910 37.72790434 0.15602647 37.85259413
  jla_mock 0.083040 37.93038385 0.15331705 37.96945274
  jla_mock 0.165650 39.55876159 0.13854363 39.58339248
  jla_mock 0.168170 39.60880362 0.16196037 39.61946333
  jla_mock 0.170630 39.74370366 0.16520984 39.65419380
  jla_mock 0.170280 39.57199920 0.17035518 39.64928098
  jla_mock 0.120440 38.95700654 0.15109792 38.83033422
  jla_mock 0.276530 40.71757280 0.21443501 40.83051212
  jla_mock 0.231600 40.32229179 0.18253328 40.39346548
  jla_mock 0.305690 41.24530880 0.26735001 41.08035322
  jla_mock 0.079970 37.66644270 0.16566195 37.88313388
  jla_mock 0.174150 39.80926299 0.15831009 39.70308864
  jla_mock 0.138680 39.11715255 0.16604939 39.16160914
  jla_mock 0.146070 39.21083833 0.16391832 39.28431597
  jla_mock 0.081330 37.77692262 0.14393418 37.92175604
  jla_mock 0.233800 40.46044432 0.17178002 40.41661639
  jla_mock 0.256550 40.97302702 0.17733386 40.64490939
  jla_mock 0.245620 40.83969314 0.20041043 40.53766308
  jla_mock 0.125930 39.03991826 0.19132506 38.93473721
  jla_mock 0.223510 40.01413964 0.21582750 40.30655156
  jla_mock 0.102640 38.49315332 0.14663754 38.45797501
  jla_mock 0.119670 38.98873254 0.14566661 38.81533475
  jla_mock 0.180550 40.04968001 0.16851019 39.78968278
  jla_mock 0.197090 40.06134783 0.17389574 40.00093917
  jla_mock 0.229160 40.48186072 0.19939442 40.36755056
  jla_mock 0.264510 40.55066530 0.19876199 40.72039640
  jla_mock 0.103370 38.62690655 0.12264053 38.47440587
  jla_mock 0.364410 41.63032464 0.23042794 41.52305266
  jla_mock 0.205600 40.30798922 0.15584351 40.10331215
  jla_mock 0.179810 39.74993280 0.19620482 39.77981734
  jla_mock 0.199590 40.21025393 0.18224440 40.03143112
  jla_mock 0.156530 39.54092858 0.15012954 39.44843626
  jla_mock 0.161800 39.65737207 0.14760764 39.52728616
  jla_mock 0.209530 40.33484100 0.20608020 40.14927240
  jla_mock 0.241790 40.68340190 0.19813238 40.49904000
  jla_mock 0.236460 40.72193391 0.16266354 40.44434112
  jla_mock 0.226680 40.46407001 0.21050732 40.34094863
  jla_mock 0.296780 40.73680893 0.19716042 41.00642792
  jla_mock 0.208520 40.09416816 0.16317028 40.13753731
  jla_mock 0.251040 40.82235530 0.22085837 40.59138241
  jla_mock 0.250120 40.64696333 0.17967388 40.58233978
  jla_mock 0.117710 38.71237326 0.14551100 38.77674059
  jla_mock 0.219710 40.05175183 0.16999397 40.26472003
  jla_mock 0.149010 39.28986687 0.14890457 39.33152597
  jla_mock 0.287420 41.02574049 0.18840122 40.92653533
  jla_mock 0.143600 39.17131034 0.16639625 39.24396193
  jla_mock 0.328370 41.41127235 0.19601268 41.25993440
  jla_mock 0.246250 40.64341305 0.16506508 40.54396300
  jla_mock 0.119660 38.43314442 0.15026680 38.81513935
  jla_mock 0.328380 41.40612923 0.27642285 41.26001103
  jla_mock 0.215130 39.82850856 0.18366862 40.21340500
  jla_mock 0.144780 39.15009716 0.13616902 39.26332062
  jla_mock 0.132430 38.97434313 0.12839376 39.05295780
  jla_mock 0.210820 40.39980383 0.16235031 40.16418499
  jla_mock 0.203990 40.27824336 0.15780808 40.08424872
  jla_mock 0.279520 40.86143822 0.16701092 40.85721851
  jla_mock 0.044280 36.74331773 0.15509722 36.54550888
  jla_mock 0.180370 39.92111021 0.15078404 39.78728654
  jla_mock 0.260700 40.70284753 0.18972170 40.68452998
  jla_mock 0.056540 37.17851840 0.18696980 37.09512776
  jla_mock 0.212600 40.18479689 0.19194689 40.18462419
  jla_mock 0.369410 41.38210342 0.23700047 41.55764247
  jla_mock 0.173860 39.81013335 0.13051969 39.69909525
  jla_mock 0.142650 39.15485114 0.16862649 39.22826819
  jla_mock 0.177890 39.64562982 0.17323466 39.75404371
  jla_mock 0.328370 41.21878287 0.20656404 41.25993440
  jla_mock 0.253510 40.49573721 0.19560920 40.61550974
  jla_mock 0.300010 40.78965557 0.19320267 41.03346007
  jla_mock 0.105890 38.50233182 0.14607715 38.53029502
  jla_mock 0.223280 40.31206152 0.16843887 40.30403838
  jla_mock 0.118450 38.99357042 0.12252294 38.79138243
  jla_mock 0.176530 39.49353528 0.17118858 39.73563069
  jla_mock 0.182800 39.98980613 0.18906536 39.81945031
  jla_mock 0.297620 40.69799228 0.22708191 41.01348391
  jla_mock 0.196990 40.23112018 0.16336648 39.99971206
  jla_mock 0.152950 39.40520923 0.14755004 39.39344849
  jla_mock 0.248500 40.74691438 0.17447627 40.56634213
  jla_mock 0.138180 39.26759844 0.12408786 39.15308754
  jla_mock 0.207040 40.13287651 0.17044837 40.12024608
  jla_mock 0.214680 40.12566608 0.18059604 40.20830882
  jla_mock 0.306320 40.80222311 0.21502986 41.08550488
  jla_mock 0.246950 40.72344885 0.17120148 40.55094551
  jla_mock 0.198010 40.18960645 0.14489973 40.01220161
  jla_mock 0.222560 40.17925177 0.15195110 40.29615558
  jla_mock 0.135080 39.09155621 0.15130600 39.09960029
  jla_mock 0.210540 40.23416739 0.18260591 40.16095532
  jla_mock 0.272580 40.84151256 0.16910743 40.79482057
  jla_mock 0.246600 40.58923891 0.16168519 40.54745654
  jla_mock 0.220680 40.02073766 0.19428942 40.27546119
  jla_mock 0.274470 40.67933161 0.19147108 40.81195729
  jla_mock 0.176560 39.67777067 0.15540451 39.73603828
  jla_mock 0.310880 41.18313073 0.22015615 41.12250493
  jla_mock 0.184350 39.76974350 0.17307932 39.83975978
  jla_mock 0.159350 39.54192204 0.14827050 39.49093145
  jla_mock 0.219760 40.29098603 0.16604587 40.26527477
  jla_mock 0.252050 40.65972015 0.18410044 40.60127456
  jla_mock 0.181220 39.82042844 0.14940352 39.79858271
  jla_mock 0.173730 39.50208317 0.13336424 39.69730310
  jla_mock 0.380470 41.62542566 0.24246083 41.63264525
  jla_mock 0.178650 40.05475594 0.17172186 39.76427650
  jla_mock 0.245680 40.37697229 0.18910008 40.53826371
  jla_mock 0.209100 40.23640372 0.16102286 40.14428268
  jla_mock 0.249470 40.58824519 0.20970726 40.57593247
  jla_mock 0.133920 39.27786351 0.16606211 39.07928968
  jla_mock 0.177060 39.79782261 0.16039966 39.74282196
  jla_mock 0.281110 41.08683969 0.18775324 40.87131332
  jla_mock 0.173830 39.60620057 0.15186906 39.69868179
  jla_mock 0.196540 39.74766706 0.16513423 39.99418292
  jla_mock 0.363970 41.88527373 0.22724835 41.51998782
  jla_mock 0.378350 41.78934333 0.26733097 41.61842592
  jla_mock 0.316460 41.11004244 0.21038880 41.16710744
  jla_mock 0.183220 39.72000155 0.13519430 39.82496925
  jla_mock 0.241020 40.70654612 0.16773658 40.49120702
  jla_mock 0.202030 39.87241794 0.19953174 40.06085237
  jla_mock 0.168690 39.45974703 0.16511959 39.62684391
  jla_mock 0.197940 39.86819578 0.17492454 40.01134639
  jla_mock 0.122760 38.94623017 0.14574653 38.87498830
  jla_mock 0.203180 40.11431187 0.16105255 40.07460514
  jla_mock 0.127390 38.74479978 0.14895509 38.96178192
  jla_mock 0.275490 41.08822589 0.19972760 40.82116060
  jla_mock 0.144680 39.18945210 0.14721731 39.26168579
  jla_mock 0.334360 41.56703986 0.24977783 41.30545460
  jla_mock 0.195800 39.95932202 0.15392559 39.98506502
  jla_mock 0.193920 39.90384242 0.16374737 39.96175638
  jla_mock 0.249730 40.49595253 0.18580683 40.57849724
  jla_mock 0.148600 39.28640713 0.14879989 39.32499474
  jla_mock 0.155960 39.32572619 0.14872192 39.43976020
  jla_mock 0.095820 38.46939783 0.15034816 38.29888959
  jla_mock 0.150650 39.14757462 0.15872946 39.35748429
  jla_mock 0.309330 41.33201429 0.24715745 41.10998454
  jla_mock 0.248570 40.75437031 0.17340396 40.56703537
  jla_mock 0.365540 41.41754930 0.24311996 41.53090809
  jla_mock 0.117710 38.64039819 0.12847626 38.77674059
  jla_mock 0.191760 39.88092636 0.14428474 39.93471648
  jla_mock 0.182550 39.83890747 0.16171197 39.81615965
  jla_mock 0.234720 40.39458640 0.18444964 40.42623815
  jla_mock 0.246470 40.65059923 0.19927669 40.54615947
  jla_mock 0.288450 40.79275181 0.18873457 40.93544325
  jla_mock 0.209600 39.95679195 0.19927022 40.15008378
  jla_mock 0.191980 40.04426202 0.17965405 39.93748342
  jla_mock 0.114020 38.81807667 0.12215388 38.70241012
  jla_mock 0.113890 38.61172838 0.18397194 38.69975030
  jla_mock 0.198800 39.83229036 0.20967258 40.02183405
  jla_mock 0.220580 40.62260533 0.22796022 40.27435587
  jla_mock 0.182570 39.91719257 0.16453718 39.81642306
  jla_mock 0.158950 39.51028840 0.16372575 39.48494661
  jla_mock 0.078490 38.03071004 0.14911597 37.84038499
  jla_mock 0.138640 39.42196385 0.13217046 39.16092847
  jla_mock 0.180790 39.82268831 0.15445548 39.79287433
  jla_mock 0.177570 39.69444788 0.18629282 39.74972302
  jla_mock 0.170660 39.50251874 0.16102003 39.65461446
  jla_mock 0.233810 40.44732868 0.20858516 40.41672116
  jla_mock 0.071530 37.60091113 0.17410666 37.62841570
  jla_mock 0.154630 39.36344002 0.18791656 39.41940058
  jla_mock 0.090100 38.18934616 0.15950858 38.15695339
  jla_mock 0.176580 40.14160027 0.20448697 39.73630997
  jla_mock 0.130450 39.12292919 0.16440638 39.01753336
  jla_mock 0.182040 39.64679575 0.17166998 39.80943370
  jla_mock 0.256170 40.45970608 0.17261330 40.64125204
  jla_mock 0.138110 39.10922057 0.14854031 39.15189221
  jla_mock 0.170700 39.66444807 0.16749506 39.65517524
  jla_mock 0.216740 39.99888406 0.14793120 40.23155770
  jla_mock 0.245550 40.43212121 0.17887642 40.53696217
  jla_mock 0.143820 39.47036227 0.16709807 39.24758242
  jla_mock 0.248620 40.28203804 0.18856198 40.56753043
  jla_mock 0.145330 39.46541861 0.17138622 39.27229342
  jla_mock 0.135880 39.31152906 0.12760365 39.11351263
  jla_mock 0.058740 37.32731237 0.12754402 37.18137021
  jla_mock 0.036520 36.30718773 0.15191506 36.11499823
  jla_mock 0.277490 41.30959369 0.22703402 40.83911561
  jla_mock 0.205150 40.08319065 0.29701418 40.09799780
  jla_mock 0.280510 40.86381363 0.20078942 40.86600318
  jla_mock 0.198670 40.29243430 0.16215673 40.02025140
  jla_mock 0.159990 39.19646640 0.15164286 39.50047815
  jla_mock 0.210750 40.21817599 0.18113105 40.16337794
  jla_mock 0.071950 37.42489738 0.17245857 37.64175542
  jla_mock 0.237820 40.77770571 0.19074175 40.45840525
  jla_mock 0.141390 39.01606570 0.17359013 39.20730191
  jla_mock 0.155060 39.23905049 0.15760876 39.42600081
  jla_mock 0.370130 41.54227092 0.22886799 41.56258778
  jla_mock 0.093910 38.10377101 0.17056414 38.25241093
  jla_mock 0.118630 38.40899904 0.17057943 38.79493094
  jla_mock 0.153630 39.42945300 0.15381057 39.40398478
  jla_mock 0.253560 40.65462660 0.16809525 40.61599591
  jla_mock 0.107250 38.65921637 0.14420228 38.55993725
  jla_mock 0.129610 38.97134561 0.15302154 39.00235225
  jla_mock 0.266650 40.64371771 0.19376454 40.74033372
  jla_mock 0.212260 40.26109164 0.16262819 40.18073232
  jla_mock 0.278220 40.77702180 0.18167466 40.84563951
  jla_mock 0.245400 40.66215603 0.16811689 40.53545960
  jla_mock 0.133620 38.82672184 0.15059378 39.07401011
  jla_mock 0.176560 39.79422458 0.16208219 39.73603828
  jla_mock 0.113680 38.76012353 0.14584429 38.69544762
  jla_mock 0.320380 40.75953216 0.26368273 41.19801010
  jla_mock 0.112710 38.77923876 0.12253270 38.67547563
  jla_mock 0.106020 38.25087758 0.14472955 38.53314397
  jla_mock 0.391350 41.40420680 0.26610488 41.70448789
  jla_mock 0.155750 39.36728803 0.14611530 39.43655631
  jla_mock 0.186670 40.03012152 0.16762102 39.86986452
  jla_mock 0.196710 40.12631892 0.16669908 39.99627308
  jla_mock 0.191910 40.04740933 0.17339098 39.93660335
  jla_mock 0.190840 39.92641337 0.15087610 39.92311374
  jla_mock 0.176250 39.80493489 0.15361286 39.73182344
  jla_mock 0.128370 38.91646164 0.15035584 38.97977249
  jla_mock 0.122620 38.91032262 0.14734428 38.87231625
  jla_mock 0.127150 38.91201411 0.14706216 38.95735627
  jla_mock 0.213230 40.24443713 0.17620944 40.19182042
  jla_mock 0.218610 40.30286817 0.18110338 40.25248623
  jla_mock 0.268560 40.67215740 0.19152223 40.75800422
  jla_mock 0.204660 40.05347395 0.16518790 40.09219879
  jla_mock 0.267100 40.64492871 0.17377576 40.74450740
  jla_mock 0.217570 40.35121387 0.17264916 40.24086733
  jla_mock 0.241850 40.28450347 0.17151433 40.49964940
  jla_mock 0.293500 40.87554426 0.20071643 40.97869876
  jla_mock 0.353460 41.44247760 0.23113786 41.44574541
  jla_mock 0.185630 39.82437888 0.15494760 39.85641243
  jla_mock 0.285430 40.97411970 0.19928385 40.90924132
  jla_mock 0.194940 39.87211440 0.16836015 39.97442839
  jla_mock 0.075920 37.64674244 0.14499851 37.76428887
  jla_mock 0.163570 39.61306870 0.15777754 39.55323307
  jla_mock 0.257210 40.71868545 0.20821329 40.65124979
  jla_mock 0.219550 40.60657707 0.18725136 40.26294408
  jla_mock 0.175580 39.57784685 0.15163366 39.72269036
  jla_mock 0.226670 40.43973967 0.18608202 40.34084082
  jla_mock 0.153220 39.52730162 0.15082218 39.39763723
  jla_mock 0.210250 40.02928200 0.19550076 40.15760614
  jla_mock 0.121640 38.60893474 0.12361443 38.85353115
  jla_mock 0.291350 40.81584563 0.19904915 40.96036745
  jla_mock 0.294480 40.15745522 0.27859702 40.98701345
  jla_mock 0.164550 39.59338589 0.12599124 39.56748698
  jla_mock 0.307020 40.87693238 0.20906564 41.09121752
  jla_mock 0.198630 39.90587427 0.16157737 40.01976424
  jla_mock 0.268210 40.71142869 0.21539519 40.75477485
  jla_mock 0.401280 41.66912364 0.24823001 41.76846410
  jla_mock 0.136680 39.16194861 0.15334431 39.12734848
  jla_mock 0.295420 40.77216196 0.24720467 40.99496487
  jla_mock 0.291920 41.14727021 0.19219946 40.96523948
  jla_mock 0.090070 38.13608441 0.12096556 38.15618664
  jla_mock 0.205570 39.71465980 0.18292629 40.10295819
  jla_mock 0.145820 39.34285808 0.14934529 39.28026067
  jla_mock 0.117670 39.07570877 0.14486540 38.77594667
  jla_mock 0.054990 37.11622817 0.14997934 37.03239938
  jla_mock 0.174200 39.83197921 0.15142908 39.70377654
  jla_mock 0.244950 40.64747261 0.18020903 40.53094681
  jla_mock 0.224520 39.97558850 0.18249954 40.31755948
  jla_mock 0.245580 40.60075529 0.16228277 40.53726258
  jla_mock 0.283510 40.62018592 0.21250233 40.89245014
  jla_mock 0.180560 39.58592699 0.17619167 39.78981584
  jla_mock 0.103910 38.28765949 0.12352191 38.48648974
  jla_mock 0.129610 38.98298402 0.15326847 39.00235225
  jla_mock 0.243520 40.51631143 0.16045597 40.51655525
  jla_mock 0.331360 41.20730099 0.26935111 41.28275125
  jla_mock 0.243480 40.41550913 0.19048000 40.51615157
  jla_mock 0.314680 41.39463714 0.17577640 41.15295859
  jla_mock 0.218650 40.12840750 0.18935500 40.25293209
  jla_mock 0.260140 40.50002683 0.21925656 40.67921764
  jla_mock 0.282430 40.67779826 0.19830733 40.88295904
  jla_mock 0.300410 41.21263859 0.20581539 41.03678905
  jla_mock 0.151860 39.26928527 0.14864409 39.37646794
  jla_mock 0.263570 40.58241447 0.18936772 40.71159189
  jla_mock 0.213820 40.46389160 0.20621233 40.19854195
  jla_mock 0.162840 39.62518805 0.16761662 39.54256362
  jla_mock 0.124400 38.86176156 0.17140549 38.90607803
  jla_mock 0.194650 39.89164657 0.13938689 39.97083181
  jla_mock 0.205540 40.08491640 0.18299408 40.10260419
  jla_mock 0.106670 38.69489157 0.14588621 38.54733939
  jla_mock 0.187720 39.85669176 0.18724598 39.88337565
  jla_mock 0.163870 39.42751331 0.15682059 39.55760493
  jla_mock 0.290210 40.72942282 0.19470283 40.95059702
  jla_mock 0.094010 38.25473625 0.12497638 38.25486653
  jla_mock 0.227860 40.54392043 0.18009820 40.35363931
  jla_mock 0.107510 38.53299398 0.14764565 38.56556368
  jla_mock 0.310650 41.29147988 0.22259423 41.12065070
  jla_mock 0.145640 39.17180989 0.15575872 39.27733684
  jla_mock 0.087840 38.24992905 0.12609586 38.09850103
  jla_mock 0.148390 39.42828180 0.15572534 39.32164294
  jla_mock 0.286620 40.97808935 0.19365541 40.91959626
  jla_mock 0.122810 38.76148584 0.13329108 38.87594191
  jla_mock 0.186550 40.19640703 0.20280242 39.86831590
  jla_mock 0.128930 38.96682456 0.15503539 38.98999503
  jla_mock 0.194220 40.18319293 0.16863568 39.96548983
  jla_mock 0.148000 39.41424815 0.14676099 39.31540643
  jla_mock 0.211790 40.29652191 0.22866165 40.17534289
  jla_mock 0.179620 39.80886764 0.17351314 39.77727823
  jla_mock 0.263490 40.45686350 0.18130204 40.71084123
  jla_mock 0.192150 39.99234831 0.15956887 39.93961949
  jla_mock 0.338800 41.10979870 0.22987627 41.33871350
  jla_mock 0.117410 38.70985588 0.14766783 38.77078001
  jla_mock 0.143100 39.09174756 0.16841647 39.23571421
  jla_mock 0.160350 39.34939504 0.13218212 39.50583255
  jla_mock 0.288720 41.13786553 0.21129560 40.93777350
  jla_mock 0.123030 38.65049183 0.15464992 38.88013347
  jla_mock 0.264050 40.71691132 0.18533646 40.71609141
  jla_mock 0.126080 39.38376884 0.17182656 38.93752932
  jla_mock 0.173740 39.66675676 0.14981160 39.69744100
  jla_mock 0.164400 39.58783633 0.14972618 39.56531039
  jla_mock 0.249610 40.50936678 0.16242204 40.57731380
  jla_mock 0.159990 39.62862426 0.15136580 39.50047815
  jla_mock 0.244480 40.51877591 0.15150476 40.52622528
  jla_mock 0.248510 40.98483101 0.17707716 40.56644117
  jla_mock 0.228930 40.44575693 0.16847625 40.36509465
  jla_mock 0.085280 37.97538401 0.14384543 38.03053562
  jla_mock 0.062818 37.28908383 0.14854713 37.33330552
  jla_mock 0.277450 40.68695087 0.23370164 40.83875768
  jla_mock 0.275440 40.86730319 0.21508178 40.82071019
  jla_mock 0.330510 41.41000548 0.21087893 41.27628421
  jla_mock 0.361930 41.62275338 0.24565378 41.50573334
  jla_mock 0.331030 41.21899204 0.21800830 41.28024234
  jla_mock 0.160500 39.55221992 0.12714994 39.50806025
  jla_mock 0.300210 40.87823957 0.20430208 41.03512507
  jla_mock 0.116350 38.77810431 0.12231010 38.74960383
  jla_mock 0.218290 40.21050834 0.16062208 40.24891663
  jla_mock 0.119670 38.76173472 0.12046332 38.81533475
  jla_mock 0.154730 39.56964703 0.12395445 39.42093704
  jla_mock 0.178100 39.82057680 0.16562813 39.75687524
  jla_mock 0.250370 40.57104181 0.16560962 40.58480004
  jla_mock 0.251740 40.60888278 0.14466362 40.59824225
  jla_mock 0.129530 38.88876240 0.14518911 39.00090162
  jla_mock 0.309290 41.28044744 0.18810950 41.10966066
  jla_mock 0.278520 40.80843465 0.17881943 40.84831601
  jla_mock 0.185810 39.80218352 0.13605911 39.85874567
  jla_mock 0.066510 37.53355793 0.17228058 37.46288716
  jla_mock 0.258000 40.78564460 0.18756945 40.65881939
  jla_mock 0.298880 41.36080196 0.21609463 41.02403360
  jla_mock 0.270440 40.75574213 0.22437165 40.77528452
  jla_mock 0.279160 40.95745284 0.17183675 40.85401700
  jla_mock 0.292870 40.82567947 0.21554431 40.97334010
  jla_mock 0.189650 40.01378770 0.15711153 39.90802874
  jla_mock 0.265760 40.69323895 0.19291042 40.73205999
  jla_mock 0.123760 38.99023529 0.14509081 38.89399154
  jla_mock 0.182550 39.97445196 0.14971699 39.81615965
  jla_mock 0.056340 36.76325385 0.14895035 37.08712772
  jla_mock 0.312880 41.10222877 0.18264477 41.13857562
  jla_mock 0.309150 41.18653860 0.22328713 41.10852682
  jla_mock 0.200610 39.78189974 0.15587566 40.04377042
  jla_mock 0.326400 41.44865141 0.20549386 41.24479642
  jla_mock 0.211630 40.17331082 0.13899445 40.17350567
  jla_mock 0.179690 39.89933268 0.15636245 39.77821398
  jla_mock 0.302400 41.18385724 0.19662226 41.05329027
  jla_mock 0.109240 38.57275153 0.14870399 38.60267717
  jla_mock 0.085220 38.10500669 0.15002378 38.02891950
  jla_mock 0.202310 40.15686090 0.16131988 40.06420752
  jla_mock 0.126490 38.80862072 0.15584855 38.94514516
  jla_mock 0.214570 40.16028749 0.16812914 40.20706159
  jla_mock 0.320450 41.20140371 0.19168742 41.19855877
  jla_mock 0.218350 40.16084344 0.17273249 40.24958630
  jla_mock 0.190100 39.70999946 0.15982384 39.91374343
  jla_mock 0.092430 37.90117191 0.15614025 38.21577494
  jla_mock 0.379860 41.76543797 0.18489314 41.62856135
  jla_mock 0.211340 40.28832709 0.16607978 40.17017243
  jla_mock 0.258330 40.23750062 0.18011571 40.66197505
  jla_mock 0.183270 39.83930728 0.16855779 39.82562548
  jla_mock 0.212950 40.30420779 0.17784935 40.18862452
  jla_mock 0.116510 38.55713957 0.15544019 38.75281185
  jla_mock 0.144010 39.31182885 0.17185674 39.25070505
  jla_mock 0.252490 40.51896030 0.18599877 40.60557260
  jla_mock 0.255390 40.39425765 0.21319916 40.63372916
  jla_mock 0.216980 40.28048848 0.18860575 40.23425302
  jla_mock 1.265901 44.43138457 0.22380442 44.79698974
  jla_mock 0.935774 44.11600988 0.22958872 43.98915483
  jla_mock 0.049519 36.73304660 0.20228994 36.79643881
  jla_mock 0.030325 35.77309403 0.18207848 35.70156680
  jla_mock 0.074579 37.34969386 0.21872943 37.72359936
  jla_mock 0.025198 35.18321782 0.22034080 35.29122886
  jla_mock 0.014411 34.21816067 0.20528439 34.06048197
  jla_mock 0.020792 35.03009638 0.19750056 34.86681304
  jla_mock 0.035218 35.77819021 0.20378488 36.03411951
  jla_mock 0.041657 36.37469324 0.21523275 36.40882742
  jla_mock 0.042400 36.21056044 0.20618664 36.44837502
  jla_mock 0.018902 34.67748544 0.18361956 34.65682456
  jla_mock 0.078840 37.46064436 0.21534076 37.85056359
  jla_mock 0.063345 37.58014115 0.20758765 37.35224323
  jla_mock 0.027637 35.60483788 0.23141589 35.49574473
  jla_mock 0.049325 36.83672704 0.21068097 36.78761579
  jla_mock 0.070153 37.41030978 0.22041411 37.58414793
  jla_mock 0.023909 35.11243089 0.18367797 35.17514301
  jla_mock 0.053126 36.80608435 0.22335947 36.95466158
  jla_mock 0.024951 35.32898175 0.18978288 35.26944337
  jla_mock 0.015664 34.09230983 0.20165316 34.24355971
  jla_mock 0.048984 36.92611556 0.15985830 36.77202553
  jla_mock 0.022399 35.00493777 0.18927946 35.03105780
  jla_mock 0.034854 36.10415493 0.23666209 36.01098585
  jla_mock 0.016966 34.55562415 0.20291443 34.41905369
  jla_mock 0.030721 35.85629027 0.18171781 35.73036747
  jla_mock 0.030482 35.87412834 0.18203752 35.71302906
  jla_mock 0.010550 32.95019092 0.21945028 33.37697498
  jla_mock 0.014256 34.26065293 0.17170736 34.03674778
  jla_mock 0.027688 35.34472568 0.18124529 35.49982939
  jla_mock 0.053860 36.97407053 0.15903793 36.98558282
  jla_mock 0.017672 34.70479805 0.19251135 34.50872719
  jla_mock 0.017450 34.59477284 0.17037052 34.48091679
  jla_mock 0.015573 34.26089008 0.20219934 34.23076011
  jla_mock 0.010060 32.67083643 0.23112569 33.27290010
  jla_mock 0.054931 36.83885304 0.18431298 37.02997807
  jla_mock 0.039083 36.27226232 0.16317419 36.26630443
  jla_mock 0.078317 37.85458505 0.18391968 37.83533784
  jla_mock 0.031764 35.85660367 0.15356487 35.80451887
  jla_mock 0.014440 34.27821310 0.22581465 34.06489449
  jla_mock 0.013533 34.16734757 0.22079334 33.92255325
  jla_mock 0.026677 35.15154448 0.19349962 35.41744509
  jla_mock 0.023360 35.11582872 0.17880596 35.12382045
  jla_mock 0.036934 36.10780937 0.19001518 36.14012659
  jla_mock 0.023552 34.90021727 0.17819828 35.14190296
  jla_mock 0.017483 34.68331250 0.19211831 34.48507280
  jla_mock 0.040259 36.57503492 0.17447686 36.33251957
  jla_mock 0.030381 35.49201279 0.20408145 35.70566190
  jla_mock 0.015504 34.51601123 0.20027602 34.22100552
  jla_mock 0.014151 33.86162052 0.18788306 34.02052423
  jla_mock 0.015487 34.22802113 0.18431337 34.21859562
  jla_mock 0.015554 34.40069369 0.19852180 34.22807833
  jla_mock 0.037075 36.29668255 0.15485493 36.14862211
  jla_mock 0.015482 34.35404117 0.20249750 34.21788633
  jla_mock 0.013324 33.77430457 0.18643777 33.88841558
  jla_mock 0.014575 34.14781913 0.20791179 34.08532079
  jla_mock 0.015791 34.26399310 0.19846605 34.26130051
  jla_mock 0.024746 35.05691922 0.17954713 35.25120075
  jla_mock 0.027748 35.52113260 0.17503344 35.50462544
  jla_mock 0.010888 33.63364894 0.25477943 33.44600638
  jla_mock 0.013652 34.07254860 0.18670962 33.94175799
  jla_mock 0.035755 35.95826097 0.16295663 36.06782528
  jla_mock 0.024725 35.18976490 0.17710562 35.24932362
  jla_mock 0.038086 36.39342732 0.17051564 36.20862960
  jla_mock 0.021541 35.03806367 0.17711857 34.94486566
  jla_mock 0.019581 34.61586842 0.17898631 34.73455541
  jla_mock 0.030416 35.71908561 0.17571774 35.70821759
  jla_mock 0.039219 36.21899864 0.17021381 36.27406046
  jla_mock 0.034971 35.85598475 0.15987848 36.01844730
  jla_mock 0.028561 35.57624640 0.17650121 35.56862791
  jla_mock 0.020997 34.82025872 0.18822756 34.88844780
  jla_mock 0.032538 35.75882589 0.18232286 35.85802163
  jla_mock 0.015469 34.66017090 0.19318910 34.21604112
  jla_mock 0.015678 34.15441973 0.20747940 34.24552235
  jla_mock 0.027499 35.19819870 0.15598630 35.48465493
  jla_mock 0.046856 36.68770513 0.17134850 36.67229170
  jla_mock 0.033173 36.00481708 0.18295753 35.90099459
  jla_mock 0.010291 33.51156944 0.23549671 33.32257649
  jla_mock 0.080103 38.08419753 0.17116407 37.88693845
  jla_mock 0.012317 33.70201267 0.20020781 33.71612539
  jla_mock 0.024586 35.07656121 0.20631378 35.23685912
  jla_mock 0.014467 34.07193747 0.20827809 34.06899482
  jla_mock 0.015154 34.19172049 0.18399751 34.17085499
  jla_mock 0.029086 35.67623051 0.17337203 35.60901553
  jla_mock 0.034781 36.28505419 0.17928903 36.00631801
  jla_mock 0.044920 36.60605335 0.14070569 36.57766347
  jla_mock 0.034074 35.87671523 0.16958177 35.96060864
  jla_mock 0.074870 37.87957949 0.14386215 37.73248819
  jla_mock 0.014960 34.17151105 0.19782876 34.14256149
  jla_mock 0.020396 34.36664431 0.17103812 34.82441926
  jla_mock 0.040689 36.41522074 0.17468105 36.35626161
  jla_mock 0.026567 35.31370787 0.18033141 35.40829726
  jla_mock 0.026881 35.59813380 0.15330990 35.43431258
  jla_mock 0.023471 34.81626361 0.17597781 35.13429215
  jla_mock 0.069122 37.42736156 0.19117659 37.55045468
  jla_mock 0.065193 37.37067153 0.15879632 37.41747470
  jla_mock 0.022980 35.00156800 0.17790505 35.08759706
  jla_mock 0.017387 34.49062982 0.19829162 34.47296098
  jla_mock 0.031485 35.90099711 0.15108749 35.78491972
  jla_mock 0.011184 33.04393350 0.19447979 33.50473574
  jla_mock 0.021956 34.98094759 0.17567209 34.98696935
  jla_mock 0.031484 36.07765367 0.15080691 35.78484917
  jla_mock 0.023321 35.44685372 0.20285194 35.12012958
  jla_mock 0.020390 34.59311701 0.18300723 34.82377071
  jla_mock 0.022466 34.86370517 0.18140785 35.03765097
  jla_mock 0.033614 36.09858793 0.18044129 35.93036816
  jla_mock 0.036969 36.24995854 0.17916902 36.14223835
  jla_mock 0.022629 35.45561666 0.18007478 35.05361062
  jla_mock 0.014700 33.95786755 0.18462322 34.10406779
  jla_mock 0.036950 36.00038891 0.14876338 36.14109221
  jla_mock 0.060959 37.33569795 0.12531329 37.26525946
  jla_mock 0.059289 37.44493827 0.12135718 37.20240586
  jla_mock 0.069751 37.62187929 0.15873536 37.57106733
  jla_mock 0.029526 35.52064203 0.17470465 35.64231764
  jla_mock 0.033255 35.68581109 0.17565362 35.90648512
  jla_mock 0.024159 35.30106232 0.18124182 35.19813107
  jla_mock 0.015999 34.60528205 0.19155982 34.29005387
  jla_mock 0.062961 37.27543946 0.16530929 37.33845928
  jla_mock 0.021706 34.91083608 0.19186355 34.96170055
  jla_mock 0.031638 35.52399425 0.18943844 35.79568859
  jla_mock 0.018599 34.48017432 0.17304818 34.62124460
  jla_mock 0.027064 35.05121827 0.17332763 35.44933715
  jla_mock 0.025468 35.42149395 0.18469991 35.31480424
  jla_mock 0.023810 35.09011881 0.19336693 35.16597435
  jla_mock 0.023867 35.17759162 0.18298494 35.17125784
  jla_mock 0.022068 35.19954029 0.16678206 34.99819802
