  jla_mock 0.503084 42.10686744 0.14571158 42.35104191
  jla_mock 0.580724 42.52271417 0.16122778 42.72544420
  jla_mock 0.494795 42.19862610 0.12070859 42.30792132
  jla_mock 0.345928 41.16424534 0.13253081 41.39127679
  jla_mock 0.677662 43.26109859 0.22871689 43.13159771
  jla_mock 0.610712 42.90070979 0.22548733 42.85755119
  jla_mock 0.866494 44.08961963 0.25803499 43.78399511
  jla_mock 0.330932 41.23098884 0.12801230 41.27949682
  jla_mock 0.798566 43.59182482 0.25919990 43.56669516
  jla_mock 0.449562 42.10843320 0.16139765 42.06004102
  jla_mock 0.371443 41.32732066 0.14921889 41.57158328
  jla_mock 0.291718 40.92153783 0.14231442 40.96351391
  jla_mock 0.355820 41.01946728 0.14101044 41.46259197
  jla_mock 0.461274 41.98153523 0.15587207 42.12637684
  jla_mock 0.283610 40.73295281 0.13055630 40.89332726
  jla_mock 0.632234 43.04974304 0.22182909 42.94863350
  jla_mock 0.466414 42.26073791 0.17243727 42.15499621
  jla_mock 0.268624 40.53518607 0.12820280 40.75859431
  jla_mock 0.946890 44.25894907 0.29224985 44.02068105
  jla_mock 0.924917 44.11844140 0.31213110 43.95800648
  jla_mock 0.693165 43.06722593 0.29243158 43.19137081
  jla_mock 0.625233 42.90681617 0.19088816 42.91933154
  jla_mock 0.896944 43.84379299 0.26745476 43.87607256
  jla_mock 0.608261 42.93059334 0.15987482 42.84698635
  jla_mock 0.789054 43.39047007 0.26932700 43.53484560
  jla_mock 0.578292 42.37469809 0.14637659 42.71444998
  jla_mock 0.590280 42.78224501 0.18966931 42.76822720
  jla_mock 0.719626 43.81269166 0.25305179 43.29050179
  jla_mock 0.210032 40.15050134 0.13132256 40.15508565
  jla_mock 0.766590 42.87488065 0.22576765 43.45813147
  jla_mock 0.858513 43.62534561 0.22289539 43.75933955
  jla_mock 0.367904 41.63763492 0.09931133 41.54726971
  jla_mock 0.558746 42.75557226 0.15678156 42.62447408
  jla_mock 0.848509 43.79265516 0.21739327 43.72811733
  jla_mock 0.996390 44.40516764 0.24266005 44.15678878
  jla_mock 0.776594 43.49872308 0.26449227 43.49255925
  jla_mock 0.582932 42.55292234 0.13306958 42.73538825
  jla_mock 0.583743 42.63782703 0.16752875 42.73903180
  jla_mock 0.796552 43.40607177 0.22887969 43.55998229
  jla_mock 0.588721 42.81798542 0.15579306 42.76129222
  jla_mock 0.913473 44.02931100 0.24294053 43.92478371
  jla_mock 0.768587 43.78815591 0.23905376 43.46503842
  jla_mock 0.948455 43.96605815 0.26528102 44.02509035
  jla_mock 0.513793 42.40035497 0.15287930 42.40577946
  jla_mock 0.733609 43.25769711 0.19294483 43.34148483
  jla_mock 0.637701 42.53562851 0.27010736 42.97130188
  jla_mock 0.765588 43.56601130 0.21113574 43.45465935
  jla_mock 0.434861 41.91008292 0.15772880 41.97446567
  jla_mock 0.983407 44.66612753 0.25879722 44.12174547
  jla_mock 0.583743 42.49652754 0.16232669 42.73903180
  jla_mock 0.700631 43.32172470 0.21687358 43.21970245
  jla_mock 0.662058 43.62621157 0.21294856 43.07010358
  jla_mock 0.838126 43.35365758 0.28077453 43.69533139
  jla_mock 0.621874 42.91334059 0.17546981 42.90516222
  jla_mock 0.370586 41.09279335 0.14291643 41.56571521
  jla_mock 0.416632 41.72235458 0.13815441 41.86454678
  jla_mock 0.358570 41.63431161 0.10704088 41.48209300
  jla_mock 0.451681 41.98444542 0.15278703 42.07216096
  jla_mock 0.522762 42.34744604 0.16112888 42.45080836
  jla_mock 0.733996 43.52164318 0.30408870 43.34288256
  jla_mock 0.701965 42.92386167 0.31176741 43.22473424
  jla_mock 0.742008 43.00377288 0.29013165 43.37166168
  jla_mock 0.746118 43.38293950 0.21822021 43.38630913
  jla_mock 0.349560 41.54830583 0.13472825 41.41767712
  jla_mock 0.591835 42.56352682 0.15357327 42.77512718
  jla_mock 0.514746 42.30500428 0.15561143 42.41059876
  jla_mock 0.620632 42.97816088 0.18447364 42.89990471
  jla_mock 0.643646 43.23944447 0.24392132 42.99574384
  jla_mock 1.002795 44.49717706 0.33216844 44.17391138
  jla_mock 0.470586 42.35750185 0.14420733 42.17801083
  jla_mock 0.610643 43.03161109 0.15877872 42.85725432
  jla_mock 0.263487 40.64253166 0.12804977 40.71081308
  jla_mock 0.358336 41.44888750 0.12918713 41.48043901
  jla_mock 0.742697 43.21406745 0.25908753 43.37412260
  jla_mock 0.451556 42.08500575 0.11538935 42.07144747
  jla_mock 0.910752 44.38040462 0.26164869 43.91682448
  jla_mock 0.552605 42.32960078 0.15821060 42.59559344
  jla_mock 0.337534 41.24720431 0.12813367 41.32927134
  jla_mock 0.750681 43.43730853 0.24281434 43.40248043
  jla_mock 0.983777 43.85266262 0.34665096 44.12275046
  jla_mock 0.822697 43.71071946 0.22175759 43.64587597
  jla_mock 0.813696 43.63860084 0.24256727 43.61660738
  jla_mock 0.950763 43.94989613 0.26472927 44.03158000
  jla_mock 0.817732 43.29164649 0.24643394 43.62976987
  jla_mock 0.340520 41.26165040 0.12574260 41.35148976
  jla_mock 0.960751 44.21006445 0.28766046 44.05948701
  jla_mock 0.810720 43.86037921 0.27275574 43.60686128
  jla_mock 0.756687 43.56274042 0.24755189 43.42362217
  jla_mock 0.611252 42.89806848 0.18572910 42.85987342
  jla_mock 0.877971 43.92885031 0.22378685 43.81906566
  jla_mock 0.548325 42.32668145 0.14258079 42.57528608
  jla_mock 0.809032 43.64113265 0.23222084 43.60131782
  jla_mock 1.028800 44.29767528 0.28337345 44.24233887
  jla_mock 0.627239 43.02285777 0.17555461 42.92775911
  jla_mock 0.422452 41.77584026 0.15606690 41.90011713
  jla_mock 0.933900 44.32106781 0.34999950 43.98380379
  jla_mock 0.701158 43.11760223 0.22740618 43.22169137
  jla_mock 0.697164 43.27522069 0.20952266 43.20658211
  jla_mock 0.685179 43.01123967 0.27044472 43.16074133
  jla_mock 0.767075 43.28107675 0.25233801 43.45981051
  jla_mock 0.931901 43.93539384 0.25136810 43.97808419
  jla_mock 0.863978 43.48056888 0.24510246 43.77624644
  jla_mock 0.749100 43.39972275 0.22590126 43.39688808
  jla_mock 0.514353 42.27683444 0.15357466 42.40861238
  jla_mock 0.468406 42.22697831 0.11440416 42.16600877
  jla_mock 0.470398 42.19292020 0.15654577 42.17697783
  jla_mock 0.958871 44.24776888 0.27681249 44.05425605
  jla_mock 0.927909 44.35490279 0.29724149 43.96662606
  jla_mock 0.840522 43.55141840 0.21913135 43.70293203
  jla_mock 0.630699 43.09945722 0.17083127 42.94223535
  jla_mock 0.562751 42.71685209 0.14440652 42.64314895
  jla_mock 0.615698 42.52335001 0.16969222 42.87891969
  jla_mock 0.828528 43.63491536 0.22446355 43.66467138
  jla_mock 0.564741 42.33001538 0.16042692 42.65238167
  jla_mock 0.578745 42.74695970 0.14758356 42.71650114
  jla_mock 0.557743 42.87483069 0.15831963 42.61977749
  jla_mock 0.864497 43.60959518 0.22870035 43.77784663
  jla_mock 0.735608 43.60826174 0.23468503 43.34869704
  jla_mock 0.858507 43.87738740 0.28336591 43.75932093
  jla_mock 0.261984 40.63376234 0.10443414 40.69667086
  jla_mock 0.585743 42.63373585 0.18660838 42.74799676
  jla_mock 0.761580 43.78040573 0.21598834 43.44072697
  jla_mock 0.488800 42.45676254 0.11155101 42.27631225
  jla_mock 0.858516 43.88488329 0.27431051 43.75934886
  jla_mock 0.688656 43.14796764 0.18053033 43.17411869
  jla_mock 0.558743 42.74404007 0.15491557 42.62446004
  jla_mock 0.324532 41.04164084 0.12601850 41.23036431
  jla_mock 0.480704 42.26680405 0.10839252 42.23304676
  jla_mock 0.185371 39.73585222 0.13095679 39.85305148
  jla_mock 0.922221 44.63271182 0.33854809 43.95021620
  jla_mock 0.681942 43.46360116 0.19640351 43.14822898
  jla_mock 0.475707 42.44849556 0.10811298 42.20600231
  jla_mock 0.922210 43.65716715 0.27644363 43.95018437
  jla_mock 0.893183 44.23452880 0.25783329 43.86486632
  jla_mock 0.428646 41.96488676 0.14143599 41.93747792
  jla_mock 0.631882 43.13726358 0.23474045 42.94716761
  jla_mock 0.699960 43.65593435 0.25834877 43.21716801
  jla_mock 0.736007 43.31836589 0.26468680 43.35013433
  jla_mock 0.575823 42.66246873 0.15953941 42.70324385
  jla_mock 0.418633 41.74944778 0.10651651 41.87682801
  jla_mock 0.511746 42.30627670 0.12000546 42.39539947
  jla_mock 0.535771 42.33719721 0.12653138 42.51485102
  jla_mock 0.641893 43.02489223 0.21547239 42.98855901
  jla_mock 0.734996 43.52142589 0.22720400 43.34649100
  jla_mock 0.351560 41.35603914 0.13079492 41.43210698
  jla_mock 0.609860 42.87099896 0.17401244 42.85388326
  jla_mock 0.349557 41.19157605 0.13436921 41.41765542
  jla_mock 0.701969 43.42697083 0.18819535 43.22474932
  jla_mock 0.355261 41.52485385 0.10427939 41.45861096
  jla_mock 0.983280 44.18541638 0.25756994 44.12140043
  jla_mock 0.872152 43.45125827 0.26597542 43.80134063
  jla_mock 0.759030 43.68581485 0.20819082 43.43182601
  jla_mock 0.926220 44.11768031 0.24599386 43.96176361
  jla_mock 0.643642 42.89352251 0.22846121 42.99572746
  jla_mock 0.419569 41.84341389 0.13772753 41.88255410
  jla_mock 0.515587 42.43317307 0.20313602 42.41484477
  jla_mock 0.890729 43.64627185 0.21057911 43.85752952
  jla_mock 0.805696 43.48756850 0.22987004 43.59032927
  jla_mock 0.480568 42.14394217 0.10874993 42.23231419
  jla_mock 0.800697 43.43318317 0.24546005 43.57378020
  jla_mock 0.580604 42.72202463 0.18881444 42.72490274
  jla_mock 0.715652 42.89046168 0.24396561 43.27583891
  jla_mock 0.805695 43.76765306 0.23276535 43.59032597
  jla_mock 0.766684 43.54545307 0.25283777 43.45845698
  jla_mock 0.664638 43.13376482 0.19578546 43.08036579
  jla_mock 0.901736 43.56255583 0.25190507 43.89028441
  jla_mock 0.745665 42.97186065 0.21142864 43.38469852
  jla_mock 0.718680 43.06358541 0.20380008 43.28701838
  jla_mock 0.736690 43.23376432 0.19636251 43.35259294
  jla_mock 0.579600 42.81384416 0.12084594 42.72036839
  jla_mock 0.370531 41.49128837 0.10256736 41.56533819
  jla_mock 0.960740 44.46699962 0.23956115 44.05945643
  jla_mock 0.850729 43.59697726 0.21179952 43.73507669
  jla_mock 0.648640 42.79911042 0.19254569 43.01611076
  jla_mock 0.219462 40.12232080 0.13036783 40.26196681
  jla_mock 0.936755 44.50927416 0.24129989 43.99195180
  jla_mock 0.647639 42.98320432 0.17876349 43.01204038
  jla_mock 0.461564 41.83461020 0.13341110 42.12799943
  jla_mock 0.600603 42.65840357 0.17945434 42.81371586
  jla_mock 0.670654 42.67072198 0.23100742 43.10414845
  jla_mock 0.760698 43.40252702 0.20946016 43.43765154
  jla_mock 0.246492 40.52931411 0.13212126 40.54637902
  jla_mock 0.470573 42.02525436 0.14759396 42.17793941
  jla_mock 0.169455 39.70789852 0.11209573 39.63766354
  jla_mock 0.497379 42.42907209 0.12912927 42.32143557
  jla_mock 0.638234 42.83499580 0.19688575 42.97350203
  jla_mock 0.507371 42.36480949 0.14542671 42.37308383
  jla_mock 0.535327 42.37420398 0.14229510 42.51268936
  jla_mock 0.587285 42.74737982 0.16639385 42.75488905
  jla_mock 0.773081 43.48896844 0.25620999 43.48051857
  jla_mock 0.699166 43.51292587 0.22210270 43.21416597
  jla_mock 0.370511 41.38324735 0.12736057 41.56520108
  jla_mock 0.761089 43.76322399 0.22808946 43.43901534
  jla_mock 0.699169 43.14604111 0.21959570 43.21417732
  jla_mock 0.788060 43.80072132 0.19242158 43.53149594
  jla_mock 0.373513 41.70248879 0.13202741 41.58570563
  jla_mock 0.405478 41.79145489 0.13198879 41.79507130
  jla_mock 0.852994 44.11672037 0.25729076 43.74215894
  jla_mock 0.808048 43.63609973 0.24185374 43.59808117
  jla_mock 0.603272 42.93473421 0.18397635 42.82535672
  jla_mock 0.583290 42.53369354 0.17902789 42.73699721
  jla_mock 0.534335 42.66825768 0.14774220 42.50785365
  jla_mock 0.720140 43.44588044 0.24070231 43.29239263
  jla_mock 0.400485 41.42150567 0.21060605 41.76339635
  jla_mock 0.837004 44.18550417 0.21502566 43.69176490
  jla_mock 0.371508 41.70992851 0.10193219 41.57202784
  jla_mock 0.806041 44.34220647 0.25907683 43.59146772
  jla_mock 0.840005 43.58742515 0.23506835 43.70129378
  jla_mock 0.500728 42.31675153 0.12981336 42.33885355
  jla_mock 0.532765 42.34717971 0.17422186 42.50018312
  jla_mock 0.533766 42.51935524 0.18215335 42.50507613
  jla_mock 0.932229 43.73902948 0.34152943 43.97902349
  jla_mock 0.822103 43.60501300 0.25790730 43.64395405
  jla_mock 0.553797 42.62838156 0.13544877 42.60122283
  jla_mock 0.125298 38.67680046 0.13709229 38.92293877
  jla_mock 0.842123 43.40068062 0.28302626 43.70799902
  jla_mock 0.443668 41.98019535 0.15186631 42.02604821
  jla_mock 0.727675 43.43098731 0.24978201 43.31996388
  jla_mock 0.683659 43.42616353 0.41253064 43.15487294
  jla_mock 0.442548 41.84589805 0.13367762 42.01954139
  jla_mock 0.726679 43.22309887 0.20021505 43.31633517
  jla_mock 0.282510 40.87090193 0.12747632 40.88366322
  jla_mock 0.404549 41.75454117 0.12965359 41.78920526
  jla_mock 0.519611 42.39395714 0.13964385 42.43507170
  jla_mock 0.690652 43.49431533 0.23214813 43.18176896
  jla_mock 1.060801 44.01326499 0.27869308 44.32423223
  jla_mock 0.576612 42.70292120 0.15376326 42.70682983
  jla_mock 0.268489 40.66600602 0.12614174 40.75734943
  jla_mock 0.720680 43.23046424 0.25106936 43.29437771
  jla_mock 0.250498 40.44715958 0.13111277 40.58605882
  jla_mock 0.760691 43.06287213 0.27664014 43.43762712
  jla_mock 0.698167 43.20547100 0.26129048 43.21038422
  jla_mock 0.550315 42.40839526 0.16854352 42.58474650
  jla_mock 0.730128 43.30172503 0.23524622 43.32888057
  jla_mock 0.847985 44.16400979 0.24702775 43.72647209
  jla_mock 0.997826 44.05371882 0.24705649 44.16063709
  jla_mock 0.435446 41.78967075 0.13052406 41.97792194
  jla_mock 0.409470 41.84509984 0.12922369 41.82013748
  jla_mock 0.301590 41.09509728 0.12598595 41.04658579
  jla_mock 1.299106 44.59997791 0.19340708 44.86622170
  jla_mock 1.020807 44.05973356 0.23668119 44.22149044
  jla_mock 0.839734 43.41137461 0.19264717 43.70043465
  jla_mock 1.120850 44.33024422 0.20807086 44.47149026
  jla_mock 1.230892 44.41306799 0.23900250 44.72198803
  jla_mock 0.974230 44.01053457 0.18427047 44.09669905
  jla_mock 0.970782 43.86953659 0.33863365 44.08722847
  jla_mock 0.064229 37.25272803 0.15072784 37.38367208
  jla_mock 0.129030 39.16563799 0.16416611 38.99181609
  jla_mock 0.102890 38.50287421 0.14983539 38.46361443
  jla_mock 0.044130 36.36939984 0.17359564 36.53790737
  jla_mock 0.113040 38.93127183 0.15276523 38.68228835
  jla_mock 0.256110 40.42509177 0.20496122 40.64067411
  jla_mock 0.380260 41.20349953 0.28702753 41.63124000
  jla_mock 0.145470 39.10462562 0.16218924 39.27457233
  jla_mock 0.088890 38.24107557 0.14636771 38.12583382
  jla_mock 0.260590 40.51076712 0.18294429 40.68348731
  jla_mock 0.078910 37.69232757 0.15602647 37.85259413
  jla_mock 0.083040 38.01145283 0.15331705 37.96945274
  jla_mock 0.165650 39.63010730 0.13854363 39.58339248
  jla_mock 0.168170 39.52703850 0.16196037 39.61946333
  jla_mock 0.170630 39.68123499 0.16520984 39.65419380
  jla_mock 0.170280 39.38664652 0.17035518 39.64928098
  jla_mock 0.120440 38.54376688 0.15109792 38.83033422
  jla_mock 0.276530 40.82487613 0.21443501 40.83051212
  jla_mock 0.231600 40.38263197 0.18253328 40.39346548
  jla_mock 0.305690 40.81326668 0.26735001 41.08035322
  jla_mock 0.079970 37.91593732 0.16566195 37.88313388
  jla_mock 0.174150 39.47874671 0.15831009 39.70308864
  jla_mock 0.138680 39.03650526 0.16604939 39.16160914
  jla_mock 0.146070 39.20694381 0.16391832 39.28431597
  jla_mock 0.081330 37.84925303 0.14393418 37.92175604
  jla_mock 0.233800 40.38864035 0.17178002 40.41661639
  jla_mock 0.256550 40.67791466 0.17733386 40.64490939
  jla_mock 0.245620 40.58039709 0.20041043 40.53766308
  jla_mock 0.125930 38.82881438 0.19132506 38.93473721
  jla_mock 0.223510 40.36767598 0.21582750 40.30655156
  jla_mock 0.102640 38.22044150 0.14663754 38.45797501
  jla_mock 0.119670 38.62845364 0.14566661 38.81533475
  jla_mock 0.180550 39.66507594 0.16851019 39.78968278
  jla_mock 0.197090 40.14508706 0.17389574 40.00093917
  jla_mock 0.229160 40.18052839 0.19939442 40.36755056
  jla_mock 0.264510 40.90408335 0.19876199 40.72039640
  jla_mock 0.103370 38.50376686 0.12264053 38.47440587
  jla_mock 0.364410 41.34510595 0.23042794 41.52305266
  jla_mock 0.205600 40.05078477 0.15584351 40.10331215
  jla_mock 0.179810 39.61168574 0.19620482 39.77981734
  jla_mock 0.199590 39.98820551 0.18224440 40.03143112
  jla_mock 0.156530 39.23776847 0.15012954 39.44843626
  jla_mock 0.161800 39.70516356 0.14760764 39.52728616
  jla_mock 0.209530 40.15010375 0.20608020 40.14927240
  jla_mock 0.241790 40.43650759 0.19813238 40.49904000
  jla_mock 0.236460 40.21861882 0.16266354 40.44434112
  jla_mock 0.226680 40.10488561 0.21050732 40.34094863
  jla_mock 0.296780 41.11467576 0.19716042 41.00642792
  jla_mock 0.208520 40.20743962 0.16317028 40.13753731
  jla_mock 0.251040 40.54233166 0.22085837 40.59138241
  jla_mock 0.250120 40.32977512 0.17967388 40.58233978
  jla_mock 0.117710 38.69030390 0.14551100 38.77674059
  jla_mock 0.219710 40.31430799 0.16999397 40.26472003
  jla_mock 0.149010 39.39496112 0.14890457 39.33152597
  jla_mock 0.287420 41.04119931 0.18840122 40.92653533
  jla_mock 0.143600 39.08639720 0.16639625 39.24396193
  jla_mock 0.328370 41.51868580 0.19601268 41.25993440
  jla_mock 0.246250 40.49495804 0.16506508 40.54396300
  jla_mock 0.119660 38.67833337 0.15026680 38.81513935
  jla_mock 0.328380 40.61090865 0.27642285 41.26001103
  jla_mock 0.215130 40.15289066 0.18366862 40.21340500
  jla_mock 0.144780 39.29652145 0.13616902 39.26332062
  jla_mock 0.132430 39.07114686 0.12839376 39.05295780
  jla_mock 0.210820 40.09470832 0.16235031 40.16418499
  jla_mock 0.203990 40.11498631 0.15780808 40.08424872
  jla_mock 0.279520 40.95538988 0.16701092 40.85721851
  jla_mock 0.044280 36.64314646 0.15509722 36.54550888
  jla_mock 0.180370 39.54692806 0.15078404 39.78728654
  jla_mock 0.260700 40.36951847 0.18972170 40.68452998
  jla_mock 0.056540 37.02199633 0.18696980 37.09512776
  jla_mock 0.212600 40.05294970 0.19194689 40.18462419
  jla_mock 0.369410 41.62666867 0.23700047 41.55764247
  jla_mock 0.173860 39.80215771 0.13051969 39.69909525
  jla_mock 0.142650 39.15768960 0.16862649 39.22826819
  jla_mock 0.177890 39.47159836 0.17323466 39.75404371
  jla_mock 0.328370 40.85488329 0.20656404 41.25993440
  jla_mock 0.253510 40.56157299 0.19560920 40.61550974
  jla_mock 0.300010 40.75078197 0.19320267 41.03346007
  jla_mock 0.105890 38.49205584 0.14607715 38.53029502
  jla_mock 0.223280 40.21290437 0.16843887 40.30403838
  jla_mock 0.118450 38.99595760 0.12252294 38.79138243
  jla_mock 0.176530 39.70944948 0.17118858 39.73563069
  jla_mock 0.182800 39.81646661 0.18906536 39.81945031
  jla_mock 0.297620 41.03201630 0.22708191 41.01348391
  jla_mock 0.196990 39.67050125 0.16336648 39.99971206
  jla_mock 0.152950 39.31551503 0.14755004 39.39344849
  jla_mock 0.248500 40.46989577 0.17447627 40.56634213
  jla_mock 0.138180 39.16397366 0.12408786 39.15308754
  jla_mock 0.207040 40.34721425 0.17044837 40.12024608
  jla_mock 0.214680 40.12708354 0.18059604 40.20830882
  jla_mock 0.306320 40.89187954 0.21502986 41.08550488
  jla_mock 0.246950 40.64726375 0.17120148 40.55094551
  jla_mock 0.198010 39.93671229 0.14489973 40.01220161
  jla_mock 0.222560 40.16680096 0.15195110 40.29615558
  jla_mock 0.135080 39.01810240 0.15130600 39.09960029
  jla_mock 0.210540 40.31472011 0.18260591 40.16095532
  jla_mock 0.272580 40.71302221 0.16910743 40.79482057
  jla_mock 0.246600 40.36425663 0.16168519 40.54745654
  jla_mock 0.220680 40.17602735 0.19428942 40.27546119
  jla_mock 0.274470 40.60472729 0.19147108 40.81195729
  jla_mock 0.176560 39.70913190 0.15540451 39.73603828
  jla_mock 0.310880 41.09532842 0.22015615 41.12250493
  jla_mock 0.184350 39.64506064 0.17307932 39.83975978
  jla_mock 0.159350 39.53573521 0.14827050 39.49093145
  jla_mock 0.219760 40.21592149 0.16604587 40.26527477
  jla_mock 0.252050 40.68500365 0.18410044 40.60127456
  jla_mock 0.181220 39.75456158 0.14940352 39.79858271
  jla_mock 0.173730 39.51475562 0.13336424 39.69730310
  jla_mock 0.380470 41.44765793 0.24246083 41.63264525
  jla_mock 0.178650 39.69504449 0.17172186 39.76427650
  jla_mock 0.245680 39.94686817 0.18910008 40.53826371
  jla_mock 0.209100 40.28523975 0.16102286 40.14428268
  jla_mock 0.249470 40.66167254 0.20970726 40.57593247
  jla_mock 0.133920 38.85261710 0.16606211 39.07928968
  jla_mock 0.177060 39.69936307 0.16039966 39.74282196
  jla_mock 0.281110 40.83759650 0.18775324 40.87131332
  jla_mock 0.173830 39.61636724 0.15186906 39.69868179
  jla_mock 0.196540 40.28930210 0.16513423 39.99418292
  jla_mock 0.363970 41.16476948 0.22724835 41.51998782
  jla_mock 0.378350 41.39438853 0.26733097 41.61842592
  jla_mock 0.316460 41.11316603 0.21038880 41.16710744
  jla_mock 0.183220 39.92339061 0.13519430 39.82496925
  jla_mock 0.241020 40.51947549 0.16773658 40.49120702
  jla_mock 0.202030 39.81345216 0.19953174 40.06085237
  jla_mock 0.168690 39.55406144 0.16511959 39.62684391
  jla_mock 0.197940 39.90057691 0.17492454 40.01134639
  jla_mock 0.122760 38.88501116 0.14574653 38.87498830
  jla_mock 0.203180 40.05391857 0.16105255 40.07460514
  jla_mock 0.127390 38.86763518 0.14895509 38.96178192
  jla_mock 0.275490 40.73799696 0.19972760 40.82116060
  jla_mock 0.144680 39.10223745 0.14721731 39.26168579
  jla_mock 0.334360 41.20061837 0.24977783 41.30545460
  jla_mock 0.195800 39.95663012 0.15392559 39.98506502
  jla_mock 0.193920 39.93345150 0.16374737 39.96175638
  jla_mock 0.249730 40.67967513 0.18580683 40.57849724
  jla_mock 0.148600 38.88021487 0.14879989 39.32499474
  jla_mock 0.155960 39.22212097 0.14872192 39.43976020
  jla_mock 0.095820 38.47028400 0.15034816 38.29888959
  jla_mock 0.150650 39.08270707 0.15872946 39.35748429
  jla_mock 0.309330 40.84579603 0.24715745 41.10998454
  jla_mock 0.248570 40.33349604 0.17340396 40.56703537
  jla_mock 0.365540 41.71447989 0.24311996 41.53090809
  jla_mock 0.117710 38.90014840 0.12847626 38.77674059
  jla_mock 0.191760 40.03697998 0.14428474 39.93471648
  jla_mock 0.182550 39.79733540 0.16171197 39.81615965
  jla_mock 0.234720 40.28665866 0.18444964 40.42623815
  jla_mock 0.246470 40.56149334 0.19927669 40.54615947
  jla_mock 0.288450 40.90947305 0.18873457 40.93544325
  jla_mock 0.209600 40.19878121 0.19927022 40.15008378
  jla_mock 0.191980 39.85129557 0.17965405 39.93748342
  jla_mock 0.114020 38.66733366 0.12215388 38.70241012
  jla_mock 0.113890 38.65768934 0.18397194 38.69975030
  jla_mock 0.198800 40.53406342 0.20967258 40.02183405
  jla_mock 0.220580 39.95195639 0.22796022 40.27435587
  jla_mock 0.182570 39.51114980 0.16453718 39.81642306
  jla_mock 0.158950 39.41770291 0.16372575 39.48494661
  jla_mock 0.078490 37.58677404 0.14911597 37.84038499
  jla_mock 0.138640 39.05477715 0.13217046 39.16092847
  jla_mock 0.180790 39.92184071 0.15445548 39.79287433
  jla_mock 0.177570 39.77331807 0.18629282 39.74972302
  jla_mock 0.170660 39.51648486 0.16102003 39.65461446
  jla_mock 0.233810 40.40789283 0.20858516 40.41672116
  jla_mock 0.071530 37.62991234 0.17410666 37.62841570
  jla_mock 0.154630 39.39657453 0.18791656 39.41940058
  jla_mock 0.090100 38.05090412 0.15950858 38.15695339
  jla_mock 0.176580 39.82505081 0.20448697 39.73630997
  jla_mock 0.130450 38.94607936 0.16440638 39.01753336
  jla_mock 0.182040 39.72847363 0.17166998 39.80943370
  jla_mock 0.256170 41.02423807 0.17261330 40.64125204
  jla_mock 0.138110 39.04103363 0.14854031 39.15189221
  jla_mock 0.170700 39.40976650 0.16749506 39.65517524
  jla_mock 0.216740 40.41027327 0.14793120 40.23155770
  jla_mock 0.245550 40.60346157 0.17887642 40.53696217
  jla_mock 0.143820 39.05104024 0.16709807 39.24758242
  jla_mock 0.248620 40.31793404 0.18856198 40.56753043
  jla_mock 0.145330 39.38264297 0.17138622 39.27229342
  jla_mock 0.135880 39.29893091 0.12760365 39.11351263
  jla_mock 0.058740 37.19186998 0.12754402 37.18137021
  jla_mock 0.036520 35.95312692 0.15191506 36.11499823
  jla_mock 0.277490 41.17353425 0.22703402 40.83911561
  jla_mock 0.205150 40.59286104 0.29701418 40.09799780
  jla_mock 0.280510 40.69791550 0.20078942 40.86600318
  jla_mock 0.198670 40.28504790 0.16215673 40.02025140
  jla_mock 0.159990 39.60504991 0.15164286 39.50047815
  jla_mock 0.210750 39.98148123 0.18113105 40.16337794
  jla_mock 0.071950 37.60659688 0.17245857 37.64175542
  jla_mock 0.237820 40.35534649 0.19074175 40.45840525
  jla_mock 0.141390 39.14383537 0.17359013 39.20730191
  jla_mock 0.155060 39.39201951 0.15760876 39.42600081
  jla_mock 0.370130 41.58822149 0.22886799 41.56258778
  jla_mock 0.093910 38.01499512 0.17056414 38.25241093
  jla_mock 0.118630 38.78021008 0.17057943 38.79493094
  jla_mock 0.153630 39.34321705 0.15381057 39.40398478
  jla_mock 0.253560 40.59501307 0.16809525 40.61599591
  jla_mock 0.107250 38.46801967 0.14420228 38.55993725
  jla_mock 0.129610 39.01924349 0.15302154 39.00235225
  jla_mock 0.266650 40.59268756 0.19376454 40.74033372
  jla_mock 0.212260 40.05077574 0.16262819 40.18073232
  jla_mock 0.278220 40.39536125 0.18167466 40.84563951
  jla_mock 0.245400 40.59249529 0.16811689 40.53545960
  jla_mock 0.133620 39.02361337 0.15059378 39.07401011
  jla_mock 0.176560 39.72536631 0.16208219 39.73603828
  jla_mock 0.113680 38.67076772 0.14584429 38.69544762
  jla_mock 0.320380 41.27518665 0.26368273 41.19801010
  jla_mock 0.112710 38.78236856 0.12253270 38.67547563
  jla_mock 0.106020 38.39696235 0.14472955 38.53314397
  jla_mock 0.391350 41.66887990 0.26610488 41.70448789
  jla_mock 0.155750 39.27825341 0.14611530 39.43655631
  jla_mock 0.186670 39.83543768 0.16762102 39.86986452
  jla_mock 0.196710 39.68791743 0.16669908 39.99627308
  jla_mock 0.191910 39.90003997 0.17339098 39.93660335
  jla_mock 0.190840 39.50949402 0.15087610 39.92311374
  jla_mock 0.176250 39.64293441 0.15361286 39.73182344
  jla_mock 0.128370 39.02052300 0.15035584 38.97977249
  jla_mock 0.122620 39.00700506 0.14734428 38.87231625
  jla_mock 0.127150 38.97704513 0.14706216 38.95735627
  jla_mock 0.213230 40.37840154 0.17620944 40.19182042
  jla_mock 0.218610 40.08352912 0.18110338 40.25248623
  jla_mock 0.268560 41.01831366 0.19152223 40.75800422
  jla_mock 0.204660 40.12087306 0.16518790 40.09219879
  jla_mock 0.267100 40.66009941 0.17377576 40.74450740
  jla_mock 0.217570 40.12924555 0.17264916 40.24086733
  jla_mock 0.241850 40.58942085 0.17151433 40.49964940
  jla_mock 0.293500 41.06443583 0.20071643 40.97869876
  jla_mock 0.353460 41.24037856 0.23113786 41.44574541
  jla_mock 0.185630 39.68055197 0.15494760 39.85641243
  jla_mock 0.285430 41.00962196 0.19928385 40.90924132
  jla_mock 0.194940 40.08812398 0.16836015 39.97442839
  jla_mock 0.075920 37.66920193 0.14499851 37.76428887
  jla_mock 0.163570 39.47524962 0.15777754 39.55323307
  jla_mock 0.257210 40.59501320 0.20821329 40.65124979
  jla_mock 0.219550 39.69692811 0.18725136 40.26294408
  jla_mock 0.175580 39.67847493 0.15163366 39.72269036
  jla_mock 0.226670 40.30269978 0.18608202 40.34084082
  jla_mock 0.153220 39.32059437 0.15082218 39.39763723
  jla_mock 0.210250 40.11143244 0.19550076 40.15760614
  jla_mock 0.121640 38.70187715 0.12361443 38.85353115
  jla_mock 0.291350 41.07418165 0.19904915 40.96036745
  jla_mock 0.294480 40.88481418 0.27859702 40.98701345
  jla_mock 0.164550 39.35773225 0.12599124 39.56748698
  jla_mock 0.307020 41.12146366 0.20906564 41.09121752
  jla_mock 0.198630 39.97961771 0.16157737 40.01976424
  jla_mock 0.268210 40.71138644 0.21539519 40.75477485
  jla_mock 0.401280 41.54421835 0.24823001 41.76846410
  jla_mock 0.136680 39.08602266 0.15334431 39.12734848
  jla_mock 0.295420 40.68988742 0.24720467 40.99496487
  jla_mock 0.291920 40.82675108 0.19219946 40.96523948
  jla_mock 0.090070 38.12407181 0.12096556 38.15618664
  jla_mock 0.205570 40.28492871 0.18292629 40.10295819
  jla_mock 0.145820 39.20414249 0.14934529 39.28026067
  jla_mock 0.117670 38.65692163 0.14486540 38.77594667
  jla_mock 0.054990 37.07054733 0.14997934 37.03239938
  jla_mock 0.174200 39.62946754 0.15142908 39.70377654
  jla_mock 0.244950 40.43404756 0.18020903 40.53094681
  jla_mock 0.224520 40.10972421 0.18249954 40.31755948
  jla_mock 0.245580 40.59311411 0.16228277 40.53726258
  jla_mock 0.283510 40.54086334 0.21250233 40.89245014
  jla_mock 0.180560 39.53231399 0.17619167 39.78981584
  jla_mock 0.103910 38.45330557 0.12352191 38.48648974
  jla_mock 0.129610 39.05363131 0.15326847 39.00235225
  jla_mock 0.243520 40.28880699 0.16045597 40.51655525
  jla_mock 0.331360 41.17732195 0.26935111 41.28275125
  jla_mock 0.243480 40.54683955 0.19048000 40.51615157
  jla_mock 0.314680 41.15989608 0.17577640 41.15295859
  jla_mock 0.218650 40.30693814 0.18935500 40.25293209
  jla_mock 0.260140 40.47752465 0.21925656 40.67921764
  jla_mock 0.282430 40.68557143 0.19830733 40.88295904
  jla_mock 0.300410 40.98303975 0.20581539 41.03678905
  jla_mock 0.151860 39.11036520 0.14864409 39.37646794
  jla_mock 0.263570 40.43354402 0.18936772 40.71159189
  jla_mock 0.213820 40.23730964 0.20621233 40.19854195
  jla_mock 0.162840 39.66187241 0.16761662 39.54256362
  jla_mock 0.124400 38.84816453 0.17140549 38.90607803
  jla_mock 0.194650 39.78268595 0.13938689 39.97083181
  jla_mock 0.205540 40.06872787 0.18299408 40.10260419
  jla_mock 0.106670 38.59056437 0.14588621 38.54733939
  jla_mock 0.187720 39.77232524 0.18724598 39.88337565
  jla_mock 0.163870 39.34518691 0.15682059 39.55760493
  jla_mock 0.290210 41.08533203 0.19470283 40.95059702
  jla_mock 0.094010 38.06531575 0.12497638 38.25486653
  jla_mock 0.227860 40.30491682 0.18009820 40.35363931
  jla_mock 0.107510 38.26189151 0.14764565 38.56556368
  jla_mock 0.310650 40.79327476 0.22259423 41.12065070
  jla_mock 0.145640 39.22644267 0.15575872 39.27733684
  jla_mock 0.087840 37.97948381 0.12609586 38.09850103
  jla_mock 0.148390 39.41398558 0.15572534 39.32164294
  jla_mock 0.286620 40.72547616 0.19365541 40.91959626
  jla_mock 0.122810 38.55717487 0.13329108 38.87594191
  jla_mock 0.186550 39.78281379 0.20280242 39.86831590
  jla_mock 0.128930 38.89853410 0.15503539 38.98999503
  jla_mock 0.194220 39.75286898 0.16863568 39.96548983
  jla_mock 0.148000 39.27639687 0.14676099 39.31540643
  jla_mock 0.211790 40.08122000 0.22866165 40.17534289
  jla_mock 0.179620 39.77705526 0.17351314 39.77727823
  jla_mock 0.263490 40.53470548 0.18130204 40.71084123
  jla_mock 0.192150 39.65064219 0.15956887 39.93961949
  jla_mock 0.338800 41.31514100 0.22987627 41.33871350
  jla_mock 0.117410 38.60938330 0.14766783 38.77078001
  jla_mock 0.143100 39.23564173 0.16841647 39.23571421
  jla_mock 0.160350 39.44099923 0.13218212 39.50583255
  jla_mock 0.288720 41.05694717 0.21129560 40.93777350
  jla_mock 0.123030 38.79866198 0.15464992 38.88013347
  jla_mock 0.264050 40.70419045 0.18533646 40.71609141
  jla_mock 0.126080 38.95043614 0.17182656 38.93752932
  jla_mock 0.173740 39.39241932 0.14981160 39.69744100
  jla_mock 0.164400 39.41381744 0.14972618 39.56531039
  jla_mock 0.249610 40.53658072 0.16242204 40.57731380
  jla_mock 0.159990 39.55295168 0.15136580 39.50047815
  jla_mock 0.244480 40.23477056 0.15150476 40.52622528
  jla_mock 0.248510 40.80100155 0.17707716 40.56644117
  jla_mock 0.228930 40.17363304 0.16847625 40.36509465
  jla_mock 0.085280 38.04006391 0.14384543 38.03053562
  jla_mock 0.062818 37.28855414 0.14854713 37.33330552
  jla_mock 0.277450 40.47366923 0.23370164 40.83875768
  jla_mock 0.275440 40.66002846 0.21508178 40.82071019
  jla_mock 0.330510 40.78638772 0.21087893 41.27628421
  jla_mock 0.361930 41.41181944 0.24565378 41.50573334
  jla_mock 0.331030 40.90711718 0.21800830 41.28024234
  jla_mock 0.160500 39.65008842 0.12714994 39.50806025
  jla_mock 0.300210 41.06060884 0.20430208 41.03512507
  jla_mock 0.116350 38.49372371 0.12231010 38.74960383
  jla_mock 0.218290 40.33331809 0.16062208 40.24891663
  jla_mock 0.119670 38.86586853 0.12046332 38.81533475
  jla_mock 0.154730 39.29314286 0.12395445 39.42093704
  jla_mock 0.178100 39.81902682 0.16562813 39.75687524
  jla_mock 0.250370 40.45910287 0.16560962 40.58480004
  jla_mock 0.251740 40.74991314 0.14466362 40.59824225
  jla_mock 0.129530 39.05567844 0.14518911 39.00090162
  jla_mock 0.309290 40.71062468 0.18810950 41.10966066
  jla_mock 0.278520 40.68586387 0.17881943 40.84831601
  jla_mock 0.185810 39.78067856 0.13605911 39.85874567
  jla_mock 0.066510 37.25266861 0.17228058 37.46288716
  jla_mock 0.258000 40.47084141 0.18756945 40.65881939
  jla_mock 0.298880 40.98413610 0.21609463 41.02403360
  jla_mock 0.270440 40.72559437 0.22437165 40.77528452
  jla_mock 0.279160 41.05267874 0.17183675 40.85401700
  jla_mock 0.292870 41.13700175 0.21554431 40.97334010
  jla_mock 0.189650 39.81453820 0.15711153 39.90802874
  jla_mock 0.265760 40.41381779 0.19291042 40.73205999
  jla_mock 0.123760 38.75713286 0.14509081 38.89399154
  jla_mock 0.182550 39.84251391 0.14971699 39.81615965
  jla_mock 0.056340 36.98550843 0.14895035 37.08712772
  jla_mock 0.312880 41.13304112 0.18264477 41.13857562
  jla_mock 0.309150 41.26113873 0.22328713 41.10852682
  jla_mock 0.200610 39.86604649 0.15587566 40.04377042
  jla_mock 0.326400 40.66999175 0.20549386 41.24479642
  jla_mock 0.211630 40.25774583 0.13899445 40.17350567
  jla_mock 0.179690 39.90518012 0.15636245 39.77821398
  jla_mock 0.302400 40.74706714 0.19662226 41.05329027
  jla_mock 0.109240 38.53394621 0.14870399 38.60267717
  jla_mock 0.085220 38.01407322 0.15002378 38.02891950
  jla_mock 0.202310 39.86589930 0.16131988 40.06420752
  jla_mock 0.126490 38.89972898 0.15584855 38.94514516
  jla_mock 0.214570 40.25500881 0.16812914 40.20706159
  jla_mock 0.320450 40.93212877 0.19168742 41.19855877
  jla_mock 0.218350 40.19791324 0.17273249 40.24958630
  jla_mock 0.190100 39.78896909 0.15982384 39.91374343
  jla_mock 0.092430 38.14264868 0.15614025 38.21577494
  jla_mock 0.379860 41.79473065 0.18489314 41.62856135
  jla_mock 0.211340 40.30982621 0.16607978 40.17017243
  jla_mock 0.258330 40.66766653 0.18011571 40.66197505
  jla_mock 0.183270 39.89010979 0.16855779 39.82562548
  jla_mock 0.212950 40.00685728 0.17784935 40.18862452
  jla_mock 0.116510 38.61112388 0.15544019 38.75281185
  jla_mock 0.144010 39.15829394 0.17185674 39.25070505
  jla_mock 0.252490 40.65465580 0.18599877 40.60557260
  jla_mock 0.255390 40.30196434 0.21319916 40.63372916
  jla_mock 0.216980 40.13358128 0.18860575 40.23425302
  jla_mock 1.265901 44.38854235 0.22380442 44.79698974
  jla_mock 0.935774 43.81264456 0.22958872 43.98915483
  jla_mock 0.049519 36.62563891 0.20228994 36.79643881
  jla_mock 0.030325 35.99987480 0.18207848 35.70156680
  jla_mock 0.074579 37.55342895 0.21872943 37.72359936
  jla_mock 0.025198 34.93102034 0.22034080 35.29122886
  jla_mock 0.014411 33.81333391 0.20528439 34.06048197
  jla_mock 0.020792 34.94202271 0.19750056 34.86681304
  jla_mock 0.035218 36.01887108 0.20378488 36.03411951
  jla_mock 0.041657 36.52621885 0.21523275 36.40882742
  jla_mock 0.042400 36.47587258 0.20618664 36.44837502
  jla_mock 0.018902 34.26086219 0.18361956 34.65682456
  jla_mock 0.078840 38.02362974 0.21534076 37.85056359
  jla_mock 0.063345 37.29525414 0.20758765 37.35224323
  jla_mock 0.027637 35.48691398 0.23141589 35.49574473
  jla_mock 0.049325 36.88524452 0.21068097 36.78761579
  jla_mock 0.070153 37.57538606 0.22041411 37.58414793
  jla_mock 0.023909 35.32818879 0.18367797 35.17514301
  jla_mock 0.053126 36.86987918 0.22335947 36.95466158
  jla_mock 0.024951 35.04881218 0.18978288 35.26944337
  jla_mock 0.015664 34.09923861 0.20165316 34.24355971
  jla_mock 0.048984 36.75887572 0.15985830 36.77202553
  jla_mock 0.022399 34.77133819 0.18927946 35.03105780
  jla_mock 0.034854 35.87828620 0.23666209 36.01098585
  jla_mock 0.016966 34.23653363 0.20291443 34.41905369
  jla_mock 0.030721 35.69618597 0.18171781 35.73036747
  jla_mock 0.030482 35.57267462 0.18203752 35.71302906
  jla_mock 0.010550 33.25655604 0.21945028 33.37697498
  jla_mock 0.014256 34.55191299 0.17170736 34.03674778
  jla_mock 0.027688 35.27591591 0.18124529 35.49982939
  jla_mock 0.053860 36.92363443 0.15903793 36.98558282
  jla_mock 0.017672 34.43775855 0.19251135 34.50872719
  jla_mock 0.017450 34.58289412 0.17037052 34.48091679
  jla_mock 0.015573 34.00949803 0.20219934 34.23076011
  jla_mock 0.010060 32.99320940 0.23112569 33.27290010
  jla_mock 0.054931 36.94410429 0.18431298 37.02997807
  jla_mock 0.039083 36.09854451 0.16317419 36.26630443
  jla_mock 0.078317 37.94132342 0.18391968 37.83533784
  jla_mock 0.031764 35.81374747 0.15356487 35.80451887
  jla_mock 0.014440 33.96615711 0.22581465 34.06489449
  jla_mock 0.013533 33.74640040 0.22079334 33.92255325
  jla_mock 0.026677 35.30770834 0.19349962 35.41744509
  jla_mock 0.023360 35.11903419 0.17880596 35.12382045
  jla_mock 0.036934 36.19224148 0.19001518 36.14012659
  jla_mock 0.023552 34.99905691 0.17819828 35.14190296
  jla_mock 0.017483 34.21633790 0.19211831 34.48507280
  jla_mock 0.040259 36.07208495 0.17447686 36.33251957
  jla_mock 0.030381 35.54488358 0.20408145 35.70566190
  jla_mock 0.015504 34.30225720 0.20027602 34.22100552
  jla_mock 0.014151 34.11594729 0.18788306 34.02052423
  jla_mock 0.015487 34.22572977 0.18431337 34.21859562
  jla_mock 0.015554 34.33278448 0.19852180 34.22807833
  jla_mock 0.037075 36.13166058 0.15485493 36.14862211
  jla_mock 0.015482 33.98118926 0.20249750 34.21788633
  jla_mock 0.013324 33.64611473 0.18643777 33.88841558
  jla_mock 0.014575 33.88840407 0.20791179 34.08532079
  jla_mock 0.015791 34.04263084 0.19846605 34.26130051
  jla_mock 0.024746 35.01096012 0.17954713 35.25120075
  jla_mock 0.027748 35.58241712 0.17503344 35.50462544
  jla_mock 0.010888 33.36400382 0.25477943 33.44600638
  jla_mock 0.013652 33.93845230 0.18670962 33.94175799
  jla_mock 0.035755 36.33278913 0.16295663 36.06782528
  jla_mock 0.024725 35.12475398 0.17710562 35.24932362
  jla_mock 0.038086 36.20934182 0.17051564 36.20862960
  jla_mock 0.021541 34.80749070 0.17711857 34.94486566
  jla_mock 0.019581 34.62409585 0.17898631 34.73455541
  jla_mock 0.030416 35.82869871 0.17571774 35.70821759
  jla_mock 0.039219 36.26421713 0.17021381 36.27406046
  jla_mock 0.034971 36.11537235 0.15987848 36.01844730
  jla_mock 0.028561 35.59740602 0.17650121 35.56862791
  jla_mock 0.020997 35.07241253 0.18822756 34.88844780
  jla_mock 0.032538 36.10374392 0.18232286 35.85802163
  jla_mock 0.015469 34.14554300 0.19318910 34.21604112
  jla_mock 0.015678 34.22379754 0.20747940 34.24552235
  jla_mock 0.027499 35.61703445 0.15598630 35.48465493
  jla_mock 0.046856 36.68484318 0.17134850 36.67229170
  jla_mock 0.033173 36.02823447 0.18295753 35.90099459
  jla_mock 0.010291 33.24429947 0.23549671 33.32257649
  jla_mock 0.080103 38.03438075 0.17116407 37.88693845
  jla_mock 0.012317 33.72046336 0.20020781 33.71612539
  jla_mock 0.024586 35.29515539 0.20631378 35.23685912
  jla_mock 0.014467 33.68239026 0.20827809 34.06899482
  jla_mock 0.015154 34.33615735 0.18399751 34.17085499
  jla_mock 0.029086 35.67089326 0.17337203 35.60901553
  jla_mock 0.034781 35.88163047 0.17928903 36.00631801
  jla_mock 0.044920 36.66366508 0.14070569 36.57766347
  jla_mock 0.034074 35.94947655 0.16958177 35.96060864
  jla_mock 0.074870 37.75621124 0.14386215 37.73248819
  jla_mock 0.014960 33.96605049 0.19782876 34.14256149
  jla_mock 0.020396 34.67270565 0.17103812 34.82441926
  jla_mock 0.040689 36.42818707 0.17468105 36.35626161
  jla_mock 0.026567 35.21771190 0.18033141 35.40829726
  jla_mock 0.026881 35.53246154 0.15330990 35.43431258
  jla_mock 0.023471 35.15145662 0.17597781 35.13429215
  jla_mock 0.069122 37.61688125 0.19117659 37.55045468
  jla_mock 0.065193 37.28740173 0.15879632 37.41747470
  jla_mock 0.022980 34.98014177 0.17790505 35.08759706
  jla_mock 0.017387 34.27139113 0.19829162 34.47296098
  jla_mock 0.031485 35.72479180 0.15108749 35.78491972
  jla_mock 0.011184 33.50405365 0.19447979 33.50473574
  jla_mock 0.021956 35.09254170 0.17567209 34.98696935
  jla_mock 0.031484 35.76372865 0.15080691 35.78484917
  jla_mock 0.023321 34.83702873 0.20285194 35.12012958
  jla_mock 0.020390 35.05065616 0.18300723 34.82377071
  jla_mock 0.022466 34.89477408 0.18140785 35.03765097
  jla_mock 0.033614 36.01790033 0.18044129 35.93036816
  jla_mock 0.036969 36.06215248 0.17916902 36.14223835
  jla_mock 0.022629 34.88777698 0.18007478 35.05361062
  jla_mock 0.014700 34.19885572 0.18462322 34.10406779
  jla_mock 0.036950 36.20486732 0.14876338 36.14109221
  jla_mock 0.060959 37.42161520 0.12531329 37.26525946
  jla_mock 0.059289 37.33591892 0.12135718 37.20240586
  jla_mock 0.069751 37.36090185 0.15873536 37.57106733
  jla_mock 0.029526 35.65478482 0.17470465 35.64231764
  jla_mock 0.033255 35.57546617 0.17565362 35.90648512
  jla_mock 0.024159 35.16765208 0.18124182 35.19813107
  jla_mock 0.015999 34.43025202 0.19155982 34.29005387
  jla_mock 0.062961 37.72508402 0.16530929 37.33845928
  jla_mock 0.021706 34.93331493 0.19186355 34.96170055
  jla_mock 0.031638 35.75490165 0.18943844 35.79568859
  jla_mock 0.018599 34.59376143 0.17304818 34.62124460
  jla_mock 0.027064 35.45169269 0.17332763 35.44933715
  jla_mock 0.025468 35.14293741 0.18469991 35.31480424
  jla_mock 0.023810 35.08965237 0.19336693 35.16597435
  jla_mock 0.023867 34.94947721 0.18298494 35.17125784
  jla_mock 0.022068 34.59644764 0.16678206 34.99819802
