jla_mock     0.50308   42.63787    0.14571   42.35104
jla_mock     0.58072   42.90455    0.16123   42.72544
jla_mock     0.49479   42.36627    0.12071   42.30792
jla_mock     0.34593   41.31897    0.13253   41.39128
jla_mock     0.67766   43.24943    0.22872   43.13160
jla_mock     0.61071   42.78377    0.22549   42.85755
jla_mock     0.86649   43.87053    0.25803   43.78400
jla_mock     0.33093   41.29600    0.12801   41.27950
jla_mock     0.79857   43.61363    0.25920   43.56670
jla_mock     0.44956   41.78989    0.16140   42.06004
jla_mock     0.37144   41.61995    0.14922   41.57158
jla_mock     0.29172   41.03985    0.14231   40.96351
jla_mock     0.35582   41.38012    0.14101   41.46259
jla_mock     0.46127   42.20006    0.15587   42.12638
jla_mock     0.28361   40.90773    0.13056   40.89333
jla_mock     0.63223   43.26753    0.22183   42.94863
jla_mock     0.46641   42.32105    0.17244   42.15500
jla_mock     0.26862   40.67100    0.12820   40.75859
jla_mock     0.94689   44.28326    0.29225   44.02068
jla_mock     0.92492   43.83478    0.31213   43.95801
jla_mock     0.69317   43.43616    0.29243   43.19137
jla_mock     0.62523   42.64484    0.19089   42.91933
jla_mock     0.89694   43.58234    0.26745   43.87607
jla_mock     0.60826   42.57848    0.15987   42.84699
jla_mock     0.78905   43.83249    0.26933   43.53485
jla_mock     0.57829   42.58046    0.14638   42.71445
jla_mock     0.59028   42.69246    0.18967   42.76823
jla_mock     0.71963   43.37510    0.25305   43.29050
jla_mock     0.21003   39.91010    0.13132   40.15509
jla_mock     0.76659   43.44612    0.22577   43.45813
jla_mock     0.85851   43.79015    0.22290   43.75934
jla_mock     0.36790   41.69826    0.09931   41.54727
jla_mock     0.55875   42.40938    0.15678   42.62447
jla_mock     0.84851   43.63508    0.21739   43.72812
jla_mock     0.99639   44.19769    0.24266   44.15679
jla_mock     0.77659   43.47512    0.26449   43.49256
jla_mock     0.58293   42.56704    0.13307   42.73539
jla_mock     0.58374   42.42842    0.16753   42.73903
jla_mock     0.79655   43.38502    0.22888   43.55998
jla_mock     0.58872   42.81401    0.15579   42.76129
jla_mock     0.91347   43.82602    0.24294   43.92478
jla_mock     0.76859   43.34199    0.23905   43.46504
jla_mock     0.94846   43.96668    0.26528   44.02509
jla_mock     0.51379   42.33584    0.15288   42.40578
jla_mock     0.73361   43.25359    0.19294   43.34148
jla_mock     0.63770   43.26117    0.27011   42.97130
jla_mock     0.76559   42.99663    0.21114   43.45466
jla_mock     0.43486   41.90077    0.15773   41.97447
jla_mock     0.98341   44.52578    0.25880   44.12175
jla_mock     0.58374   42.67463    0.16233   42.73903
jla_mock     0.70063   43.15860    0.21687   43.21970
jla_mock     0.66206   43.04046    0.21295   43.07010
jla_mock     0.83813   43.68899    0.28077   43.69533
jla_mock     0.62187   42.45271    0.17547   42.90516
jla_mock     0.37059   41.33137    0.14292   41.56572
jla_mock     0.41663   41.40920    0.13815   41.86455
jla_mock     0.35857   41.73477    0.10704   41.48209
jla_mock     0.45168   41.86977    0.15279   42.07216
jla_mock     0.52276   42.64930    0.16113   42.45081
jla_mock     0.73400   43.79347    0.30409   43.34288
jla_mock     0.70196   43.48695    0.31177   43.22473
jla_mock     0.74201   43.18756    0.29013   43.37166
jla_mock     0.74612   43.40914    0.21822   43.38631
jla_mock     0.34956   41.40560    0.13473   41.41768
jla_mock     0.59183   42.78775    0.15357   42.77513
jla_mock     0.51475   42.59689    0.15561   42.41060
jla_mock     0.62063   42.77554    0.18447   42.89990
jla_mock     0.64365   42.81832    0.24392   42.99574
jla_mock     1.00280   44.11677    0.33217   44.17391
jla_mock     0.47059   42.44207    0.14421   42.17801
jla_mock     0.61064   42.54129    0.15878   42.85725
jla_mock     0.26349   40.69641    0.12805   40.71081
jla_mock     0.35834   41.45719    0.12919   41.48044
jla_mock     0.74270   43.30605    0.25909   43.37412
jla_mock     0.45156   42.11806    0.11539   42.07145
jla_mock     0.91075   44.06471    0.26165   43.91682
jla_mock     0.55261   42.31614    0.15821   42.59559
jla_mock     0.33753   41.33155    0.12813   41.32927
jla_mock     0.75068   43.72465    0.24281   43.40248
jla_mock     0.98378   43.92631    0.34665   44.12275
jla_mock     0.82270   43.88670    0.22176   43.64588
jla_mock     0.81370   43.45505    0.24257   43.61661
jla_mock     0.95076   44.17076    0.26473   44.03158
jla_mock     0.81773   43.76962    0.24643   43.62977
jla_mock     0.34052   41.29309    0.12574   41.35149
jla_mock     0.96075   44.33917    0.28766   44.05949
jla_mock     0.81072   43.72831    0.27276   43.60686
jla_mock     0.75669   43.49061    0.24755   43.42362
jla_mock     0.61125   42.86109    0.18573   42.85987
jla_mock     0.87797   43.73427    0.22379   43.81907
jla_mock     0.54832   42.50753    0.14258   42.57529
jla_mock     0.80903   43.64642    0.23222   43.60132
jla_mock     1.02880   43.95944    0.28337   44.24234
jla_mock     0.62724   42.69566    0.17555   42.92776
jla_mock     0.42245   41.72766    0.15607   41.90012
jla_mock     0.93390   45.11300    0.35000   43.98380
jla_mock     0.70116   43.32262    0.22741   43.22169
jla_mock     0.69716   43.02272    0.20952   43.20658
jla_mock     0.68518   43.79431    0.27044   43.16074
jla_mock     0.76707   43.31214    0.25234   43.45981
jla_mock     0.93190   44.19849    0.25137   43.97808
jla_mock     0.86398   43.74994    0.24510   43.77625
jla_mock     0.74910   43.60582    0.22590   43.39689
jla_mock     0.51435   42.36629    0.15357   42.40861
jla_mock     0.46841   42.14869    0.11440   42.16601
jla_mock     0.47040   42.14392    0.15655   42.17698
jla_mock     0.95887   44.42953    0.27681   44.05426
jla_mock     0.92791   44.51992    0.29724   43.96663
jla_mock     0.84052   44.04542    0.21913   43.70293
jla_mock     0.63070   42.81075    0.17083   42.94224
jla_mock     0.56275   42.68055    0.14441   42.64315
jla_mock     0.61570   42.71101    0.16969   42.87892
jla_mock     0.82853   43.71607    0.22446   43.66467
jla_mock     0.56474   42.62535    0.16043   42.65238
jla_mock     0.57874   42.74108    0.14758   42.71650
jla_mock     0.55774   42.57349    0.15832   42.61978
jla_mock     0.86450   43.75557    0.22870   43.77785
jla_mock     0.73561   43.30288    0.23469   43.34870
jla_mock     0.85851   43.62017    0.28337   43.75932
jla_mock     0.26198   40.93132    0.10443   40.69667
jla_mock     0.58574   42.88524    0.18661   42.74800
jla_mock     0.76158   43.89280    0.21599   43.44073
jla_mock     0.48880   42.23936    0.11155   42.27631
jla_mock     0.85852   43.87519    0.27431   43.75935
jla_mock     0.68866   43.24494    0.18053   43.17412
jla_mock     0.55874   42.76288    0.15492   42.62446
jla_mock     0.32453   41.03956    0.12602   41.23036
jla_mock     0.48070   42.20997    0.10839   42.23305
jla_mock     0.18537   39.93562    0.13096   39.85305
jla_mock     0.92222   43.50230    0.33855   43.95022
jla_mock     0.68194   43.49931    0.19640   43.14823
jla_mock     0.47571   42.08296    0.10811   42.20600
jla_mock     0.92221   43.72802    0.27644   43.95018
jla_mock     0.89318   43.57151    0.25783   43.86487
jla_mock     0.42865   41.93035    0.14144   41.93748
jla_mock     0.63188   42.74617    0.23474   42.94717
jla_mock     0.69996   43.05754    0.25835   43.21717
jla_mock     0.73601   43.53989    0.26469   43.35013
jla_mock     0.57582   42.62081    0.15954   42.70324
jla_mock     0.41863   41.79609    0.10652   41.87683
jla_mock     0.51175   42.42427    0.12001   42.39540
jla_mock     0.53577   42.51788    0.12653   42.51485
jla_mock     0.64189   42.95640    0.21547   42.98856
jla_mock     0.73500   42.96342    0.22720   43.34649
jla_mock     0.35156   41.24741    0.13079   41.43211
jla_mock     0.60986   42.66592    0.17401   42.85388
jla_mock     0.34956   41.42004    0.13437   41.41766
jla_mock     0.70197   43.50208    0.18820   43.22475
jla_mock     0.35526   41.54691    0.10428   41.45861
jla_mock     0.98328   43.73837    0.25757   44.12140
jla_mock     0.87215   43.89408    0.26598   43.80134
jla_mock     0.75903   43.57668    0.20819   43.43183
jla_mock     0.92622   44.18025    0.24599   43.96176
jla_mock     0.64364   43.00747    0.22846   42.99573
jla_mock     0.41957   41.88595    0.13773   41.88255
jla_mock     0.51559   42.34707    0.20314   42.41484
jla_mock     0.89073   43.77014    0.21058   43.85753
jla_mock     0.80570   43.86840    0.22987   43.59033
jla_mock     0.48057   42.11184    0.10875   42.23231
jla_mock     0.80070   43.66087    0.24546   43.57378
jla_mock     0.58060   42.69336    0.18881   42.72490
jla_mock     0.71565   43.15766    0.24397   43.27584
jla_mock     0.80570   43.46832    0.23277   43.59033
jla_mock     0.76668   43.28798    0.25284   43.45846
jla_mock     0.66464   42.98704    0.19579   43.08037
jla_mock     0.90174   43.92504    0.25191   43.89028
jla_mock     0.74567   43.34510    0.21143   43.38470
jla_mock     0.71868   43.26370    0.20380   43.28702
jla_mock     0.73669   43.55570    0.19636   43.35259
jla_mock     0.57960   42.70812    0.12085   42.72037
jla_mock     0.37053   41.57797    0.10257   41.56534
jla_mock     0.96074   44.50653    0.23956   44.05946
jla_mock     0.85073   43.80570    0.21180   43.73508
jla_mock     0.64864   43.15288    0.19255   43.01611
jla_mock     0.21946   40.05984    0.13037   40.26197
jla_mock     0.93676   43.98427    0.24130   43.99195
jla_mock     0.64764   43.44677    0.17876   43.01204
jla_mock     0.46156   42.08549    0.13341   42.12800
jla_mock     0.60060   42.60495    0.17945   42.81372
jla_mock     0.67065   43.21655    0.23101   43.10415
jla_mock     0.76070   43.30850    0.20946   43.43765
jla_mock     0.24649   40.51530    0.13212   40.54638
jla_mock     0.47057   42.14974    0.14759   42.17794
jla_mock     0.16945   39.50826    0.11210   39.63766
jla_mock     0.49738   42.33239    0.12913   42.32144
jla_mock     0.63823   42.96425    0.19689   42.97350
jla_mock     0.50737   42.47857    0.14543   42.37308
jla_mock     0.53533   42.62846    0.14230   42.51269
jla_mock     0.58728   42.49963    0.16639   42.75489
jla_mock     0.77308   43.15031    0.25621   43.48052
jla_mock     0.69917   43.00871    0.22210   43.21417
jla_mock     0.37051   41.49874    0.12736   41.56520
jla_mock     0.76109   43.41868    0.22809   43.43902
jla_mock     0.69917   42.91310    0.21960   43.21418
jla_mock     0.78806   43.57043    0.19242   43.53150
jla_mock     0.37351   41.36265    0.13203   41.58571
jla_mock     0.40548   41.69896    0.13199   41.79507
jla_mock     0.85299   43.48958    0.25729   43.74216
jla_mock     0.80805   43.48832    0.24185   43.59808
jla_mock     0.60327   42.41705    0.18398   42.82536
jla_mock     0.58329   42.92400    0.17903   42.73700
jla_mock     0.53434   42.55133    0.14774   42.50785
jla_mock     0.72014   43.14675    0.24070   43.29239
jla_mock     0.40048   41.82131    0.21061   41.76340
jla_mock     0.83700   43.69559    0.21503   43.69176
jla_mock     0.37151   41.50609    0.10193   41.57203
jla_mock     0.80604   43.53143    0.25908   43.59147
jla_mock     0.84001   43.81397    0.23507   43.70129
jla_mock     0.50073   42.32360    0.12981   42.33885
jla_mock     0.53277   42.42479    0.17422   42.50018
jla_mock     0.53377   42.55532    0.18215   42.50508
jla_mock     0.93223   43.54448    0.34153   43.97902
jla_mock     0.82210   43.20640    0.25791   43.64395
jla_mock     0.55380   42.60896    0.13545   42.60122
jla_mock     0.12530   39.05596    0.13709   38.92294
jla_mock     0.84212   44.11747    0.28303   43.70800
jla_mock     0.44367   41.90999    0.15187   42.02605
jla_mock     0.72767   43.15730    0.24978   43.31996
jla_mock     0.68366   43.55371    0.41253   43.15487
jla_mock     0.44255   41.90665    0.13368   42.01954
jla_mock     0.72668   43.33552    0.20022   43.31634
jla_mock     0.28251   40.87623    0.12748   40.88366
jla_mock     0.40455   41.54389    0.12965   41.78921
jla_mock     0.51961   42.37143    0.13964   42.43507
jla_mock     0.69065   43.05407    0.23215   43.18177
jla_mock     1.06080   44.50398    0.27869   44.32423
jla_mock     0.57661   42.35667    0.15376   42.70683
jla_mock     0.26849   40.90018    0.12614   40.75735
jla_mock     0.72068   43.26354    0.25107   43.29438
jla_mock     0.25050   40.58337    0.13111   40.58606
jla_mock     0.76069   43.08048    0.27664   43.43763
jla_mock     0.69817   43.63949    0.26129   43.21038
jla_mock     0.55031   42.37504    0.16854   42.58475
jla_mock     0.73013   43.57599    0.23525   43.32888
jla_mock     0.84798   44.07853    0.24703   43.72647
jla_mock     0.99783   44.41089    0.24706   44.16064
jla_mock     0.43545   41.74184    0.13052   41.97792
jla_mock     0.40947   41.78828    0.12922   41.82014
jla_mock     0.30159   40.97697    0.12599   41.04659
jla_mock     1.29911   44.66112    0.19341   44.86622
jla_mock     1.02081   44.35343    0.23668   44.22149
jla_mock     0.83973   43.46174    0.19265   43.70043
jla_mock     1.12085   44.18523    0.20807   44.47149
jla_mock     1.23089   44.68340    0.23900   44.72199
jla_mock     0.97423   43.89199    0.18427   44.09670
jla_mock     0.97078   44.01170    0.33863   44.08723
jla_mock     0.06423   37.17936    0.15073   37.38367
jla_mock     0.12903   38.99909    0.16417   38.99182
jla_mock     0.10289   38.38635    0.14984   38.46361
jla_mock     0.04413   36.59891    0.17360   36.53791
jla_mock     0.11304   38.61131    0.15277   38.68229
jla_mock     0.25611   40.88653    0.20496   40.64067
jla_mock     0.38026   41.37856    0.28703   41.63124
jla_mock     0.14547   39.24267    0.16219   39.27457
jla_mock     0.08889   38.05513    0.14637   38.12583
jla_mock     0.26059   40.32284    0.18294   40.68349
jla_mock     0.07891   37.93781    0.15603   37.85259
jla_mock     0.08304   37.74888    0.15332   37.96945
jla_mock     0.16565   39.39385    0.13854   39.58339
jla_mock     0.16817   39.50039    0.16196   39.61946
jla_mock     0.17063   39.69874    0.16521   39.65419
jla_mock     0.17028   39.45932    0.17036   39.64928
jla_mock     0.12044   38.62186    0.15110   38.83033
jla_mock     0.27653   40.83587    0.21444   40.83051
jla_mock     0.23160   40.63427    0.18253   40.39347
jla_mock     0.30569   40.73841    0.26735   41.08035
jla_mock     0.07997   37.60444    0.16566   37.88313
jla_mock     0.17415   39.78384    0.15831   39.70309
jla_mock     0.13868   39.03784    0.16605   39.16161
jla_mock     0.14607   39.04064    0.16392   39.28432
jla_mock     0.08133   37.94181    0.14393   37.92176
jla_mock     0.23380   40.57864    0.17178   40.41662
jla_mock     0.25655   40.58456    0.17733   40.64491
jla_mock     0.24562   40.54851    0.20041   40.53766
jla_mock     0.12593   38.80230    0.19133   38.93474
jla_mock     0.22351   40.03371    0.21583   40.30655
jla_mock     0.10264   38.41217    0.14664   38.45798
jla_mock     0.11967   38.86008    0.14567   38.81533
jla_mock     0.18055   39.74833    0.16851   39.78968
jla_mock     0.19709   39.80111    0.17390   40.00094
jla_mock     0.22916   40.31785    0.19939   40.36755
jla_mock     0.26451   40.64507    0.19876   40.72040
jla_mock     0.10337   38.53721    0.12264   38.47441
jla_mock     0.36441   41.82092    0.23043   41.52305
jla_mock     0.20560   40.30622    0.15584   40.10331
jla_mock     0.17981   39.70890    0.19620   39.77982
jla_mock     0.19959   40.04069    0.18224   40.03143
jla_mock     0.15653   39.01149    0.15013   39.44844
jla_mock     0.16180   39.65649    0.14761   39.52729
jla_mock     0.20953   40.01152    0.20608   40.14927
jla_mock     0.24179   40.22082    0.19813   40.49904
jla_mock     0.23646   40.17686    0.16266   40.44434
jla_mock     0.22668   40.66459    0.21051   40.34095
jla_mock     0.29678   41.05592    0.19716   41.00643
jla_mock     0.20852   40.04455    0.16317   40.13754
jla_mock     0.25104   40.31057    0.22086   40.59138
jla_mock     0.25012   40.45248    0.17967   40.58234
jla_mock     0.11771   38.60527    0.14551   38.77674
jla_mock     0.21971   39.98734    0.16999   40.26472
jla_mock     0.14901   39.28833    0.14890   39.33153
jla_mock     0.28742   40.68940    0.18840   40.92654
jla_mock     0.14360   39.19015    0.16640   39.24396
jla_mock     0.32837   41.50078    0.19601   41.25993
jla_mock     0.24625   40.48166    0.16507   40.54396
jla_mock     0.11966   38.41927    0.15027   38.81514
jla_mock     0.32838   40.95384    0.27642   41.26001
jla_mock     0.21513   40.22309    0.18367   40.21341
jla_mock     0.14478   39.45628    0.13617   39.26332
jla_mock     0.13243   39.27204    0.12839   39.05296
jla_mock     0.21082   39.99821    0.16235   40.16418
jla_mock     0.20399   39.96083    0.15781   40.08425
jla_mock     0.27952   41.17780    0.16701   40.85722
jla_mock     0.04428   36.50545    0.15510   36.54551
jla_mock     0.18037   39.78687    0.15078   39.78729
jla_mock     0.26070   40.74268    0.18972   40.68453
jla_mock     0.05654   36.83127    0.18697   37.09513
jla_mock     0.21260   40.21209    0.19195   40.18462
jla_mock     0.36941   41.57488    0.23700   41.55764
jla_mock     0.17386   39.75288    0.13052   39.69910
jla_mock     0.14265   38.93500    0.16863   39.22827
jla_mock     0.17789   39.88938    0.17323   39.75404
jla_mock     0.32837   41.30934    0.20656   41.25993
jla_mock     0.25351   40.41211    0.19561   40.61551
jla_mock     0.30001   40.75760    0.19320   41.03346
jla_mock     0.10589   38.36168    0.14608   38.53030
jla_mock     0.22328   40.29996    0.16844   40.30404
jla_mock     0.11845   38.94111    0.12252   38.79138
jla_mock     0.17653   39.67802    0.17119   39.73563
jla_mock     0.18280   39.70126    0.18907   39.81945
jla_mock     0.29762   40.40254    0.22708   41.01348
jla_mock     0.19699   40.03236    0.16337   39.99971
jla_mock     0.15295   39.73468    0.14755   39.39345
jla_mock     0.24850   40.13377    0.17448   40.56634
jla_mock     0.13818   39.02807    0.12409   39.15309
jla_mock     0.20704   40.13579    0.17045   40.12025
jla_mock     0.21468   40.18561    0.18060   40.20831
jla_mock     0.30632   41.45889    0.21503   41.08550
jla_mock     0.24695   40.42869    0.17120   40.55095
jla_mock     0.19801   40.15773    0.14490   40.01220
jla_mock     0.22256   40.33710    0.15195   40.29616
jla_mock     0.13508   38.93397    0.15131   39.09960
jla_mock     0.21054   40.17016    0.18261   40.16096
jla_mock     0.27258   40.78110    0.16911   40.79482
jla_mock     0.24660   40.46233    0.16169   40.54746
jla_mock     0.22068   40.09588    0.19429   40.27546
jla_mock     0.27447   40.77265    0.19147   40.81196
jla_mock     0.17656   39.66142    0.15540   39.73604
jla_mock     0.31088   41.07550    0.22016   41.12250
jla_mock     0.18435   39.95481    0.17308   39.83976
jla_mock     0.15935   39.48061    0.14827   39.49093
jla_mock     0.21976   40.23834    0.16605   40.26527
jla_mock     0.25205   40.60904    0.18410   40.60127
jla_mock     0.18122   39.57577    0.14940   39.79858
jla_mock     0.17373   39.65428    0.13336   39.69730
jla_mock     0.38047   41.84248    0.24246   41.63265
jla_mock     0.17865   39.63036    0.17172   39.76428
jla_mock     0.24568   40.42055    0.18910   40.53826
jla_mock     0.20910   39.88075    0.16102   40.14428
jla_mock     0.24947   40.28417    0.20971   40.57593
jla_mock     0.13392   38.93068    0.16606   39.07929
jla_mock     0.17706   39.72737    0.16040   39.74282
jla_mock     0.28111   40.82844    0.18775   40.87131
jla_mock     0.17383   39.91791    0.15187   39.69868
jla_mock     0.19654   40.12171    0.16513   39.99418
jla_mock     0.36397   41.52590    0.22725   41.51999
jla_mock     0.37835   41.71286    0.26733   41.61843
jla_mock     0.31646   40.85738    0.21039   41.16711
jla_mock     0.18322   39.53888    0.13519   39.82497
jla_mock     0.24102   40.74711    0.16774   40.49121
jla_mock     0.20203   39.73052    0.19953   40.06085
jla_mock     0.16869   39.62377    0.16512   39.62684
jla_mock     0.19794   40.19776    0.17492   40.01135
jla_mock     0.12276   38.93807    0.14575   38.87499
jla_mock     0.20318   39.99523    0.16105   40.07461
jla_mock     0.12739   38.69539    0.14896   38.96178
jla_mock     0.27549   40.66050    0.19973   40.82116
jla_mock     0.14468   39.33624    0.14722   39.26169
jla_mock     0.33436   40.95616    0.24978   41.30545
jla_mock     0.19580   40.08886    0.15393   39.98507
jla_mock     0.19392   40.08788    0.16375   39.96176
jla_mock     0.24973   40.24626    0.18581   40.57850
jla_mock     0.14860   39.15549    0.14880   39.32499
jla_mock     0.15596   39.25543    0.14872   39.43976
jla_mock     0.09582   38.16446    0.15035   38.29889
jla_mock     0.15065   39.26934    0.15873   39.35748
jla_mock     0.30933   41.13225    0.24716   41.10998
jla_mock     0.24857   40.58781    0.17340   40.56704
jla_mock     0.36554   41.80500    0.24312   41.53091
jla_mock     0.11771   38.90040    0.12848   38.77674
jla_mock     0.19176   39.77374    0.14428   39.93472
jla_mock     0.18255   39.57560    0.16171   39.81616
jla_mock     0.23472   40.66930    0.18445   40.42624
jla_mock     0.24647   40.44158    0.19928   40.54616
jla_mock     0.28845   40.97951    0.18873   40.93544
jla_mock     0.20960   40.16699    0.19927   40.15008
jla_mock     0.19198   39.92461    0.17965   39.93748
jla_mock     0.11402   38.54163    0.12215   38.70241
jla_mock     0.11389   38.81443    0.18397   38.69975
jla_mock     0.19880   39.88322    0.20967   40.02183
jla_mock     0.22058   40.12852    0.22796   40.27436
jla_mock     0.18257   39.86833    0.16454   39.81642
jla_mock     0.15895   39.54343    0.16373   39.48495
jla_mock     0.07849   37.63731    0.14912   37.84038
jla_mock     0.13864   39.47698    0.13217   39.16093
jla_mock     0.18079   39.82925    0.15446   39.79287
jla_mock     0.17757   39.48722    0.18629   39.74972
jla_mock     0.17066   39.49531    0.16102   39.65461
jla_mock     0.23381   40.59497    0.20859   40.41672
jla_mock     0.07153   37.42455    0.17411   37.62842
jla_mock     0.15463   39.30374    0.18792   39.41940
jla_mock     0.09010   38.30113    0.15951   38.15695
jla_mock     0.17658   39.71357    0.20449   39.73631
jla_mock     0.13045   38.92529    0.16441   39.01753
jla_mock     0.18204   39.72017    0.17167   39.80943
jla_mock     0.25617   40.74832    0.17261   40.64125
jla_mock     0.13811   39.26723    0.14854   39.15189
jla_mock     0.17070   39.57517    0.16750   39.65518
jla_mock     0.21674   40.04906    0.14793   40.23156
jla_mock     0.24555   40.30903    0.17888   40.53696
jla_mock     0.14382   39.21985    0.16710   39.24758
jla_mock     0.24862   40.55028    0.18856   40.56753
jla_mock     0.14533   39.25713    0.17139   39.27229
jla_mock     0.13588   38.93687    0.12760   39.11351
jla_mock     0.05874   37.20697    0.12754   37.18137
jla_mock     0.03652   36.11279    0.15192   36.11500
jla_mock     0.27749   41.05996    0.22703   40.83912
jla_mock     0.20515   40.18516    0.29701   40.09800
jla_mock     0.28051   40.87601    0.20079   40.86600
jla_mock     0.19867   40.15621    0.16216   40.02025
jla_mock     0.15999   39.42765    0.15164   39.50048
jla_mock     0.21075   40.04148    0.18113   40.16338
jla_mock     0.07195   37.41353    0.17246   37.64176
jla_mock     0.23782   40.43147    0.19074   40.45841
jla_mock     0.14139   39.12959    0.17359   39.20730
jla_mock     0.15506   39.35581    0.15761   39.42600
jla_mock     0.37013   41.50524    0.22887   41.56259
jla_mock     0.09391   38.27476    0.17056   38.25241
jla_mock     0.11863   38.50636    0.17058   38.79493
jla_mock     0.15363   39.49087    0.15381   39.40398
jla_mock     0.25356   40.57499    0.16810   40.61600
jla_mock     0.10725   38.17004    0.14420   38.55994
jla_mock     0.12961   39.01722    0.15302   39.00235
jla_mock     0.26665   40.33438    0.19376   40.74033
jla_mock     0.21226   39.92375    0.16263   40.18073
jla_mock     0.27822   40.24441    0.18167   40.84564
jla_mock     0.24540   40.55377    0.16812   40.53546
jla_mock     0.13362   39.19921    0.15059   39.07401
jla_mock     0.17656   39.82811    0.16208   39.73604
jla_mock     0.11368   38.56858    0.14584   38.69545
jla_mock     0.32038   41.12640    0.26368   41.19801
jla_mock     0.11271   38.70336    0.12253   38.67548
jla_mock     0.10602   38.28239    0.14473   38.53314
jla_mock     0.39135   41.65934    0.26610   41.70449
jla_mock     0.15575   39.29372    0.14612   39.43656
jla_mock     0.18667   39.71037    0.16762   39.86986
jla_mock     0.19671   39.64940    0.16670   39.99627
jla_mock     0.19191   39.69238    0.17339   39.93660
jla_mock     0.19084   40.14540    0.15088   39.92311
jla_mock     0.17625   39.81721    0.15361   39.73182
jla_mock     0.12837   39.04844    0.15036   38.97977
jla_mock     0.12262   38.86835    0.14734   38.87232
jla_mock     0.12715   38.99788    0.14706   38.95736
jla_mock     0.21323   39.98131    0.17621   40.19182
jla_mock     0.21861   40.20267    0.18110   40.25249
jla_mock     0.26856   40.72386    0.19152   40.75800
jla_mock     0.20466   39.56480    0.16519   40.09220
jla_mock     0.26710   40.87743    0.17378   40.74451
jla_mock     0.21757   40.08992    0.17265   40.24087
jla_mock     0.24185   40.64901    0.17151   40.49965
jla_mock     0.29350   40.82280    0.20072   40.97870
jla_mock     0.35346   41.67616    0.23114   41.44575
jla_mock     0.18563   39.61814    0.15495   39.85641
jla_mock     0.28543   41.21020    0.19928   40.90924
jla_mock     0.19494   39.76747    0.16836   39.97443
jla_mock     0.07592   37.81426    0.14500   37.76429
jla_mock     0.16357   39.61176    0.15778   39.55323
jla_mock     0.25721   40.31550    0.20821   40.65125
jla_mock     0.21955   40.08226    0.18725   40.26294
jla_mock     0.17558   39.62229    0.15163   39.72269
jla_mock     0.22667   40.36441    0.18608   40.34084
jla_mock     0.15322   39.40173    0.15082   39.39764
jla_mock     0.21025   40.18532    0.19550   40.15761
jla_mock     0.12164   38.67262    0.12361   38.85353
jla_mock     0.29135   40.88050    0.19905   40.96037
jla_mock     0.29448   40.58453    0.27860   40.98701
jla_mock     0.16455   39.45773    0.12599   39.56749
jla_mock     0.30702   40.75854    0.20907   41.09122
jla_mock     0.19863   40.19198    0.16158   40.01976
jla_mock     0.26821   40.83560    0.21540   40.75477
jla_mock     0.40128   41.53823    0.24823   41.76846
jla_mock     0.13668   39.04732    0.15334   39.12735
jla_mock     0.29542   40.74707    0.24720   40.99496
jla_mock     0.29192   40.98521    0.19220   40.96524
jla_mock     0.09007   38.36901    0.12097   38.15619
jla_mock     0.20557   39.83408    0.18293   40.10296
jla_mock     0.14582   39.41804    0.14935   39.28026
jla_mock     0.11767   38.88653    0.14487   38.77595
jla_mock     0.05499   36.78920    0.14998   37.03240
jla_mock     0.17420   39.58801    0.15143   39.70378
jla_mock     0.24495   40.66406    0.18021   40.53095
jla_mock     0.22452   40.26574    0.18250   40.31756
jla_mock     0.24558   40.54062    0.16228   40.53726
jla_mock     0.28351   40.90772    0.21250   40.89245
jla_mock     0.18056   39.75814    0.17619   39.78982
jla_mock     0.10391   38.54367    0.12352   38.48649
jla_mock     0.12961   39.10580    0.15327   39.00235
jla_mock     0.24352   40.52263    0.16046   40.51656
jla_mock     0.33136   41.31192    0.26935   41.28275
jla_mock     0.24348   40.42870    0.19048   40.51615
jla_mock     0.31468   41.15275    0.17578   41.15296
jla_mock     0.21865   40.11957    0.18935   40.25293
jla_mock     0.26014   40.68402    0.21926   40.67922
jla_mock     0.28243   40.64515    0.19831   40.88296
jla_mock     0.30041   40.98613    0.20582   41.03679
jla_mock     0.15186   39.45220    0.14864   39.37647
jla_mock     0.26357   40.78572    0.18937   40.71159
jla_mock     0.21382   40.16048    0.20621   40.19854
jla_mock     0.16284   39.43547    0.16762   39.54256
jla_mock     0.12440   38.62009    0.17141   38.90608
jla_mock     0.19465   39.86563    0.13939   39.97083
jla_mock     0.20554   40.05896    0.18299   40.10260
jla_mock     0.10667   38.60797    0.14589   38.54734
jla_mock     0.18772   39.62212    0.18725   39.88338
jla_mock     0.16387   39.42632    0.15682   39.55760
jla_mock     0.29021   41.09823    0.19470   40.95060
jla_mock     0.09401   38.23777    0.12498   38.25487
jla_mock     0.22786   40.45431    0.18010   40.35364
jla_mock     0.10751   38.63742    0.14765   38.56556
jla_mock     0.31065   41.29504    0.22259   41.12065
jla_mock     0.14564   39.26726    0.15576   39.27734
jla_mock     0.08784   38.27957    0.12610   38.09850
jla_mock     0.14839   39.43640    0.15573   39.32164
jla_mock     0.28662   40.89033    0.19366   40.91960
jla_mock     0.12281   38.73757    0.13329   38.87594
jla_mock     0.18655   39.80790    0.20280   39.86832
jla_mock     0.12893   38.93139    0.15504   38.99000
jla_mock     0.19422   39.72044    0.16864   39.96549
jla_mock     0.14800   39.30151    0.14676   39.31541
jla_mock     0.21179   40.21284    0.22866   40.17534
jla_mock     0.17962   40.03231    0.17351   39.77728
jla_mock     0.26349   40.62274    0.18130   40.71084
jla_mock     0.19215   39.85426    0.15957   39.93962
jla_mock     0.33880   41.48470    0.22988   41.33871
jla_mock     0.11741   38.51389    0.14767   38.77078
jla_mock     0.14310   38.98062    0.16842   39.23571
jla_mock     0.16035   39.46039    0.13218   39.50583
jla_mock     0.28872   40.86031    0.21130   40.93777
jla_mock     0.12303   38.68001    0.15465   38.88013
jla_mock     0.26405   40.77610    0.18534   40.71609
jla_mock     0.12608   39.02739    0.17183   38.93753
jla_mock     0.17374   39.72167    0.14981   39.69744
jla_mock     0.16440   39.50547    0.14973   39.56531
jla_mock     0.24961   40.98796    0.16242   40.57731
jla_mock     0.15999   39.31520    0.15137   39.50048
jla_mock     0.24448   40.44200    0.15150   40.52623
jla_mock     0.24851   40.62886    0.17708   40.56644
jla_mock     0.22893   40.27074    0.16848   40.36509
jla_mock     0.08528   38.09132    0.14385   38.03054
jla_mock     0.06282   37.55799    0.14855   37.33331
jla_mock     0.27745   40.57878    0.23370   40.83876
jla_mock     0.27544   40.77845    0.21508   40.82071
jla_mock     0.33051   41.40346    0.21088   41.27628
jla_mock     0.36193   41.27056    0.24565   41.50573
jla_mock     0.33103   41.00534    0.21801   41.28024
jla_mock     0.16050   39.54648    0.12715   39.50806
jla_mock     0.30021   41.17405    0.20430   41.03513
jla_mock     0.11635   39.11298    0.12231   38.74960
jla_mock     0.21829   40.43029    0.16062   40.24892
jla_mock     0.11967   39.02422    0.12046   38.81533
jla_mock     0.15473   39.27531    0.12395   39.42094
jla_mock     0.17810   39.67361    0.16563   39.75688
jla_mock     0.25037   40.72583    0.16561   40.58480
jla_mock     0.25174   40.58451    0.14466   40.59824
jla_mock     0.12953   38.91000    0.14519   39.00090
jla_mock     0.30929   41.12434    0.18811   41.10966
jla_mock     0.27852   40.74085    0.17882   40.84832
jla_mock     0.18581   39.60716    0.13606   39.85875
jla_mock     0.06651   37.72504    0.17228   37.46289
jla_mock     0.25800   40.37437    0.18757   40.65882
jla_mock     0.29888   40.91162    0.21609   41.02403
jla_mock     0.27044   40.66175    0.22437   40.77528
jla_mock     0.27916   40.37879    0.17184   40.85402
jla_mock     0.29287   41.02220    0.21554   40.97334
jla_mock     0.18965   39.80083    0.15711   39.90803
jla_mock     0.26576   40.73079    0.19291   40.73206
jla_mock     0.12376   38.78981    0.14509   38.89399
jla_mock     0.18255   39.71971    0.14972   39.81616
jla_mock     0.05634   36.98353    0.14895   37.08713
jla_mock     0.31288   41.23566    0.18264   41.13858
jla_mock     0.30915   41.13347    0.22329   41.10853
jla_mock     0.20061   39.94699    0.15588   40.04377
jla_mock     0.32640   41.24001    0.20549   41.24480
jla_mock     0.21163   40.06356    0.13899   40.17351
jla_mock     0.17969   39.60632    0.15636   39.77821
jla_mock     0.30240   41.12895    0.19662   41.05329
jla_mock     0.10924   38.52703    0.14870   38.60268
jla_mock     0.08522   38.03944    0.15002   38.02892
jla_mock     0.20231   40.02265    0.16132   40.06421
jla_mock     0.12649   38.62372    0.15585   38.94515
jla_mock     0.21457   40.43916    0.16813   40.20706
jla_mock     0.32045   41.25099    0.19169   41.19856
jla_mock     0.21835   40.17277    0.17273   40.24959
jla_mock     0.19010   39.75768    0.15982   39.91374
jla_mock     0.09243   38.22927    0.15614   38.21577
jla_mock     0.37986   41.83029    0.18489   41.62856
jla_mock     0.21134   40.22048    0.16608   40.17017
jla_mock     0.25833   40.46741    0.18012   40.66198
jla_mock     0.18327   39.82247    0.16856   39.82563
jla_mock     0.21295   40.32680    0.17785   40.18862
jla_mock     0.11651   38.42933    0.15544   38.75281
jla_mock     0.14401   39.13495    0.17186   39.25071
jla_mock     0.25249   40.45346    0.18600   40.60557
jla_mock     0.25539   40.58113    0.21320   40.63373
jla_mock     0.21698   40.23766    0.18861   40.23425
jla_mock     1.26590   44.60338    0.22380   44.79699
jla_mock     0.93577   44.06469    0.22959   43.98915
jla_mock     0.04952   36.81933    0.20229   36.79644
jla_mock     0.03033   35.44441    0.18208   35.70157
jla_mock     0.07458   37.33228    0.21873   37.72360
jla_mock     0.02520   35.29622    0.22034   35.29123
jla_mock     0.01441   33.64013    0.20528   34.06048
jla_mock     0.02079   34.74887    0.19750   34.86681
jla_mock     0.03522   36.18653    0.20378   36.03412
jla_mock     0.04166   36.55487    0.21523   36.40883
jla_mock     0.04240   36.18254    0.20619   36.44838
jla_mock     0.01890   34.45758    0.18362   34.65682
jla_mock     0.07884   37.93098    0.21534   37.85056
jla_mock     0.06334   37.39682    0.20759   37.35224
jla_mock     0.02764   35.96156    0.23142   35.49574
jla_mock     0.04933   36.55413    0.21068   36.78762
jla_mock     0.07015   37.51927    0.22041   37.58415
jla_mock     0.02391   35.08743    0.18368   35.17514
jla_mock     0.05313   37.36044    0.22336   36.95466
jla_mock     0.02495   35.51384    0.18978   35.26944
jla_mock     0.01566   34.33392    0.20165   34.24356
jla_mock     0.04898   36.62856    0.15986   36.77203
jla_mock     0.02240   35.02360    0.18928   35.03106
jla_mock     0.03485   35.83369    0.23666   36.01099
jla_mock     0.01697   34.51042    0.20291   34.41905
jla_mock     0.03072   35.79183    0.18172   35.73037
jla_mock     0.03048   35.88648    0.18204   35.71303
jla_mock     0.01055   33.50432    0.21945   33.37697
jla_mock     0.01426   34.20280    0.17171   34.03675
jla_mock     0.02769   35.24633    0.18125   35.49983
jla_mock     0.05386   36.86248    0.15904   36.98558
jla_mock     0.01767   34.19124    0.19251   34.50873
jla_mock     0.01745   34.47830    0.17037   34.48092
jla_mock     0.01557   34.41461    0.20220   34.23076
jla_mock     0.01006   33.44353    0.23113   33.27290
jla_mock     0.05493   37.19546    0.18431   37.02998
jla_mock     0.03908   36.29752    0.16317   36.26630
jla_mock     0.07832   37.83690    0.18392   37.83534
jla_mock     0.03176   35.91483    0.15356   35.80452
jla_mock     0.01444   33.88035    0.22581   34.06489
jla_mock     0.01353   33.53115    0.22079   33.92255
jla_mock     0.02668   35.46208    0.19350   35.41745
jla_mock     0.02336   35.37934    0.17881   35.12382
jla_mock     0.03693   36.06405    0.19002   36.14013
jla_mock     0.02355   35.15118    0.17820   35.14190
jla_mock     0.01748   34.40747    0.19212   34.48507
jla_mock     0.04026   36.04345    0.17448   36.33252
jla_mock     0.03038   35.43414    0.20408   35.70566
jla_mock     0.01550   33.79975    0.20028   34.22101
jla_mock     0.01415   34.11315    0.18788   34.02052
jla_mock     0.01549   34.08892    0.18431   34.21860
jla_mock     0.01555   34.15834    0.19852   34.22808
jla_mock     0.03707   36.00202    0.15485   36.14862
jla_mock     0.01548   33.82754    0.20250   34.21789
jla_mock     0.01332   33.53351    0.18644   33.88842
jla_mock     0.01457   34.06800    0.20791   34.08532
jla_mock     0.01579   34.25154    0.19847   34.26130
jla_mock     0.02475   35.22510    0.17955   35.25120
jla_mock     0.02775   35.36541    0.17503   35.50463
jla_mock     0.01089   33.03999    0.25478   33.44601
jla_mock     0.01365   33.82717    0.18671   33.94176
jla_mock     0.03576   36.16786    0.16296   36.06783
jla_mock     0.02473   34.97226    0.17711   35.24932
jla_mock     0.03809   36.04264    0.17052   36.20863
jla_mock     0.02154   34.67205    0.17712   34.94487
jla_mock     0.01958   35.17219    0.17899   34.73456
jla_mock     0.03042   35.64994    0.17572   35.70822
jla_mock     0.03922   36.24781    0.17021   36.27406
jla_mock     0.03497   35.77674    0.15988   36.01845
jla_mock     0.02856   35.20286    0.17650   35.56863
jla_mock     0.02100   35.05688    0.18823   34.88845
jla_mock     0.03254   35.85254    0.18232   35.85802
jla_mock     0.01547   34.02729    0.19319   34.21604
jla_mock     0.01568   33.97257    0.20748   34.24552
jla_mock     0.02750   35.67843    0.15599   35.48465
jla_mock     0.04686   36.54030    0.17135   36.67229
jla_mock     0.03317   35.78397    0.18296   35.90099
jla_mock     0.01029   33.30020    0.23550   33.32258
jla_mock     0.08010   37.85127    0.17116   37.88694
jla_mock     0.01232   33.76630    0.20021   33.71613
jla_mock     0.02459   35.28986    0.20631   35.23686
jla_mock     0.01447   34.18847    0.20828   34.06899
jla_mock     0.01515   33.77704    0.18400   34.17085
jla_mock     0.02909   35.73648    0.17337   35.60902
jla_mock     0.03478   36.01362    0.17929   36.00632
jla_mock     0.04492   36.40210    0.14071   36.57766
jla_mock     0.03407   35.75352    0.16958   35.96061
jla_mock     0.07487   37.44278    0.14386   37.73249
jla_mock     0.01496   33.97710    0.19783   34.14256
jla_mock     0.02040   34.94361    0.17104   34.82442
jla_mock     0.04069   36.38706    0.17468   36.35626
jla_mock     0.02657   35.40518    0.18033   35.40830
jla_mock     0.02688   35.31366    0.15331   35.43431
jla_mock     0.02347   34.84738    0.17598   35.13429
jla_mock     0.06912   37.44038    0.19118   37.55045
jla_mock     0.06519   37.38694    0.15880   37.41747
jla_mock     0.02298   34.98300    0.17791   35.08760
jla_mock     0.01739   34.52118    0.19829   34.47296
jla_mock     0.03148   35.87141    0.15109   35.78492
jla_mock     0.01118   33.52373    0.19448   33.50474
jla_mock     0.02196   34.85604    0.17567   34.98697
jla_mock     0.03148   35.81383    0.15081   35.78485
jla_mock     0.02332   35.14946    0.20285   35.12013
jla_mock     0.02039   34.62786    0.18301   34.82377
jla_mock     0.02247   35.01663    0.18141   35.03765
jla_mock     0.03361   35.46674    0.18044   35.93037
jla_mock     0.03697   36.26606    0.17917   36.14224
jla_mock     0.02263   35.15090    0.18007   35.05361
jla_mock     0.01470   33.87792    0.18462   34.10407
jla_mock     0.03695   36.08695    0.14876   36.14109
jla_mock     0.06096   37.20704    0.12531   37.26526
jla_mock     0.05929   37.23853    0.12136   37.20241
jla_mock     0.06975   37.42419    0.15874   37.57107
jla_mock     0.02953   35.54280    0.17470   35.64232
jla_mock     0.03325   36.00099    0.17565   35.90649
jla_mock     0.02416   34.90467    0.18124   35.19813
jla_mock     0.01600   34.14350    0.19156   34.29005
jla_mock     0.06296   37.48847    0.16531   37.33846
jla_mock     0.02171   34.90043    0.19186   34.96170
jla_mock     0.03164   35.77170    0.18944   35.79569
jla_mock     0.01860   34.66057    0.17305   34.62124
jla_mock     0.02706   35.21587    0.17333   35.44934
jla_mock     0.02547   35.21936    0.18470   35.31480
jla_mock     0.02381   35.43115    0.19337   35.16597
jla_mock     0.02387   34.97785    0.18298   35.17126
jla_mock     0.02207   35.13248    0.16678   34.99820
