  jla_mock 0.503084 42.57919239 0.14571158 42.35104191
  jla_mock 0.580724 42.64739401 0.16122778 42.72544420
  jla_mock 0.494795 42.40553613 0.12070859 42.30792132
  jla_mock 0.345928 41.44119716 0.13253081 41.39127679
  jla_mock 0.677662 42.78400241 0.22871689 43.13159771
  jla_mock 0.610712 43.11385603 0.22548733 42.85755119
  jla_mock 0.866494 43.79228503 0.25803499 43.78399511
  jla_mock 0.330932 41.48203877 0.12801230 41.27949682
  jla_mock 0.798566 43.88329321 0.25919990 43.56669516
  jla_mock 0.449562 42.18345495 0.16139765 42.06004102
  jla_mock 0.371443 41.77564675 0.14921889 41.57158328
  jla_mock 0.291718 40.89696391 0.14231442 40.96351391
  jla_mock 0.355820 41.49451604 0.14101044 41.46259197
  jla_mock 0.461274 41.84794255 0.15587207 42.12637684
  jla_mock 0.283610 41.06893114 0.13055630 40.89332726
  jla_mock 0.632234 43.25640297 0.22182909 42.94863350
  jla_mock 0.466414 41.94284172 0.17243727 42.15499621
  jla_mock 0.268624 40.54907080 0.12820280 40.75859431
  jla_mock 0.946890 44.43283169 0.29224985 44.02068105
  jla_mock 0.924917 44.82845439 0.31213110 43.95800648
  jla_mock 0.693165 43.34089023 0.29243158 43.19137081
  jla_mock 0.625233 42.88283123 0.19088816 42.91933154
  jla_mock 0.896944 43.82443480 0.26745476 43.87607256
  jla_mock 0.608261 42.56576187 0.15987482 42.84698635
  jla_mock 0.789054 43.54739009 0.26932700 43.53484560
  jla_mock 0.578292 42.86523554 0.14637659 42.71444998
  jla_mock 0.590280 43.00427794 0.18966931 42.76822720
  jla_mock 0.719626 43.20173948 0.25305179 43.29050179
  jla_mock 0.210032 40.26874090 0.13132256 40.15508565
  jla_mock 0.766590 43.40015574 0.22576765 43.45813147
  jla_mock 0.858513 44.09633348 0.22289539 43.75933955
  jla_mock 0.367904 41.52770718 0.09931133 41.54726971
  jla_mock 0.558746 42.61378179 0.15678156 42.62447408
  jla_mock 0.848509 43.95920783 0.21739327 43.72811733
  jla_mock 0.996390 44.38296879 0.24266005 44.15678878
  jla_mock 0.776594 43.65653962 0.26449227 43.49255925
  jla_mock 0.582932 42.77892672 0.13306958 42.73538825
  jla_mock 0.583743 43.16483943 0.16752875 42.73903180
  jla_mock 0.796552 43.53177824 0.22887969 43.55998229
  jla_mock 0.588721 42.90368648 0.15579306 42.76129222
  jla_mock 0.913473 43.40456893 0.24294053 43.92478371
  jla_mock 0.768587 43.69461312 0.23905376 43.46503842
  jla_mock 0.948455 44.29796167 0.26528102 44.02509035
  jla_mock 0.513793 42.52966324 0.15287930 42.40577946
  jla_mock 0.733609 43.30388304 0.19294483 43.34148483
  jla_mock 0.637701 42.69163166 0.27010736 42.97130188
  jla_mock 0.765588 43.65806413 0.21113574 43.45465935
  jla_mock 0.434861 42.11534123 0.15772880 41.97446567
  jla_mock 0.983407 44.28275793 0.25879722 44.12174547
  jla_mock 0.583743 42.83996063 0.16232669 42.73903180
  jla_mock 0.700631 43.34173855 0.21687358 43.21970245
  jla_mock 0.662058 43.32103962 0.21294856 43.07010358
  jla_mock 0.838126 43.83980256 0.28077453 43.69533139
  jla_mock 0.621874 42.95430328 0.17546981 42.90516222
  jla_mock 0.370586 41.55039299 0.14291643 41.56571521
  jla_mock 0.416632 41.98004641 0.13815441 41.86454678
  jla_mock 0.358570 41.33080051 0.10704088 41.48209300
  jla_mock 0.451681 42.32638251 0.15278703 42.07216096
  jla_mock 0.522762 42.34640503 0.16112888 42.45080836
  jla_mock 0.733996 43.99185786 0.30408870 43.34288256
  jla_mock 0.701965 43.49823771 0.31176741 43.22473424
  jla_mock 0.742008 43.46920197 0.29013165 43.37166168
  jla_mock 0.746118 43.32724952 0.21822021 43.38630913
  jla_mock 0.349560 41.62665050 0.13472825 41.41767712
  jla_mock 0.591835 42.82883567 0.15357327 42.77512718
  jla_mock 0.514746 42.27182864 0.15561143 42.41059876
  jla_mock 0.620632 43.22396474 0.18447364 42.89990471
  jla_mock 0.643646 43.02266607 0.24392132 42.99574384
  jla_mock 1.002795 44.51845472 0.33216844 44.17391138
  jla_mock 0.470586 42.17101717 0.14420733 42.17801083
  jla_mock 0.610643 42.98692459 0.15877872 42.85725432
  jla_mock 0.263487 40.58531168 0.12804977 40.71081308
  jla_mock 0.358336 41.68856715 0.12918713 41.48043901
  jla_mock 0.742697 43.41495990 0.25908753 43.37412260
  jla_mock 0.451556 42.17746631 0.11538935 42.07144747
  jla_mock 0.910752 44.51471174 0.26164869 43.91682448
  jla_mock 0.552605 42.61468675 0.15821060 42.59559344
  jla_mock 0.337534 41.47414389 0.12813367 41.32927134
  jla_mock 0.750681 43.66102728 0.24281434 43.40248043
  jla_mock 0.983777 44.87337447 0.34665096 44.12275046
  jla_mock 0.822697 43.98513707 0.22175759 43.64587597
  jla_mock 0.813696 43.64067100 0.24256727 43.61660738
  jla_mock 0.950763 44.16378857 0.26472927 44.03158000
  jla_mock 0.817732 43.82650517 0.24643394 43.62976987
  jla_mock 0.340520 41.55350915 0.12574260 41.35148976
  jla_mock 0.960751 43.86657568 0.28766046 44.05948701
  jla_mock 0.810720 44.17823843 0.27275574 43.60686128
  jla_mock 0.756687 43.46281955 0.24755189 43.42362217
  jla_mock 0.611252 43.19802808 0.18572910 42.85987342
  jla_mock 0.877971 44.01532639 0.22378685 43.81906566
  jla_mock 0.548325 42.37093767 0.14258079 42.57528608
  jla_mock 0.809032 43.58400646 0.23222084 43.60131782
  jla_mock 1.028800 44.80570689 0.28337345 44.24233887
  jla_mock 0.627239 42.63474237 0.17555461 42.92775911
  jla_mock 0.422452 41.97692361 0.15606690 41.90011713
  jla_mock 0.933900 43.51774942 0.34999950 43.98380379
  jla_mock 0.701158 43.44446117 0.22740618 43.22169137
  jla_mock 0.697164 43.26277253 0.20952266 43.20658211
  jla_mock 0.685179 43.33883317 0.27044472 43.16074133
  jla_mock 0.767075 43.65337542 0.25233801 43.45981051
  jla_mock 0.931901 44.36617022 0.25136810 43.97808419
  jla_mock 0.863978 43.67072667 0.24510246 43.77624644
  jla_mock 0.749100 43.41975026 0.22590126 43.39688808
  jla_mock 0.514353 42.49691237 0.15357466 42.40861238
  jla_mock 0.468406 42.33776154 0.11440416 42.16600877
  jla_mock 0.470398 42.15645506 0.15654577 42.17697783
  jla_mock 0.958871 44.44474211 0.27681249 44.05425605
  jla_mock 0.927909 43.97052970 0.29724149 43.96662606
  jla_mock 0.840522 43.67922593 0.21913135 43.70293203
  jla_mock 0.630699 43.22183445 0.17083127 42.94223535
  jla_mock 0.562751 42.76857254 0.14440652 42.64314895
  jla_mock 0.615698 42.86422429 0.16969222 42.87891969
  jla_mock 0.828528 43.55830181 0.22446355 43.66467138
  jla_mock 0.564741 42.60604476 0.16042692 42.65238167
  jla_mock 0.578745 43.02462747 0.14758356 42.71650114
  jla_mock 0.557743 42.79246387 0.15831963 42.61977749
  jla_mock 0.864497 43.54674170 0.22870035 43.77784663
  jla_mock 0.735608 43.00964381 0.23468503 43.34869704
  jla_mock 0.858507 43.93013070 0.28336591 43.75932093
  jla_mock 0.261984 40.64450657 0.10443414 40.69667086
  jla_mock 0.585743 42.89305095 0.18660838 42.74799676
  jla_mock 0.761580 43.42690430 0.21598834 43.44072697
  jla_mock 0.488800 42.41190130 0.11155101 42.27631225
  jla_mock 0.858516 43.53458956 0.27431051 43.75934886
  jla_mock 0.688656 43.02004450 0.18053033 43.17411869
  jla_mock 0.558743 42.71083930 0.15491557 42.62446004
  jla_mock 0.324532 41.52829300 0.12601850 41.23036431
  jla_mock 0.480704 42.24804599 0.10839252 42.23304676
  jla_mock 0.185371 40.07705040 0.13095679 39.85305148
  jla_mock 0.922221 44.24214080 0.33854809 43.95021620
  jla_mock 0.681942 43.41165285 0.19640351 43.14822898
  jla_mock 0.475707 42.40725987 0.10811298 42.20600231
  jla_mock 0.922210 44.54582957 0.27644363 43.95018437
  jla_mock 0.893183 43.68143542 0.25783329 43.86486632
  jla_mock 0.428646 41.76724559 0.14143599 41.93747792
  jla_mock 0.631882 43.24112136 0.23474045 42.94716761
  jla_mock 0.699960 43.30250429 0.25834877 43.21716801
  jla_mock 0.736007 43.46578012 0.26468680 43.35013433
  jla_mock 0.575823 43.03166675 0.15953941 42.70324385
  jla_mock 0.418633 41.85427350 0.10651651 41.87682801
  jla_mock 0.511746 42.46220047 0.12000546 42.39539947
  jla_mock 0.535771 42.58822784 0.12653138 42.51485102
  jla_mock 0.641893 42.91978533 0.21547239 42.98855901
  jla_mock 0.734996 43.41016787 0.22720400 43.34649100
  jla_mock 0.351560 41.71955765 0.13079492 41.43210698
  jla_mock 0.609860 42.75215529 0.17401244 42.85388326
  jla_mock 0.349557 41.57338291 0.13436921 41.41765542
  jla_mock 0.701969 42.86157300 0.18819535 43.22474932
  jla_mock 0.355261 41.52506821 0.10427939 41.45861096
  jla_mock 0.983280 44.30324512 0.25756994 44.12140043
  jla_mock 0.872152 43.80099905 0.26597542 43.80134063
  jla_mock 0.759030 43.21107397 0.20819082 43.43182601
  jla_mock 0.926220 44.14346719 0.24599386 43.96176361
  jla_mock 0.643642 42.94266516 0.22846121 42.99572746
  jla_mock 0.419569 42.04228906 0.13772753 41.88255410
  jla_mock 0.515587 42.57049879 0.20313602 42.41484477
  jla_mock 0.890729 43.79046835 0.21057911 43.85752952
  jla_mock 0.805696 43.71188011 0.22987004 43.59032927
  jla_mock 0.480568 42.18860996 0.10874993 42.23231419
  jla_mock 0.800697 42.97944145 0.24546005 43.57378020
  jla_mock 0.580604 42.98172686 0.18881444 42.72490274
  jla_mock 0.715652 43.21375887 0.24396561 43.27583891
  jla_mock 0.805695 43.93351765 0.23276535 43.59032597
  jla_mock 0.766684 43.17716198 0.25283777 43.45845698
  jla_mock 0.664638 43.09309183 0.19578546 43.08036579
  jla_mock 0.901736 44.22893414 0.25190507 43.89028441
  jla_mock 0.745665 43.38249532 0.21142864 43.38469852
  jla_mock 0.718680 43.17432256 0.20380008 43.28701838
  jla_mock 0.736690 43.04562856 0.19636251 43.35259294
  jla_mock 0.579600 42.64134562 0.12084594 42.72036839
  jla_mock 0.370531 41.47016793 0.10256736 41.56533819
  jla_mock 0.960740 44.26547409 0.23956115 44.05945643
  jla_mock 0.850729 43.63244299 0.21179952 43.73507669
  jla_mock 0.648640 42.96084488 0.19254569 43.01611076
  jla_mock 0.219462 40.60487391 0.13036783 40.26196681
  jla_mock 0.936755 44.13696979 0.24129989 43.99195180
  jla_mock 0.647639 42.86447215 0.17876349 43.01204038
  jla_mock 0.461564 42.45050374 0.13341110 42.12799943
  jla_mock 0.600603 43.48221252 0.17945434 42.81371586
  jla_mock 0.670654 43.25303805 0.23100742 43.10414845
  jla_mock 0.760698 43.49386782 0.20946016 43.43765154
  jla_mock 0.246492 40.74244956 0.13212126 40.54637902
  jla_mock 0.470573 42.23871970 0.14759396 42.17793941
  jla_mock 0.169455 39.74709158 0.11209573 39.63766354
  jla_mock 0.497379 42.39880359 0.12912927 42.32143557
  jla_mock 0.638234 42.97113441 0.19688575 42.97350203
  jla_mock 0.507371 42.35087022 0.14542671 42.37308383
  jla_mock 0.535327 42.40362401 0.14229510 42.51268936
  jla_mock 0.587285 42.96884028 0.16639385 42.75488905
  jla_mock 0.773081 43.65812870 0.25620999 43.48051857
  jla_mock 0.699166 43.44409520 0.22210270 43.21416597
  jla_mock 0.370511 41.65696068 0.12736057 41.56520108
  jla_mock 0.761089 43.55281832 0.22808946 43.43901534
  jla_mock 0.699169 43.56842522 0.21959570 43.21417732
  jla_mock 0.788060 43.56849489 0.19242158 43.53149594
  jla_mock 0.373513 41.74453041 0.13202741 41.58570563
  jla_mock 0.405478 42.00153717 0.13198879 41.79507130
  jla_mock 0.852994 43.83318061 0.25729076 43.74215894
  jla_mock 0.808048 43.83908696 0.24185374 43.59808117
  jla_mock 0.603272 43.00912952 0.18397635 42.82535672
  jla_mock 0.583290 42.64010182 0.17902789 42.73699721
  jla_mock 0.534335 42.61648679 0.14774220 42.50785365
  jla_mock 0.720140 43.42416804 0.24070231 43.29239263
  jla_mock 0.400485 41.87776418 0.21060605 41.76339635
  jla_mock 0.837004 43.86415252 0.21502566 43.69176490
  jla_mock 0.371508 41.62728502 0.10193219 41.57202784
  jla_mock 0.806041 43.69588347 0.25907683 43.59146772
  jla_mock 0.840005 43.71312937 0.23506835 43.70129378
  jla_mock 0.500728 42.47932240 0.12981336 42.33885355
  jla_mock 0.532765 42.62574982 0.17422186 42.50018312
  jla_mock 0.533766 42.59698503 0.18215335 42.50507613
  jla_mock 0.932229 44.19065290 0.34152943 43.97902349
  jla_mock 0.822103 43.46582613 0.25790730 43.64395405
  jla_mock 0.553797 42.82454251 0.13544877 42.60122283
  jla_mock 0.125298 39.21543697 0.13709229 38.92293877
  jla_mock 0.842123 43.34040438 0.28302626 43.70799902
  jla_mock 0.443668 42.26200902 0.15186631 42.02604821
  jla_mock 0.727675 43.27434697 0.24978201 43.31996388
  jla_mock 0.683659 42.81564380 0.41253064 43.15487294
  jla_mock 0.442548 42.33793357 0.13367762 42.01954139
  jla_mock 0.726679 43.49236570 0.20021505 43.31633517
  jla_mock 0.282510 41.01448559 0.12747632 40.88366322
  jla_mock 0.404549 41.92056201 0.12965359 41.78920526
  jla_mock 0.519611 42.50364124 0.13964385 42.43507170
  jla_mock 0.690652 43.18623304 0.23214813 43.18176896
  jla_mock 1.060801 44.37753048 0.27869308 44.32423223
  jla_mock 0.576612 42.76918244 0.15376326 42.70682983
  jla_mock 0.268489 41.05091807 0.12614174 40.75734943
  jla_mock 0.720680 43.46746722 0.25106936 43.29437771
  jla_mock 0.250498 40.60971295 0.13111277 40.58605882
  jla_mock 0.760691 43.27771428 0.27664014 43.43762712
  jla_mock 0.698167 43.42509406 0.26129048 43.21038422
  jla_mock 0.550315 42.92856552 0.16854352 42.58474650
  jla_mock 0.730128 43.08243548 0.23524622 43.32888057
  jla_mock 0.847985 43.86087107 0.24702775 43.72647209
  jla_mock 0.997826 44.70331118 0.24705649 44.16063709
  jla_mock 0.435446 42.03387657 0.13052406 41.97792194
  jla_mock 0.409470 41.92559463 0.12922369 41.82013748
  jla_mock 0.301590 41.14154637 0.12598595 41.04658579
  jla_mock 1.299106 45.19800094 0.19340708 44.86622170
  jla_mock 1.020807 44.66615348 0.23668119 44.22149044
  jla_mock 0.839734 43.97091304 0.19264717 43.70043465
  jla_mock 1.120850 44.44969680 0.20807086 44.47149026
  jla_mock 1.230892 44.87528969 0.23900250 44.72198803
  jla_mock 0.974230 44.17073494 0.18427047 44.09669905
  jla_mock 0.970782 43.68212009 0.33863365 44.08722847
  jla_mock 0.064229 37.56068690 0.15072784 37.38367208
  jla_mock 0.129030 39.16183726 0.16416611 38.99181609
  jla_mock 0.102890 38.46932953 0.14983539 38.46361443
  jla_mock 0.044130 36.75340285 0.17359564 36.53790737
  jla_mock 0.113040 38.77784914 0.15276523 38.68228835
  jla_mock 0.256110 40.75536147 0.20496122 40.64067411
  jla_mock 0.380260 41.60478790 0.28702753 41.63124000
  jla_mock 0.145470 39.38432386 0.16218924 39.27457233
  jla_mock 0.088890 38.32779951 0.14636771 38.12583382
  jla_mock 0.260590 40.44103779 0.18294429 40.68348731
  jla_mock 0.078910 38.26982367 0.15602647 37.85259413
  jla_mock 0.083040 38.17045120 0.15331705 37.96945274
  jla_mock 0.165650 39.74287464 0.13854363 39.58339248
  jla_mock 0.168170 39.78970266 0.16196037 39.61946333
  jla_mock 0.170630 39.77985123 0.16520984 39.65419380
  jla_mock 0.170280 39.64957674 0.17035518 39.64928098
  jla_mock 0.120440 38.93247576 0.15109792 38.83033422
  jla_mock 0.276530 41.06617683 0.21443501 40.83051212
  jla_mock 0.231600 40.48951397 0.18253328 40.39346548
  jla_mock 0.305690 41.53687089 0.26735001 41.08035322
  jla_mock 0.079970 38.08122462 0.16566195 37.88313388
  jla_mock 0.174150 39.84552104 0.15831009 39.70308864
  jla_mock 0.138680 39.44374706 0.16604939 39.16160914
  jla_mock 0.146070 39.38437116 0.16391832 39.28431597
  jla_mock 0.081330 38.05662971 0.14393418 37.92175604
  jla_mock 0.233800 40.55951608 0.17178002 40.41661639
  jla_mock 0.256550 40.53856712 0.17733386 40.64490939
  jla_mock 0.245620 40.43396957 0.20041043 40.53766308
  jla_mock 0.125930 39.22979930 0.19132506 38.93473721
  jla_mock 0.223510 40.55808441 0.21582750 40.30655156
  jla_mock 0.102640 38.19429522 0.14663754 38.45797501
  jla_mock 0.119670 38.87851615 0.14566661 38.81533475
  jla_mock 0.180550 39.71398274 0.16851019 39.78968278
  jla_mock 0.197090 40.06629466 0.17389574 40.00093917
  jla_mock 0.229160 40.69887383 0.19939442 40.36755056
  jla_mock 0.264510 40.91367559 0.19876199 40.72039640
  jla_mock 0.103370 38.41923184 0.12264053 38.47440587
  jla_mock 0.364410 41.44765365 0.23042794 41.52305266
  jla_mock 0.205600 40.39082845 0.15584351 40.10331215
  jla_mock 0.179810 39.94083098 0.19620482 39.77981734
  jla_mock 0.199590 40.09433314 0.18224440 40.03143112
  jla_mock 0.156530 39.68044514 0.15012954 39.44843626
  jla_mock 0.161800 39.58256386 0.14760764 39.52728616
  jla_mock 0.209530 40.34941942 0.20608020 40.14927240
  jla_mock 0.241790 40.79641928 0.19813238 40.49904000
  jla_mock 0.236460 40.66155213 0.16266354 40.44434112
  jla_mock 0.226680 40.13250263 0.21050732 40.34094863
  jla_mock 0.296780 41.30022623 0.19716042 41.00642792
  jla_mock 0.208520 40.12938380 0.16317028 40.13753731
  jla_mock 0.251040 40.32575367 0.22085837 40.59138241
  jla_mock 0.250120 40.74267455 0.17967388 40.58233978
  jla_mock 0.117710 38.89935773 0.14551100 38.77674059
  jla_mock 0.219710 40.38057532 0.16999397 40.26472003
  jla_mock 0.149010 39.67181814 0.14890457 39.33152597
  jla_mock 0.287420 40.66797220 0.18840122 40.92653533
  jla_mock 0.143600 39.28429956 0.16639625 39.24396193
  jla_mock 0.328370 41.15324660 0.19601268 41.25993440
  jla_mock 0.246250 40.48535975 0.16506508 40.54396300
  jla_mock 0.119660 39.24026780 0.15026680 38.81513935
  jla_mock 0.328380 41.10844532 0.27642285 41.26001103
  jla_mock 0.215130 40.50979092 0.18366862 40.21340500
  jla_mock 0.144780 39.21896511 0.13616902 39.26332062
  jla_mock 0.132430 39.03660534 0.12839376 39.05295780
  jla_mock 0.210820 40.36897950 0.16235031 40.16418499
  jla_mock 0.203990 40.12511085 0.15780808 40.08424872
  jla_mock 0.279520 40.79639247 0.16701092 40.85721851
  jla_mock 0.044280 36.73825273 0.15509722 36.54550888
  jla_mock 0.180370 39.87190469 0.15078404 39.78728654
  jla_mock 0.260700 40.96777474 0.18972170 40.68452998
  jla_mock 0.056540 37.13083319 0.18696980 37.09512776
  jla_mock 0.212600 40.27658915 0.19194689 40.18462419
  jla_mock 0.369410 41.76865833 0.23700047 41.55764247
  jla_mock 0.173860 39.82452526 0.13051969 39.69909525
  jla_mock 0.142650 39.33539380 0.16862649 39.22826819
  jla_mock 0.177890 39.86455982 0.17323466 39.75404371
  jla_mock 0.328370 41.37863035 0.20656404 41.25993440
  jla_mock 0.253510 40.69089162 0.19560920 40.61550974
  jla_mock 0.300010 40.96344907 0.19320267 41.03346007
  jla_mock 0.105890 38.41649842 0.14607715 38.53029502
  jla_mock 0.223280 40.33187447 0.16843887 40.30403838
  jla_mock 0.118450 38.72621333 0.12252294 38.79138243
  jla_mock 0.176530 40.02708573 0.17118858 39.73563069
  jla_mock 0.182800 40.01117003 0.18906536 39.81945031
  jla_mock 0.297620 41.26993818 0.22708191 41.01348391
  jla_mock 0.196990 40.11627033 0.16336648 39.99971206
  jla_mock 0.152950 39.52802374 0.14755004 39.39344849
  jla_mock 0.248500 40.58163651 0.17447627 40.56634213
  jla_mock 0.138180 39.02165592 0.12408786 39.15308754
  jla_mock 0.207040 40.40852359 0.17044837 40.12024608
  jla_mock 0.214680 40.63962985 0.18059604 40.20830882
  jla_mock 0.306320 41.34686768 0.21502986 41.08550488
  jla_mock 0.246950 40.82099785 0.17120148 40.55094551
  jla_mock 0.198010 39.89968314 0.14489973 40.01220161
  jla_mock 0.222560 40.36405324 0.15195110 40.29615558
  jla_mock 0.135080 39.02984429 0.15130600 39.09960029
  jla_mock 0.210540 40.29736983 0.18260591 40.16095532
  jla_mock 0.272580 41.14544188 0.16910743 40.79482057
  jla_mock 0.246600 40.61696142 0.16168519 40.54745654
  jla_mock 0.220680 40.26488142 0.19428942 40.27546119
  jla_mock 0.274470 40.84458269 0.19147108 40.81195729
  jla_mock 0.176560 39.96635188 0.15540451 39.73603828
  jla_mock 0.310880 41.22249064 0.22015615 41.12250493
  jla_mock 0.184350 39.93845099 0.17307932 39.83975978
  jla_mock 0.159350 39.77883485 0.14827050 39.49093145
  jla_mock 0.219760 40.31696509 0.16604587 40.26527477
  jla_mock 0.252050 40.57393654 0.18410044 40.60127456
  jla_mock 0.181220 40.04694613 0.14940352 39.79858271
  jla_mock 0.173730 39.66220026 0.13336424 39.69730310
  jla_mock 0.380470 42.16661032 0.24246083 41.63264525
  jla_mock 0.178650 39.65173553 0.17172186 39.76427650
  jla_mock 0.245680 40.42502765 0.18910008 40.53826371
  jla_mock 0.209100 40.32002367 0.16102286 40.14428268
  jla_mock 0.249470 40.60361336 0.20970726 40.57593247
  jla_mock 0.133920 39.19868444 0.16606211 39.07928968
  jla_mock 0.177060 40.16700270 0.16039966 39.74282196
  jla_mock 0.281110 41.08267718 0.18775324 40.87131332
  jla_mock 0.173830 39.73467742 0.15186906 39.69868179
  jla_mock 0.196540 40.14809282 0.16513423 39.99418292
  jla_mock 0.363970 41.08086446 0.22724835 41.51998782
  jla_mock 0.378350 41.90765648 0.26733097 41.61842592
  jla_mock 0.316460 40.95277351 0.21038880 41.16710744
  jla_mock 0.183220 39.72473781 0.13519430 39.82496925
  jla_mock 0.241020 40.74238776 0.16773658 40.49120702
  jla_mock 0.202030 39.99780325 0.19953174 40.06085237
  jla_mock 0.168690 39.97652891 0.16511959 39.62684391
  jla_mock 0.197940 40.26551980 0.17492454 40.01134639
  jla_mock 0.122760 38.94984769 0.14574653 38.87498830
  jla_mock 0.203180 39.81466703 0.16105255 40.07460514
  jla_mock 0.127390 39.19097204 0.14895509 38.96178192
  jla_mock 0.275490 40.94866649 0.19972760 40.82116060
  jla_mock 0.144680 39.37073253 0.14721731 39.26168579
  jla_mock 0.334360 41.89929519 0.24977783 41.30545460
  jla_mock 0.195800 39.95412342 0.15392559 39.98506502
  jla_mock 0.193920 40.07436460 0.16374737 39.96175638
  jla_mock 0.249730 40.84366694 0.18580683 40.57849724
  jla_mock 0.148600 39.44975855 0.14879989 39.32499474
  jla_mock 0.155960 39.43986881 0.14872192 39.43976020
  jla_mock 0.095820 38.40816869 0.15034816 38.29888959
  jla_mock 0.150650 39.62688090 0.15872946 39.35748429
  jla_mock 0.309330 41.57127186 0.24715745 41.10998454
  jla_mock 0.248570 40.46512431 0.17340396 40.56703537
  jla_mock 0.365540 41.94133486 0.24311996 41.53090809
  jla_mock 0.117710 38.70920847 0.12847626 38.77674059
  jla_mock 0.191760 39.72715104 0.14428474 39.93471648
  jla_mock 0.182550 39.95391662 0.16171197 39.81615965
  jla_mock 0.234720 40.35502087 0.18444964 40.42623815
  jla_mock 0.246470 40.77634478 0.19927669 40.54615947
  jla_mock 0.288450 41.16992099 0.18873457 40.93544325
  jla_mock 0.209600 40.21202311 0.19927022 40.15008378
  jla_mock 0.191980 40.34074249 0.17965405 39.93748342
  jla_mock 0.114020 38.68162632 0.12215388 38.70241012
  jla_mock 0.113890 39.19949465 0.18397194 38.69975030
  jla_mock 0.198800 40.00688947 0.20967258 40.02183405
  jla_mock 0.220580 40.32068826 0.22796022 40.27435587
  jla_mock 0.182570 40.04376699 0.16453718 39.81642306
  jla_mock 0.158950 39.85923951 0.16372575 39.48494661
  jla_mock 0.078490 38.26126902 0.14911597 37.84038499
  jla_mock 0.138640 39.31903347 0.13217046 39.16092847
  jla_mock 0.180790 39.46849982 0.15445548 39.79287433
  jla_mock 0.177570 39.95468361 0.18629282 39.74972302
  jla_mock 0.170660 39.60221153 0.16102003 39.65461446
  jla_mock 0.233810 40.44848674 0.20858516 40.41672116
  jla_mock 0.071530 37.62661312 0.17410666 37.62841570
  jla_mock 0.154630 39.71225268 0.18791656 39.41940058
  jla_mock 0.090100 38.16005035 0.15950858 38.15695339
  jla_mock 0.176580 39.44262810 0.20448697 39.73630997
  jla_mock 0.130450 38.96829401 0.16440638 39.01753336
  jla_mock 0.182040 39.90791268 0.17166998 39.80943370
  jla_mock 0.256170 40.82611580 0.17261330 40.64125204
  jla_mock 0.138110 39.07569276 0.14854031 39.15189221
  jla_mock 0.170700 39.76114877 0.16749506 39.65517524
  jla_mock 0.216740 40.22019964 0.14793120 40.23155770
  jla_mock 0.245550 40.40364216 0.17887642 40.53696217
  jla_mock 0.143820 39.44301697 0.16709807 39.24758242
  jla_mock 0.248620 40.88944466 0.18856198 40.56753043
  jla_mock 0.145330 39.39742938 0.17138622 39.27229342
  jla_mock 0.135880 39.01896818 0.12760365 39.11351263
  jla_mock 0.058740 37.08118895 0.12754402 37.18137021
  jla_mock 0.036520 36.18132348 0.15191506 36.11499823
  jla_mock 0.277490 40.90420221 0.22703402 40.83911561
  jla_mock 0.205150 39.87052255 0.29701418 40.09799780
  jla_mock 0.280510 40.77595535 0.20078942 40.86600318
  jla_mock 0.198670 40.21984921 0.16215673 40.02025140
  jla_mock 0.159990 39.58063418 0.15164286 39.50047815
  jla_mock 0.210750 40.16914234 0.18113105 40.16337794
  jla_mock 0.071950 37.70689890 0.17245857 37.64175542
  jla_mock 0.237820 40.64453777 0.19074175 40.45840525
  jla_mock 0.141390 39.22040738 0.17359013 39.20730191
  jla_mock 0.155060 39.85459256 0.15760876 39.42600081
  jla_mock 0.370130 41.89129249 0.22886799 41.56258778
  jla_mock 0.093910 38.46954966 0.17056414 38.25241093
  jla_mock 0.118630 38.71703753 0.17057943 38.79493094
  jla_mock 0.153630 39.62431593 0.15381057 39.40398478
  jla_mock 0.253560 40.35959950 0.16809525 40.61599591
  jla_mock 0.107250 38.74272238 0.14420228 38.55993725
  jla_mock 0.129610 39.24160885 0.15302154 39.00235225
  jla_mock 0.266650 40.57012539 0.19376454 40.74033372
  jla_mock 0.212260 40.43515401 0.16262819 40.18073232
  jla_mock 0.278220 41.01779527 0.18167466 40.84563951
  jla_mock 0.245400 40.61425819 0.16811689 40.53545960
  jla_mock 0.133620 39.00976064 0.15059378 39.07401011
  jla_mock 0.176560 39.76766234 0.16208219 39.73603828
  jla_mock 0.113680 39.03095753 0.14584429 38.69544762
  jla_mock 0.320380 41.85167420 0.26368273 41.19801010
  jla_mock 0.112710 38.67698018 0.12253270 38.67547563
  jla_mock 0.106020 38.78129861 0.14472955 38.53314397
  jla_mock 0.391350 41.88680804 0.26610488 41.70448789
  jla_mock 0.155750 39.47859050 0.14611530 39.43655631
  jla_mock 0.186670 39.87508617 0.16762102 39.86986452
  jla_mock 0.196710 40.05995625 0.16669908 39.99627308
  jla_mock 0.191910 39.80371822 0.17339098 39.93660335
  jla_mock 0.190840 39.92850005 0.15087610 39.92311374
  jla_mock 0.176250 39.88621326 0.15361286 39.73182344
  jla_mock 0.128370 39.02605121 0.15035584 38.97977249
  jla_mock 0.122620 39.13446492 0.14734428 38.87231625
  jla_mock 0.127150 39.05374424 0.14706216 38.95735627
  jla_mock 0.213230 40.42365581 0.17620944 40.19182042
  jla_mock 0.218610 40.53151322 0.18110338 40.25248623
  jla_mock 0.268560 40.65198079 0.19152223 40.75800422
  jla_mock 0.204660 40.39418588 0.16518790 40.09219879
  jla_mock 0.267100 40.75320858 0.17377576 40.74450740
  jla_mock 0.217570 40.42832196 0.17264916 40.24086733
  jla_mock 0.241850 40.34152585 0.17151433 40.49964940
  jla_mock 0.293500 41.04977605 0.20071643 40.97869876
  jla_mock 0.353460 41.63715205 0.23113786 41.44574541
  jla_mock 0.185630 39.82545107 0.15494760 39.85641243
  jla_mock 0.285430 40.99718365 0.19928385 40.90924132
  jla_mock 0.194940 40.10763840 0.16836015 39.97442839
  jla_mock 0.075920 38.02023846 0.14499851 37.76428887
  jla_mock 0.163570 39.53951036 0.15777754 39.55323307
  jla_mock 0.257210 40.84785354 0.20821329 40.65124979
  jla_mock 0.219550 40.04413226 0.18725136 40.26294408
  jla_mock 0.175580 39.66047171 0.15163366 39.72269036
  jla_mock 0.226670 40.51147770 0.18608202 40.34084082
  jla_mock 0.153220 39.41729230 0.15082218 39.39763723
  jla_mock 0.210250 40.55961925 0.19550076 40.15760614
  jla_mock 0.121640 38.76257044 0.12361443 38.85353115
  jla_mock 0.291350 41.02342715 0.19904915 40.96036745
  jla_mock 0.294480 41.11303499 0.27859702 40.98701345
  jla_mock 0.164550 39.53379211 0.12599124 39.56748698
  jla_mock 0.307020 41.43690463 0.20906564 41.09121752
  jla_mock 0.198630 39.95390106 0.16157737 40.01976424
  jla_mock 0.268210 40.89215004 0.21539519 40.75477485
  jla_mock 0.401280 42.41005129 0.24823001 41.76846410
  jla_mock 0.136680 39.37944210 0.15334431 39.12734848
  jla_mock 0.295420 41.21491993 0.24720467 40.99496487
  jla_mock 0.291920 40.97205569 0.19219946 40.96523948
  jla_mock 0.090070 38.05449981 0.12096556 38.15618664
  jla_mock 0.205570 40.13508916 0.18292629 40.10295819
  jla_mock 0.145820 39.33389144 0.14934529 39.28026067
  jla_mock 0.117670 38.93856753 0.14486540 38.77594667
  jla_mock 0.054990 37.13102563 0.14997934 37.03239938
  jla_mock 0.174200 39.97864942 0.15142908 39.70377654
  jla_mock 0.244950 40.82718586 0.18020903 40.53094681
  jla_mock 0.224520 40.36245486 0.18249954 40.31755948
  jla_mock 0.245580 40.59496590 0.16228277 40.53726258
  jla_mock 0.283510 41.00039517 0.21250233 40.89245014
  jla_mock 0.180560 40.06056046 0.17619167 39.78981584
  jla_mock 0.103910 38.51970988 0.12352191 38.48648974
  jla_mock 0.129610 39.00786882 0.15326847 39.00235225
  jla_mock 0.243520 40.71211356 0.16045597 40.51655525
  jla_mock 0.331360 41.34005414 0.26935111 41.28275125
  jla_mock 0.243480 40.51975400 0.19048000 40.51615157
  jla_mock 0.314680 41.21950997 0.17577640 41.15295859
  jla_mock 0.218650 40.33427954 0.18935500 40.25293209
  jla_mock 0.260140 40.58778659 0.21925656 40.67921764
  jla_mock 0.282430 41.03985056 0.19830733 40.88295904
  jla_mock 0.300410 40.99815064 0.20581539 41.03678905
  jla_mock 0.151860 39.44378148 0.14864409 39.37646794
  jla_mock 0.263570 40.37968196 0.18936772 40.71159189
  jla_mock 0.213820 40.19313021 0.20621233 40.19854195
  jla_mock 0.162840 39.39926505 0.16761662 39.54256362
  jla_mock 0.124400 39.06974276 0.17140549 38.90607803
  jla_mock 0.194650 40.08809424 0.13938689 39.97083181
  jla_mock 0.205540 40.39092990 0.18299408 40.10260419
  jla_mock 0.106670 38.66846720 0.14588621 38.54733939
  jla_mock 0.187720 40.01702028 0.18724598 39.88337565
  jla_mock 0.163870 39.72256531 0.15682059 39.55760493
  jla_mock 0.290210 41.30564108 0.19470283 40.95059702
  jla_mock 0.094010 38.34806228 0.12497638 38.25486653
  jla_mock 0.227860 40.49966263 0.18009820 40.35363931
  jla_mock 0.107510 38.37193577 0.14764565 38.56556368
  jla_mock 0.310650 41.74806905 0.22259423 41.12065070
  jla_mock 0.145640 39.41410686 0.15575872 39.27733684
  jla_mock 0.087840 38.20149340 0.12609586 38.09850103
  jla_mock 0.148390 39.44569536 0.15572534 39.32164294
  jla_mock 0.286620 41.08965466 0.19365541 40.91959626
  jla_mock 0.122810 39.15508503 0.13329108 38.87594191
  jla_mock 0.186550 39.85168074 0.20280242 39.86831590
  jla_mock 0.128930 39.04389726 0.15503539 38.98999503
  jla_mock 0.194220 39.98710716 0.16863568 39.96548983
  jla_mock 0.148000 39.36123932 0.14676099 39.31540643
  jla_mock 0.211790 40.22507537 0.22866165 40.17534289
  jla_mock 0.179620 39.87940399 0.17351314 39.77727823
  jla_mock 0.263490 40.62381755 0.18130204 40.71084123
  jla_mock 0.192150 39.87689806 0.15956887 39.93961949
  jla_mock 0.338800 41.58862256 0.22987627 41.33871350
  jla_mock 0.117410 38.69179816 0.14766783 38.77078001
  jla_mock 0.143100 39.26297779 0.16841647 39.23571421
  jla_mock 0.160350 39.59217130 0.13218212 39.50583255
  jla_mock 0.288720 41.35459008 0.21129560 40.93777350
  jla_mock 0.123030 38.97906630 0.15464992 38.88013347
  jla_mock 0.264050 40.43363304 0.18533646 40.71609141
  jla_mock 0.126080 38.97514124 0.17182656 38.93752932
  jla_mock 0.173740 39.59921089 0.14981160 39.69744100
  jla_mock 0.164400 39.82077972 0.14972618 39.56531039
  jla_mock 0.249610 40.69408256 0.16242204 40.57731380
  jla_mock 0.159990 39.35653543 0.15136580 39.50047815
  jla_mock 0.244480 40.32208320 0.15150476 40.52622528
  jla_mock 0.248510 40.75317657 0.17707716 40.56644117
  jla_mock 0.228930 40.56119189 0.16847625 40.36509465
  jla_mock 0.085280 38.14442447 0.14384543 38.03053562
  jla_mock 0.062818 37.46718379 0.14854713 37.33330552
  jla_mock 0.277450 40.94130201 0.23370164 40.83875768
  jla_mock 0.275440 41.03491084 0.21508178 40.82071019
  jla_mock 0.330510 41.31449580 0.21087893 41.27628421
  jla_mock 0.361930 41.75960248 0.24565378 41.50573334
  jla_mock 0.331030 40.93857691 0.21800830 41.28024234
  jla_mock 0.160500 39.58059155 0.12714994 39.50806025
  jla_mock 0.300210 40.93255511 0.20430208 41.03512507
  jla_mock 0.116350 38.94987226 0.12231010 38.74960383
  jla_mock 0.218290 40.40580793 0.16062208 40.24891663
  jla_mock 0.119670 38.84621952 0.12046332 38.81533475
  jla_mock 0.154730 39.36972883 0.12395445 39.42093704
  jla_mock 0.178100 40.03125490 0.16562813 39.75687524
  jla_mock 0.250370 40.72459502 0.16560962 40.58480004
  jla_mock 0.251740 40.44264354 0.14466362 40.59824225
  jla_mock 0.129530 39.00450903 0.14518911 39.00090162
  jla_mock 0.309290 41.23495527 0.18810950 41.10966066
  jla_mock 0.278520 41.05081404 0.17881943 40.84831601
  jla_mock 0.185810 39.70707248 0.13605911 39.85874567
  jla_mock 0.066510 37.57358604 0.17228058 37.46288716
  jla_mock 0.258000 40.90682601 0.18756945 40.65881939
  jla_mock 0.298880 40.49182189 0.21609463 41.02403360
  jla_mock 0.270440 41.23278246 0.22437165 40.77528452
  jla_mock 0.279160 40.86070681 0.17183675 40.85401700
  jla_mock 0.292870 41.05459361 0.21554431 40.97334010
  jla_mock 0.189650 40.19456239 0.15711153 39.90802874
  jla_mock 0.265760 40.82709624 0.19291042 40.73205999
  jla_mock 0.123760 39.07900125 0.14509081 38.89399154
  jla_mock 0.182550 40.03430818 0.14971699 39.81615965
  jla_mock 0.056340 37.18130661 0.14895035 37.08712772
  jla_mock 0.312880 41.38722127 0.18264477 41.13857562
  jla_mock 0.309150 41.27743137 0.22328713 41.10852682
  jla_mock 0.200610 40.18867448 0.15587566 40.04377042
  jla_mock 0.326400 41.66957820 0.20549386 41.24479642
  jla_mock 0.211630 40.17676069 0.13899445 40.17350567
  jla_mock 0.179690 39.90567706 0.15636245 39.77821398
  jla_mock 0.302400 40.93426398 0.19662226 41.05329027
  jla_mock 0.109240 38.67225093 0.14870399 38.60267717
  jla_mock 0.085220 38.23737369 0.15002378 38.02891950
  jla_mock 0.202310 39.94153036 0.16131988 40.06420752
  jla_mock 0.126490 39.06997230 0.15584855 38.94514516
  jla_mock 0.214570 40.24469885 0.16812914 40.20706159
  jla_mock 0.320450 41.15646880 0.19168742 41.19855877
  jla_mock 0.218350 40.30744287 0.17273249 40.24958630
  jla_mock 0.190100 40.07220002 0.15982384 39.91374343
  jla_mock 0.092430 38.47319765 0.15614025 38.21577494
  jla_mock 0.379860 41.75113361 0.18489314 41.62856135
  jla_mock 0.211340 40.42486652 0.16607978 40.17017243
  jla_mock 0.258330 40.54754740 0.18011571 40.66197505
  jla_mock 0.183270 39.67841309 0.16855779 39.82562548
  jla_mock 0.212950 40.26411511 0.17784935 40.18862452
  jla_mock 0.116510 38.63592535 0.15544019 38.75281185
  jla_mock 0.144010 39.24638695 0.17185674 39.25070505
  jla_mock 0.252490 40.27923391 0.18599877 40.60557260
  jla_mock 0.255390 40.96242353 0.21319916 40.63372916
  jla_mock 0.216980 40.45359258 0.18860575 40.23425302
  jla_mock 1.265901 45.39941748 0.22380442 44.79698974
  jla_mock 0.935774 44.18338796 0.22958872 43.98915483
  jla_mock 0.049519 37.04665146 0.20228994 36.79643881
  jla_mock 0.030325 35.73749992 0.18207848 35.70156680
  jla_mock 0.074579 37.90966173 0.21872943 37.72359936
  jla_mock 0.025198 35.42579627 0.22034080 35.29122886
  jla_mock 0.014411 33.85150754 0.20528439 34.06048197
  jla_mock 0.020792 34.68225659 0.19750056 34.86681304
  jla_mock 0.035218 36.17790674 0.20378488 36.03411951
  jla_mock 0.041657 36.42637556 0.21523275 36.40882742
  jla_mock 0.042400 36.39669988 0.20618664 36.44837502
  jla_mock 0.018902 34.88348195 0.18361956 34.65682456
  jla_mock 0.078840 37.99422907 0.21534076 37.85056359
  jla_mock 0.063345 37.45527796 0.20758765 37.35224323
  jla_mock 0.027637 35.53732783 0.23141589 35.49574473
  jla_mock 0.049325 36.43190653 0.21068097 36.78761579
  jla_mock 0.070153 37.83486652 0.22041411 37.58414793
  jla_mock 0.023909 35.27728009 0.18367797 35.17514301
  jla_mock 0.053126 37.20895037 0.22335947 36.95466158
  jla_mock 0.024951 35.02724775 0.18978288 35.26944337
  jla_mock 0.015664 34.51425636 0.20165316 34.24355971
  jla_mock 0.048984 36.77886522 0.15985830 36.77202553
  jla_mock 0.022399 35.20263388 0.18927946 35.03105780
  jla_mock 0.034854 36.06901414 0.23666209 36.01098585
  jla_mock 0.016966 34.90744809 0.20291443 34.41905369
  jla_mock 0.030721 35.90263976 0.18171781 35.73036747
  jla_mock 0.030482 36.00011111 0.18203752 35.71302906
  jla_mock 0.010550 33.53534358 0.21945028 33.37697498
  jla_mock 0.014256 34.14742320 0.17170736 34.03674778
  jla_mock 0.027688 35.72391724 0.18124529 35.49982939
  jla_mock 0.053860 36.96477151 0.15903793 36.98558282
  jla_mock 0.017672 34.86465801 0.19251135 34.50872719
  jla_mock 0.017450 34.78620666 0.17037052 34.48091679
  jla_mock 0.015573 34.43029959 0.20219934 34.23076011
  jla_mock 0.010060 33.29216361 0.23112569 33.27290010
  jla_mock 0.054931 37.19577192 0.18431298 37.02997807
  jla_mock 0.039083 36.25852688 0.16317419 36.26630443
  jla_mock 0.078317 37.62878083 0.18391968 37.83533784
  jla_mock 0.031764 35.99297072 0.15356487 35.80451887
  jla_mock 0.014440 34.28108280 0.22581465 34.06489449
  jla_mock 0.013533 33.87863713 0.22079334 33.92255325
  jla_mock 0.026677 35.52285658 0.19349962 35.41744509
  jla_mock 0.023360 35.23490156 0.17880596 35.12382045
  jla_mock 0.036934 36.56249144 0.19001518 36.14012659
  jla_mock 0.023552 35.03341162 0.17819828 35.14190296
  jla_mock 0.017483 34.71618723 0.19211831 34.48507280
  jla_mock 0.040259 36.46792686 0.17447686 36.33251957
  jla_mock 0.030381 36.05230199 0.20408145 35.70566190
  jla_mock 0.015504 34.29662424 0.20027602 34.22100552
  jla_mock 0.014151 34.22469373 0.18788306 34.02052423
  jla_mock 0.015487 34.40217300 0.18431337 34.21859562
  jla_mock 0.015554 34.07209932 0.19852180 34.22807833
  jla_mock 0.037075 36.05958781 0.15485493 36.14862211
  jla_mock 0.015482 34.19473396 0.20249750 34.21788633
  jla_mock 0.013324 34.18228235 0.18643777 33.88841558
  jla_mock 0.014575 34.05889893 0.20791179 34.08532079
  jla_mock 0.015791 34.43818976 0.19846605 34.26130051
  jla_mock 0.024746 35.50750639 0.17954713 35.25120075
  jla_mock 0.027748 35.76075426 0.17503344 35.50462544
  jla_mock 0.010888 33.66833100 0.25477943 33.44600638
  jla_mock 0.013652 33.75302809 0.18670962 33.94175799
  jla_mock 0.035755 35.65107956 0.16295663 36.06782528
  jla_mock 0.024725 35.19490006 0.17710562 35.24932362
  jla_mock 0.038086 36.50094256 0.17051564 36.20862960
  jla_mock 0.021541 35.04315760 0.17711857 34.94486566
  jla_mock 0.019581 34.98185979 0.17898631 34.73455541
  jla_mock 0.030416 35.70880597 0.17571774 35.70821759
  jla_mock 0.039219 36.59182453 0.17021381 36.27406046
  jla_mock 0.034971 36.00155293 0.15987848 36.01844730
  jla_mock 0.028561 35.73961327 0.17650121 35.56862791
  jla_mock 0.020997 35.14286393 0.18822756 34.88844780
  jla_mock 0.032538 36.00254756 0.18232286 35.85802163
  jla_mock 0.015469 34.48705019 0.19318910 34.21604112
  jla_mock 0.015678 34.71999569 0.20747940 34.24552235
  jla_mock 0.027499 35.21291699 0.15598630 35.48465493
  jla_mock 0.046856 36.83417382 0.17134850 36.67229170
  jla_mock 0.033173 35.90153514 0.18295753 35.90099459
  jla_mock 0.010291 33.32649907 0.23549671 33.32257649
  jla_mock 0.080103 38.01165911 0.17116407 37.88693845
  jla_mock 0.012317 34.00111114 0.20020781 33.71612539
  jla_mock 0.024586 35.27116270 0.20631378 35.23685912
  jla_mock 0.014467 34.59818319 0.20827809 34.06899482
  jla_mock 0.015154 34.08354723 0.18399751 34.17085499
  jla_mock 0.029086 35.84061815 0.17337203 35.60901553
  jla_mock 0.034781 35.69028512 0.17928903 36.00631801
  jla_mock 0.044920 36.54018994 0.14070569 36.57766347
  jla_mock 0.034074 36.02928881 0.16958177 35.96060864
  jla_mock 0.074870 37.75001371 0.14386215 37.73248819
  jla_mock 0.014960 34.32678525 0.19782876 34.14256149
  jla_mock 0.020396 34.83885003 0.17103812 34.82441926
  jla_mock 0.040689 36.31885980 0.17468105 36.35626161
  jla_mock 0.026567 35.50079711 0.18033141 35.40829726
  jla_mock 0.026881 35.42234060 0.15330990 35.43431258
  jla_mock 0.023471 35.20103089 0.17597781 35.13429215
  jla_mock 0.069122 37.55781897 0.19117659 37.55045468
  jla_mock 0.065193 37.52518351 0.15879632 37.41747470
  jla_mock 0.022980 35.10920373 0.17790505 35.08759706
  jla_mock 0.017387 34.55019039 0.19829162 34.47296098
  jla_mock 0.031485 35.69895781 0.15108749 35.78491972
  jla_mock 0.011184 33.84937509 0.19447979 33.50473574
  jla_mock 0.021956 35.12568745 0.17567209 34.98696935
  jla_mock 0.031484 35.76419695 0.15080691 35.78484917
  jla_mock 0.023321 35.04564568 0.20285194 35.12012958
  jla_mock 0.020390 34.92829902 0.18300723 34.82377071
  jla_mock 0.022466 35.09864523 0.18140785 35.03765097
  jla_mock 0.033614 36.07322924 0.18044129 35.93036816
  jla_mock 0.036969 36.14949737 0.17916902 36.14223835
  jla_mock 0.022629 35.29261444 0.18007478 35.05361062
  jla_mock 0.014700 34.26296896 0.18462322 34.10406779
  jla_mock 0.036950 36.08331497 0.14876338 36.14109221
  jla_mock 0.060959 37.55042651 0.12531329 37.26525946
  jla_mock 0.059289 37.21806478 0.12135718 37.20240586
  jla_mock 0.069751 37.64970560 0.15873536 37.57106733
  jla_mock 0.029526 35.75387902 0.17470465 35.64231764
  jla_mock 0.033255 35.94136745 0.17565362 35.90648512
  jla_mock 0.024159 35.55357139 0.18124182 35.19813107
  jla_mock 0.015999 34.21732086 0.19155982 34.29005387
  jla_mock 0.062961 37.32282147 0.16530929 37.33845928
  jla_mock 0.021706 35.06601357 0.19186355 34.96170055
  jla_mock 0.031638 35.80461452 0.18943844 35.79568859
  jla_mock 0.018599 34.27663677 0.17304818 34.62124460
  jla_mock 0.027064 35.49860597 0.17332763 35.44933715
  jla_mock 0.025468 35.42665236 0.18469991 35.31480424
  jla_mock 0.023810 34.90196230 0.19336693 35.16597435
  jla_mock 0.023867 35.24155252 0.18298494 35.17125784
  jla_mock 0.022068 34.93863386 0.16678206 34.99819802
