jla_mock     0.50308   42.26536    0.14571   42.35104
jla_mock     0.58072   42.55586    0.16123   42.72544
jla_mock     0.49479   42.21503    0.12071   42.30792
jla_mock     0.34593   41.28203    0.13253   41.39128
jla_mock     0.67766   43.48091    0.22872   43.13160
jla_mock     0.61071   42.75614    0.22549   42.85755
jla_mock     0.86649   43.39555    0.25803   43.78400
jla_mock     0.33093   41.26640    0.12801   41.27950
jla_mock     0.79857   43.43238    0.25920   43.56670
jla_mock     0.44956   42.24008    0.16140   42.06004
jla_mock     0.37144   41.64312    0.14922   41.57158
jla_mock     0.29172   40.80230    0.14231   40.96351
jla_mock     0.35582   41.57507    0.14101   41.46259
jla_mock     0.46127   42.15474    0.15587   42.12638
jla_mock     0.28361   40.92544    0.13056   40.89333
jla_mock     0.63223   42.88898    0.22183   42.94863
jla_mock     0.46641   42.13366    0.17244   42.15500
jla_mock     0.26862   40.68006    0.12820   40.75859
jla_mock     0.94689   44.09196    0.29225   44.02068
jla_mock     0.92492   44.02367    0.31213   43.95801
jla_mock     0.69317   43.17304    0.29243   43.19137
jla_mock     0.62523   42.81677    0.19089   42.91933
jla_mock     0.89694   43.72620    0.26745   43.87607
jla_mock     0.60826   43.00597    0.15987   42.84699
jla_mock     0.78905   43.57852    0.26933   43.53485
jla_mock     0.57829   42.64475    0.14638   42.71445
jla_mock     0.59028   42.71438    0.18967   42.76823
jla_mock     0.71963   43.24096    0.25305   43.29050
jla_mock     0.21003   40.19389    0.13132   40.15509
jla_mock     0.76659   43.59501    0.22577   43.45813
jla_mock     0.85851   43.61020    0.22290   43.75934
jla_mock     0.36790   41.53819    0.09931   41.54727
jla_mock     0.55875   42.56721    0.15678   42.62447
jla_mock     0.84851   43.67201    0.21739   43.72812
jla_mock     0.99639   44.50259    0.24266   44.15679
jla_mock     0.77659   43.03783    0.26449   43.49256
jla_mock     0.58293   42.67967    0.13307   42.73539
jla_mock     0.58374   42.69031    0.16753   42.73903
jla_mock     0.79655   43.41289    0.22888   43.55998
jla_mock     0.58872   42.98089    0.15579   42.76129
jla_mock     0.91347   43.56678    0.24294   43.92478
jla_mock     0.76859   43.21614    0.23905   43.46504
jla_mock     0.94846   43.98556    0.26528   44.02509
jla_mock     0.51379   42.29220    0.15288   42.40578
jla_mock     0.73361   42.97910    0.19294   43.34148
jla_mock     0.63770   42.70547    0.27011   42.97130
jla_mock     0.76559   43.30104    0.21114   43.45466
jla_mock     0.43486   41.88142    0.15773   41.97447
jla_mock     0.98341   43.84562    0.25880   44.12175
jla_mock     0.58374   42.48865    0.16233   42.73903
jla_mock     0.70063   42.95947    0.21687   43.21970
jla_mock     0.66206   42.95615    0.21295   43.07010
jla_mock     0.83813   43.30491    0.28077   43.69533
jla_mock     0.62187   42.78735    0.17547   42.90516
jla_mock     0.37059   41.56376    0.14292   41.56572
jla_mock     0.41663   41.65292    0.13815   41.86455
jla_mock     0.35857   41.46979    0.10704   41.48209
jla_mock     0.45168   41.97496    0.15279   42.07216
jla_mock     0.52276   42.34176    0.16113   42.45081
jla_mock     0.73400   43.47327    0.30409   43.34288
jla_mock     0.70196   43.43991    0.31177   43.22473
jla_mock     0.74201   43.08664    0.29013   43.37166
jla_mock     0.74612   42.92015    0.21822   43.38631
jla_mock     0.34956   41.58596    0.13473   41.41768
jla_mock     0.59183   42.90305    0.15357   42.77513
jla_mock     0.51475   42.55969    0.15561   42.41060
jla_mock     0.62063   43.25871    0.18447   42.89990
jla_mock     0.64365   42.70416    0.24392   42.99574
jla_mock     1.00280   43.88171    0.33217   44.17391
jla_mock     0.47059   42.15724    0.14421   42.17801
jla_mock     0.61064   43.01626    0.15878   42.85725
jla_mock     0.26349   40.79261    0.12805   40.71081
jla_mock     0.35834   41.30587    0.12919   41.48044
jla_mock     0.74270   42.94079    0.25909   43.37412
jla_mock     0.45156   41.93729    0.11539   42.07145
jla_mock     0.91075   43.81855    0.26165   43.91682
jla_mock     0.55261   42.48776    0.15821   42.59559
jla_mock     0.33753   41.31018    0.12813   41.32927
jla_mock     0.75068   43.57567    0.24281   43.40248
jla_mock     0.98378   43.47576    0.34665   44.12275
jla_mock     0.82270   43.36360    0.22176   43.64588
jla_mock     0.81370   43.46664    0.24257   43.61661
jla_mock     0.95076   44.25334    0.26473   44.03158
jla_mock     0.81773   43.48140    0.24643   43.62977
jla_mock     0.34052   41.34379    0.12574   41.35149
jla_mock     0.96075   44.37892    0.28766   44.05949
jla_mock     0.81072   43.51490    0.27276   43.60686
jla_mock     0.75669   43.60810    0.24755   43.42362
jla_mock     0.61125   42.66393    0.18573   42.85987
jla_mock     0.87797   43.65332    0.22379   43.81907
jla_mock     0.54832   42.46803    0.14258   42.57529
jla_mock     0.80903   43.79651    0.23222   43.60132
jla_mock     1.02880   44.21363    0.28337   44.24234
jla_mock     0.62724   43.01386    0.17555   42.92776
jla_mock     0.42245   41.74750    0.15607   41.90012
jla_mock     0.93390   43.58627    0.35000   43.98380
jla_mock     0.70116   43.22498    0.22741   43.22169
jla_mock     0.69716   42.98521    0.20952   43.20658
jla_mock     0.68518   43.63492    0.27044   43.16074
jla_mock     0.76707   43.32224    0.25234   43.45981
jla_mock     0.93190   43.84126    0.25137   43.97808
jla_mock     0.86398   43.18078    0.24510   43.77625
jla_mock     0.74910   43.45590    0.22590   43.39689
jla_mock     0.51435   42.34346    0.15357   42.40861
jla_mock     0.46841   41.96629    0.11440   42.16601
jla_mock     0.47040   42.00329    0.15655   42.17698
jla_mock     0.95887   44.43817    0.27681   44.05426
jla_mock     0.92791   43.74419    0.29724   43.96663
jla_mock     0.84052   43.99184    0.21913   43.70293
jla_mock     0.63070   42.88550    0.17083   42.94224
jla_mock     0.56275   42.59655    0.14441   42.64315
jla_mock     0.61570   42.75473    0.16969   42.87892
jla_mock     0.82853   43.40447    0.22446   43.66467
jla_mock     0.56474   42.51433    0.16043   42.65238
jla_mock     0.57874   42.77269    0.14758   42.71650
jla_mock     0.55774   42.47202    0.15832   42.61978
jla_mock     0.86450   43.66294    0.22870   43.77785
jla_mock     0.73561   43.30345    0.23469   43.34870
jla_mock     0.85851   43.37892    0.28337   43.75932
jla_mock     0.26198   40.60529    0.10443   40.69667
jla_mock     0.58574   42.74493    0.18661   42.74800
jla_mock     0.76158   43.31117    0.21599   43.44073
jla_mock     0.48880   42.30752    0.11155   42.27631
jla_mock     0.85852   43.68761    0.27431   43.75935
jla_mock     0.68866   42.97053    0.18053   43.17412
jla_mock     0.55874   42.42784    0.15492   42.62446
jla_mock     0.32453   41.19092    0.12602   41.23036
jla_mock     0.48070   42.18119    0.10839   42.23305
jla_mock     0.18537   40.03397    0.13096   39.85305
jla_mock     0.92222   44.53544    0.33855   43.95022
jla_mock     0.68194   42.96978    0.19640   43.14823
jla_mock     0.47571   42.29120    0.10811   42.20600
jla_mock     0.92221   43.66330    0.27644   43.95018
jla_mock     0.89318   44.00122    0.25783   43.86487
jla_mock     0.42865   41.76662    0.14144   41.93748
jla_mock     0.63188   42.84460    0.23474   42.94717
jla_mock     0.69996   43.02232    0.25835   43.21717
jla_mock     0.73601   43.53401    0.26469   43.35013
jla_mock     0.57582   42.67350    0.15954   42.70324
jla_mock     0.41863   42.02543    0.10652   41.87683
jla_mock     0.51175   42.36556    0.12001   42.39540
jla_mock     0.53577   42.51462    0.12653   42.51485
jla_mock     0.64189   42.75068    0.21547   42.98856
jla_mock     0.73500   43.17091    0.22720   43.34649
jla_mock     0.35156   41.49428    0.13079   41.43211
jla_mock     0.60986   42.77159    0.17401   42.85388
jla_mock     0.34956   41.47960    0.13437   41.41766
jla_mock     0.70197   43.27756    0.18820   43.22475
jla_mock     0.35526   41.30851    0.10428   41.45861
jla_mock     0.98328   44.07680    0.25757   44.12140
jla_mock     0.87215   43.67695    0.26598   43.80134
jla_mock     0.75903   43.38403    0.20819   43.43183
jla_mock     0.92622   43.56212    0.24599   43.96176
jla_mock     0.64364   42.77856    0.22846   42.99573
jla_mock     0.41957   41.80212    0.13773   41.88255
jla_mock     0.51559   42.17417    0.20314   42.41484
jla_mock     0.89073   44.06637    0.21058   43.85753
jla_mock     0.80570   43.44603    0.22987   43.59033
jla_mock     0.48057   42.15159    0.10875   42.23231
jla_mock     0.80070   43.60744    0.24546   43.57378
jla_mock     0.58060   42.69457    0.18881   42.72490
jla_mock     0.71565   43.55014    0.24397   43.27584
jla_mock     0.80570   43.45539    0.23277   43.59033
jla_mock     0.76668   42.78140    0.25284   43.45846
jla_mock     0.66464   43.20361    0.19579   43.08037
jla_mock     0.90174   44.06927    0.25191   43.89028
jla_mock     0.74567   43.52573    0.21143   43.38470
jla_mock     0.71868   42.99953    0.20380   43.28702
jla_mock     0.73669   43.50933    0.19636   43.35259
jla_mock     0.57960   42.64027    0.12085   42.72037
jla_mock     0.37053   41.62670    0.10257   41.56534
jla_mock     0.96074   44.04856    0.23956   44.05946
jla_mock     0.85073   43.65390    0.21180   43.73508
jla_mock     0.64864   42.93285    0.19255   43.01611
jla_mock     0.21946   40.30095    0.13037   40.26197
jla_mock     0.93676   43.94364    0.24130   43.99195
jla_mock     0.64764   42.88448    0.17876   43.01204
jla_mock     0.46156   42.01581    0.13341   42.12800
jla_mock     0.60060   42.94318    0.17945   42.81372
jla_mock     0.67065   43.07638    0.23101   43.10415
jla_mock     0.76070   43.49341    0.20946   43.43765
jla_mock     0.24649   40.62249    0.13212   40.54638
jla_mock     0.47057   42.00289    0.14759   42.17794
jla_mock     0.16945   39.67275    0.11210   39.63766
jla_mock     0.49738   42.25365    0.12913   42.32144
jla_mock     0.63823   43.14477    0.19689   42.97350
jla_mock     0.50737   42.35619    0.14543   42.37308
jla_mock     0.53533   42.51579    0.14230   42.51269
jla_mock     0.58728   42.52273    0.16639   42.75489
jla_mock     0.77308   43.46464    0.25621   43.48052
jla_mock     0.69917   43.66748    0.22210   43.21417
jla_mock     0.37051   41.58633    0.12736   41.56520
jla_mock     0.76109   43.32427    0.22809   43.43902
jla_mock     0.69917   43.37069    0.21960   43.21418
jla_mock     0.78806   43.61149    0.19242   43.53150
jla_mock     0.37351   41.36096    0.13203   41.58571
jla_mock     0.40548   41.83687    0.13199   41.79507
jla_mock     0.85299   43.51044    0.25729   43.74216
jla_mock     0.80805   43.19612    0.24185   43.59808
jla_mock     0.60327   42.73531    0.18398   42.82536
jla_mock     0.58329   42.53173    0.17903   42.73700
jla_mock     0.53434   42.38643    0.14774   42.50785
jla_mock     0.72014   43.07675    0.24070   43.29239
jla_mock     0.40048   41.70114    0.21061   41.76340
jla_mock     0.83700   43.34123    0.21503   43.69176
jla_mock     0.37151   41.50671    0.10193   41.57203
jla_mock     0.80604   43.48996    0.25908   43.59147
jla_mock     0.84001   43.52881    0.23507   43.70129
jla_mock     0.50073   42.34086    0.12981   42.33885
jla_mock     0.53277   42.59492    0.17422   42.50018
jla_mock     0.53377   42.58669    0.18215   42.50508
jla_mock     0.93223   43.47663    0.34153   43.97902
jla_mock     0.82210   43.94382    0.25791   43.64395
jla_mock     0.55380   42.42239    0.13545   42.60122
jla_mock     0.12530   39.03051    0.13709   38.92294
jla_mock     0.84212   43.23182    0.28303   43.70800
jla_mock     0.44367   41.96349    0.15187   42.02605
jla_mock     0.72767   43.31812    0.24978   43.31996
jla_mock     0.68366   42.97512    0.41253   43.15487
jla_mock     0.44255   41.97147    0.13368   42.01954
jla_mock     0.72668   42.97138    0.20022   43.31634
jla_mock     0.28251   40.96280    0.12748   40.88366
jla_mock     0.40455   41.73214    0.12965   41.78921
jla_mock     0.51961   42.43810    0.13964   42.43507
jla_mock     0.69065   42.62337    0.23215   43.18177
jla_mock     1.06080   44.47026    0.27869   44.32423
jla_mock     0.57661   42.61547    0.15376   42.70683
jla_mock     0.26849   40.92667    0.12614   40.75735
jla_mock     0.72068   43.16560    0.25107   43.29438
jla_mock     0.25050   40.58320    0.13111   40.58606
jla_mock     0.76069   43.70436    0.27664   43.43763
jla_mock     0.69817   43.30121    0.26129   43.21038
jla_mock     0.55031   42.34546    0.16854   42.58475
jla_mock     0.73013   43.13128    0.23525   43.32888
jla_mock     0.84798   43.44915    0.24703   43.72647
jla_mock     0.99783   44.29544    0.24706   44.16064
jla_mock     0.43545   41.89863    0.13052   41.97792
jla_mock     0.40947   41.92514    0.12922   41.82014
jla_mock     0.30159   40.97062    0.12599   41.04659
jla_mock     1.29911   44.77860    0.19341   44.86622
jla_mock     1.02081   44.25062    0.23668   44.22149
jla_mock     0.83973   43.62374    0.19265   43.70043
jla_mock     1.12085   44.56562    0.20807   44.47149
jla_mock     1.23089   44.61195    0.23900   44.72199
jla_mock     0.97423   44.39867    0.18427   44.09670
jla_mock     0.97078   44.23407    0.33863   44.08723
jla_mock     0.06423   37.41755    0.15073   37.38367
jla_mock     0.12903   38.73827    0.16417   38.99182
jla_mock     0.10289   38.24088    0.14984   38.46361
jla_mock     0.04413   36.80667    0.17360   36.53791
jla_mock     0.11304   38.81512    0.15277   38.68229
jla_mock     0.25611   40.81006    0.20496   40.64067
jla_mock     0.38026   41.46196    0.28703   41.63124
jla_mock     0.14547   39.20875    0.16219   39.27457
jla_mock     0.08889   38.04697    0.14637   38.12583
jla_mock     0.26059   40.68215    0.18294   40.68349
jla_mock     0.07891   37.71821    0.15603   37.85259
jla_mock     0.08304   37.80220    0.15332   37.96945
jla_mock     0.16565   39.67146    0.13854   39.58339
jla_mock     0.16817   39.73825    0.16196   39.61946
jla_mock     0.17063   39.78211    0.16521   39.65419
jla_mock     0.17028   39.58668    0.17036   39.64928
jla_mock     0.12044   38.90220    0.15110   38.83033
jla_mock     0.27653   40.76969    0.21444   40.83051
jla_mock     0.23160   40.51560    0.18253   40.39347
jla_mock     0.30569   40.87974    0.26735   41.08035
jla_mock     0.07997   37.75499    0.16566   37.88313
jla_mock     0.17415   40.00894    0.15831   39.70309
jla_mock     0.13868   39.23648    0.16605   39.16161
jla_mock     0.14607   39.49135    0.16392   39.28432
jla_mock     0.08133   37.80813    0.14393   37.92176
jla_mock     0.23380   40.11310    0.17178   40.41662
jla_mock     0.25655   40.32564    0.17733   40.64491
jla_mock     0.24562   40.76133    0.20041   40.53766
jla_mock     0.12593   38.88952    0.19133   38.93474
jla_mock     0.22351   40.11428    0.21583   40.30655
jla_mock     0.10264   38.49654    0.14664   38.45798
jla_mock     0.11967   38.55181    0.14567   38.81533
jla_mock     0.18055   39.91856    0.16851   39.78968
jla_mock     0.19709   39.99396    0.17390   40.00094
jla_mock     0.22916   40.42413    0.19939   40.36755
jla_mock     0.26451   40.69900    0.19876   40.72040
jla_mock     0.10337   38.54959    0.12264   38.47441
jla_mock     0.36441   41.41546    0.23043   41.52305
jla_mock     0.20560   40.15035    0.15584   40.10331
jla_mock     0.17981   39.67623    0.19620   39.77982
jla_mock     0.19959   39.92542    0.18224   40.03143
jla_mock     0.15653   39.41227    0.15013   39.44844
jla_mock     0.16180   39.39210    0.14761   39.52729
jla_mock     0.20953   39.97827    0.20608   40.14927
jla_mock     0.24179   40.41574    0.19813   40.49904
jla_mock     0.23646   40.38597    0.16266   40.44434
jla_mock     0.22668   40.17638    0.21051   40.34095
jla_mock     0.29678   41.03773    0.19716   41.00643
jla_mock     0.20852   40.34067    0.16317   40.13754
jla_mock     0.25104   40.20022    0.22086   40.59138
jla_mock     0.25012   40.60321    0.17967   40.58234
jla_mock     0.11771   38.78719    0.14551   38.77674
jla_mock     0.21971   40.57685    0.16999   40.26472
jla_mock     0.14901   39.54647    0.14890   39.33153
jla_mock     0.28742   40.74429    0.18840   40.92654
jla_mock     0.14360   39.28418    0.16640   39.24396
jla_mock     0.32837   41.64912    0.19601   41.25993
jla_mock     0.24625   40.53986    0.16507   40.54396
jla_mock     0.11966   38.80035    0.15027   38.81514
jla_mock     0.32838   41.27166    0.27642   41.26001
jla_mock     0.21513   40.32819    0.18367   40.21341
jla_mock     0.14478   38.93827    0.13617   39.26332
jla_mock     0.13243   38.83787    0.12839   39.05296
jla_mock     0.21082   40.08949    0.16235   40.16418
jla_mock     0.20399   40.09314    0.15781   40.08425
jla_mock     0.27952   40.76425    0.16701   40.85722
jla_mock     0.04428   36.57327    0.15510   36.54551
jla_mock     0.18037   39.78167    0.15078   39.78729
jla_mock     0.26070   40.44311    0.18972   40.68453
jla_mock     0.05654   36.87856    0.18697   37.09513
jla_mock     0.21260   40.00640    0.19195   40.18462
jla_mock     0.36941   41.57881    0.23700   41.55764
jla_mock     0.17386   39.82287    0.13052   39.69910
jla_mock     0.14265   39.30712    0.16863   39.22827
jla_mock     0.17789   39.87066    0.17323   39.75404
jla_mock     0.32837   41.24365    0.20656   41.25993
jla_mock     0.25351   40.58309    0.19561   40.61551
jla_mock     0.30001   40.89147    0.19320   41.03346
jla_mock     0.10589   38.40972    0.14608   38.53030
jla_mock     0.22328   39.93084    0.16844   40.30404
jla_mock     0.11845   38.78068    0.12252   38.79138
jla_mock     0.17653   39.68705    0.17119   39.73563
jla_mock     0.18280   39.76660    0.18907   39.81945
jla_mock     0.29762   40.83877    0.22708   41.01348
jla_mock     0.19699   39.69864    0.16337   39.99971
jla_mock     0.15295   39.27793    0.14755   39.39345
jla_mock     0.24850   40.37627    0.17448   40.56634
jla_mock     0.13818   39.01833    0.12409   39.15309
jla_mock     0.20704   39.90760    0.17045   40.12025
jla_mock     0.21468   40.20172    0.18060   40.20831
jla_mock     0.30632   41.13560    0.21503   41.08550
jla_mock     0.24695   40.50326    0.17120   40.55095
jla_mock     0.19801   40.10211    0.14490   40.01220
jla_mock     0.22256   40.14214    0.15195   40.29616
jla_mock     0.13508   38.94840    0.15131   39.09960
jla_mock     0.21054   40.34963    0.18261   40.16096
jla_mock     0.27258   40.70009    0.16911   40.79482
jla_mock     0.24660   40.41701    0.16169   40.54746
jla_mock     0.22068   40.28047    0.19429   40.27546
jla_mock     0.27447   40.92333    0.19147   40.81196
jla_mock     0.17656   39.81613    0.15540   39.73604
jla_mock     0.31088   41.45147    0.22016   41.12250
jla_mock     0.18435   39.55622    0.17308   39.83976
jla_mock     0.15935   39.48643    0.14827   39.49093
jla_mock     0.21976   40.23230    0.16605   40.26527
jla_mock     0.25205   41.03898    0.18410   40.60127
jla_mock     0.18122   39.71962    0.14940   39.79858
jla_mock     0.17373   39.93181    0.13336   39.69730
jla_mock     0.38047   41.57103    0.24246   41.63265
jla_mock     0.17865   39.57559    0.17172   39.76428
jla_mock     0.24568   40.45307    0.18910   40.53826
jla_mock     0.20910   40.17748    0.16102   40.14428
jla_mock     0.24947   40.61591    0.20971   40.57593
jla_mock     0.13392   39.28652    0.16606   39.07929
jla_mock     0.17706   39.51214    0.16040   39.74282
jla_mock     0.28111   40.83686    0.18775   40.87131
jla_mock     0.17383   39.62048    0.15187   39.69868
jla_mock     0.19654   39.96118    0.16513   39.99418
jla_mock     0.36397   41.62305    0.22725   41.51999
jla_mock     0.37835   41.67070    0.26733   41.61843
jla_mock     0.31646   41.12203    0.21039   41.16711
jla_mock     0.18322   39.60991    0.13519   39.82497
jla_mock     0.24102   40.30653    0.16774   40.49121
jla_mock     0.20203   39.90195    0.19953   40.06085
jla_mock     0.16869   39.51112    0.16512   39.62684
jla_mock     0.19794   40.00954    0.17492   40.01135
jla_mock     0.12276   38.84106    0.14575   38.87499
jla_mock     0.20318   40.04043    0.16105   40.07461
jla_mock     0.12739   38.97491    0.14896   38.96178
jla_mock     0.27549   41.13535    0.19973   40.82116
jla_mock     0.14468   39.19486    0.14722   39.26169
jla_mock     0.33436   40.95846    0.24978   41.30545
jla_mock     0.19580   39.90594    0.15393   39.98507
jla_mock     0.19392   40.14197    0.16375   39.96176
jla_mock     0.24973   40.63340    0.18581   40.57850
jla_mock     0.14860   39.30015    0.14880   39.32499
jla_mock     0.15596   39.52257    0.14872   39.43976
jla_mock     0.09582   38.40160    0.15035   38.29889
jla_mock     0.15065   39.20578    0.15873   39.35748
jla_mock     0.30933   41.29541    0.24716   41.10998
jla_mock     0.24857   40.64792    0.17340   40.56704
jla_mock     0.36554   41.32898    0.24312   41.53091
jla_mock     0.11771   38.69467    0.12848   38.77674
jla_mock     0.19176   40.16107    0.14428   39.93472
jla_mock     0.18255   39.80789    0.16171   39.81616
jla_mock     0.23472   40.28251    0.18445   40.42624
jla_mock     0.24647   40.39042    0.19928   40.54616
jla_mock     0.28845   40.71368    0.18873   40.93544
jla_mock     0.20960   40.27980    0.19927   40.15008
jla_mock     0.19198   39.63558    0.17965   39.93748
jla_mock     0.11402   38.74290    0.12215   38.70241
jla_mock     0.11389   38.63237    0.18397   38.69975
jla_mock     0.19880   40.03253    0.20967   40.02183
jla_mock     0.22058   40.47641    0.22796   40.27436
jla_mock     0.18257   40.05513    0.16454   39.81642
jla_mock     0.15895   39.35293    0.16373   39.48495
jla_mock     0.07849   37.69248    0.14912   37.84038
jla_mock     0.13864   39.28960    0.13217   39.16093
jla_mock     0.18079   39.70706    0.15446   39.79287
jla_mock     0.17757   39.80743    0.18629   39.74972
jla_mock     0.17066   39.59557    0.16102   39.65461
jla_mock     0.23381   40.47155    0.20859   40.41672
jla_mock     0.07153   37.33179    0.17411   37.62842
jla_mock     0.15463   39.39768    0.18792   39.41940
jla_mock     0.09010   37.98601    0.15951   38.15695
jla_mock     0.17658   39.65191    0.20449   39.73631
jla_mock     0.13045   39.10611    0.16441   39.01753
jla_mock     0.18204   39.69192    0.17167   39.80943
jla_mock     0.25617   40.67120    0.17261   40.64125
jla_mock     0.13811   38.93591    0.14854   39.15189
jla_mock     0.17070   39.90698    0.16750   39.65518
jla_mock     0.21674   40.16860    0.14793   40.23156
jla_mock     0.24555   40.56616    0.17888   40.53696
jla_mock     0.14382   39.03852    0.16710   39.24758
jla_mock     0.24862   40.68144    0.18856   40.56753
jla_mock     0.14533   39.22332    0.17139   39.27229
jla_mock     0.13588   39.23686    0.12760   39.11351
jla_mock     0.05874   37.47403    0.12754   37.18137
jla_mock     0.03652   36.08164    0.15192   36.11500
jla_mock     0.27749   40.92680    0.22703   40.83912
jla_mock     0.20515   40.09180    0.29701   40.09800
jla_mock     0.28051   40.95413    0.20079   40.86600
jla_mock     0.19867   40.04930    0.16216   40.02025
jla_mock     0.15999   39.62177    0.15164   39.50048
jla_mock     0.21075   40.05134    0.18113   40.16338
jla_mock     0.07195   37.55775    0.17246   37.64176
jla_mock     0.23782   40.34017    0.19074   40.45841
jla_mock     0.14139   39.13457    0.17359   39.20730
jla_mock     0.15506   39.30189    0.15761   39.42600
jla_mock     0.37013   41.80294    0.22887   41.56259
jla_mock     0.09391   38.31226    0.17056   38.25241
jla_mock     0.11863   38.60266    0.17058   38.79493
jla_mock     0.15363   39.50350    0.15381   39.40398
jla_mock     0.25356   40.72373    0.16810   40.61600
jla_mock     0.10725   38.27594    0.14420   38.55994
jla_mock     0.12961   38.96962    0.15302   39.00235
jla_mock     0.26665   40.76210    0.19376   40.74033
jla_mock     0.21226   40.31219    0.16263   40.18073
jla_mock     0.27822   40.68584    0.18167   40.84564
jla_mock     0.24540   40.22570    0.16812   40.53546
jla_mock     0.13362   39.07690    0.15059   39.07401
jla_mock     0.17656   39.59363    0.16208   39.73604
jla_mock     0.11368   39.00174    0.14584   38.69545
jla_mock     0.32038   41.02545    0.26368   41.19801
jla_mock     0.11271   38.50958    0.12253   38.67548
jla_mock     0.10602   38.34631    0.14473   38.53314
jla_mock     0.39135   41.54432    0.26610   41.70449
jla_mock     0.15575   39.30416    0.14612   39.43656
jla_mock     0.18667   40.03123    0.16762   39.86986
jla_mock     0.19671   39.83083    0.16670   39.99627
jla_mock     0.19191   39.97143    0.17339   39.93660
jla_mock     0.19084   39.84157    0.15088   39.92311
jla_mock     0.17625   39.95270    0.15361   39.73182
jla_mock     0.12837   38.92674    0.15036   38.97977
jla_mock     0.12262   38.81612    0.14734   38.87232
jla_mock     0.12715   38.95219    0.14706   38.95736
jla_mock     0.21323   39.96724    0.17621   40.19182
jla_mock     0.21861   40.11215    0.18110   40.25249
jla_mock     0.26856   40.55737    0.19152   40.75800
jla_mock     0.20466   39.89638    0.16519   40.09220
jla_mock     0.26710   40.41365    0.17378   40.74451
jla_mock     0.21757   40.30991    0.17265   40.24087
jla_mock     0.24185   40.37016    0.17151   40.49965
jla_mock     0.29350   41.13916    0.20072   40.97870
jla_mock     0.35346   41.44500    0.23114   41.44575
jla_mock     0.18563   39.76321    0.15495   39.85641
jla_mock     0.28543   40.88672    0.19928   40.90924
jla_mock     0.19494   39.91179    0.16836   39.97443
jla_mock     0.07592   37.80818    0.14500   37.76429
jla_mock     0.16357   39.38651    0.15778   39.55323
jla_mock     0.25721   40.47674    0.20821   40.65125
jla_mock     0.21955   40.42588    0.18725   40.26294
jla_mock     0.17558   39.82393    0.15163   39.72269
jla_mock     0.22667   40.17224    0.18608   40.34084
jla_mock     0.15322   39.35318    0.15082   39.39764
jla_mock     0.21025   40.12481    0.19550   40.15761
jla_mock     0.12164   38.92535    0.12361   38.85353
jla_mock     0.29135   40.65349    0.19905   40.96037
jla_mock     0.29448   40.29119    0.27860   40.98701
jla_mock     0.16455   39.53206    0.12599   39.56749
jla_mock     0.30702   41.24884    0.20907   41.09122
jla_mock     0.19863   40.17157    0.16158   40.01976
jla_mock     0.26821   40.77881    0.21540   40.75477
jla_mock     0.40128   42.18591    0.24823   41.76846
jla_mock     0.13668   39.04836    0.15334   39.12735
jla_mock     0.29542   40.74628    0.24720   40.99496
jla_mock     0.29192   40.93663    0.19220   40.96524
jla_mock     0.09007   37.96301    0.12097   38.15619
jla_mock     0.20557   40.08591    0.18293   40.10296
jla_mock     0.14582   39.49965    0.14935   39.28026
jla_mock     0.11767   38.57315    0.14487   38.77595
jla_mock     0.05499   36.86773    0.14998   37.03240
jla_mock     0.17420   39.63718    0.15143   39.70378
jla_mock     0.24495   40.56789    0.18021   40.53095
jla_mock     0.22452   40.46007    0.18250   40.31756
jla_mock     0.24558   40.48143    0.16228   40.53726
jla_mock     0.28351   40.49442    0.21250   40.89245
jla_mock     0.18056   39.77928    0.17619   39.78982
jla_mock     0.10391   38.58649    0.12352   38.48649
jla_mock     0.12961   38.84438    0.15327   39.00235
jla_mock     0.24352   40.31575    0.16046   40.51656
jla_mock     0.33136   41.10751    0.26935   41.28275
jla_mock     0.24348   40.40371    0.19048   40.51615
jla_mock     0.31468   41.27625    0.17578   41.15296
jla_mock     0.21865   40.04419    0.18935   40.25293
jla_mock     0.26014   40.81280    0.21926   40.67922
jla_mock     0.28243   40.90964    0.19831   40.88296
jla_mock     0.30041   40.97892    0.20582   41.03679
jla_mock     0.15186   39.32468    0.14864   39.37647
jla_mock     0.26357   40.88187    0.18937   40.71159
jla_mock     0.21382   40.06561    0.20621   40.19854
jla_mock     0.16284   39.47525    0.16762   39.54256
jla_mock     0.12440   38.84501    0.17141   38.90608
jla_mock     0.19465   40.06058    0.13939   39.97083
jla_mock     0.20554   40.04342    0.18299   40.10260
jla_mock     0.10667   38.18849    0.14589   38.54734
jla_mock     0.18772   39.61028    0.18725   39.88338
jla_mock     0.16387   39.46356    0.15682   39.55760
jla_mock     0.29021   40.86825    0.19470   40.95060
jla_mock     0.09401   38.32994    0.12498   38.25487
jla_mock     0.22786   40.46848    0.18010   40.35364
jla_mock     0.10751   38.51962    0.14765   38.56556
jla_mock     0.31065   41.37327    0.22259   41.12065
jla_mock     0.14564   39.08963    0.15576   39.27734
jla_mock     0.08784   38.12494    0.12610   38.09850
jla_mock     0.14839   39.12076    0.15573   39.32164
jla_mock     0.28662   40.87677    0.19366   40.91960
jla_mock     0.12281   38.85722    0.13329   38.87594
jla_mock     0.18655   39.85349    0.20280   39.86832
jla_mock     0.12893   38.78137    0.15504   38.99000
jla_mock     0.19422   39.97278    0.16864   39.96549
jla_mock     0.14800   39.45000    0.14676   39.31541
jla_mock     0.21179   40.39295    0.22866   40.17534
jla_mock     0.17962   39.44156    0.17351   39.77728
jla_mock     0.26349   40.82965    0.18130   40.71084
jla_mock     0.19215   39.79903    0.15957   39.93962
jla_mock     0.33880   41.04086    0.22988   41.33871
jla_mock     0.11741   39.04988    0.14767   38.77078
jla_mock     0.14310   39.36615    0.16842   39.23571
jla_mock     0.16035   39.67456    0.13218   39.50583
jla_mock     0.28872   41.13077    0.21130   40.93777
jla_mock     0.12303   38.70103    0.15465   38.88013
jla_mock     0.26405   40.82655    0.18534   40.71609
jla_mock     0.12608   39.05542    0.17183   38.93753
jla_mock     0.17374   39.67989    0.14981   39.69744
jla_mock     0.16440   39.55406    0.14973   39.56531
jla_mock     0.24961   40.69717    0.16242   40.57731
jla_mock     0.15999   39.50756    0.15137   39.50048
jla_mock     0.24448   40.52499    0.15150   40.52623
jla_mock     0.24851   40.34827    0.17708   40.56644
jla_mock     0.22893   40.47510    0.16848   40.36509
jla_mock     0.08528   37.91290    0.14385   38.03054
jla_mock     0.06282   37.40504    0.14855   37.33331
jla_mock     0.27745   40.78269    0.23370   40.83876
jla_mock     0.27544   40.80029    0.21508   40.82071
jla_mock     0.33051   41.27041    0.21088   41.27628
jla_mock     0.36193   41.30153    0.24565   41.50573
jla_mock     0.33103   41.15455    0.21801   41.28024
jla_mock     0.16050   39.59790    0.12715   39.50806
jla_mock     0.30021   41.02331    0.20430   41.03513
jla_mock     0.11635   38.79593    0.12231   38.74960
jla_mock     0.21829   40.16107    0.16062   40.24892
jla_mock     0.11967   38.86447    0.12046   38.81533
jla_mock     0.15473   39.41212    0.12395   39.42094
jla_mock     0.17810   39.71893    0.16563   39.75688
jla_mock     0.25037   40.67102    0.16561   40.58480
jla_mock     0.25174   40.75520    0.14466   40.59824
jla_mock     0.12953   38.97327    0.14519   39.00090
jla_mock     0.30929   40.70626    0.18811   41.10966
jla_mock     0.27852   40.73217    0.17882   40.84832
jla_mock     0.18581   39.99719    0.13606   39.85875
jla_mock     0.06651   37.64498    0.17228   37.46289
jla_mock     0.25800   40.68098    0.18757   40.65882
jla_mock     0.29888   40.74184    0.21609   41.02403
jla_mock     0.27044   40.69472    0.22437   40.77528
jla_mock     0.27916   41.11497    0.17184   40.85402
jla_mock     0.29287   40.89018    0.21554   40.97334
jla_mock     0.18965   39.89474    0.15711   39.90803
jla_mock     0.26576   40.80792    0.19291   40.73206
jla_mock     0.12376   38.98446    0.14509   38.89399
jla_mock     0.18255   39.82208    0.14972   39.81616
jla_mock     0.05634   37.02784    0.14895   37.08713
jla_mock     0.31288   41.46148    0.18264   41.13858
jla_mock     0.30915   41.29393    0.22329   41.10853
jla_mock     0.20061   39.99398    0.15588   40.04377
jla_mock     0.32640   40.87067    0.20549   41.24480
jla_mock     0.21163   40.16328    0.13899   40.17351
jla_mock     0.17969   39.84152    0.15636   39.77821
jla_mock     0.30240   41.10531    0.19662   41.05329
jla_mock     0.10924   38.21375    0.14870   38.60268
jla_mock     0.08522   38.16348    0.15002   38.02892
jla_mock     0.20231   39.92674    0.16132   40.06421
jla_mock     0.12649   38.80657    0.15585   38.94515
jla_mock     0.21457   39.98846    0.16813   40.20706
jla_mock     0.32045   41.24004    0.19169   41.19856
jla_mock     0.21835   40.09905    0.17273   40.24959
jla_mock     0.19010   40.08676    0.15982   39.91374
jla_mock     0.09243   38.11733    0.15614   38.21577
jla_mock     0.37986   41.73859    0.18489   41.62856
jla_mock     0.21134   40.07140    0.16608   40.17017
jla_mock     0.25833   40.83527    0.18012   40.66198
jla_mock     0.18327   39.89802    0.16856   39.82563
jla_mock     0.21295   40.13322    0.17785   40.18862
jla_mock     0.11651   38.85816    0.15544   38.75281
jla_mock     0.14401   39.31952    0.17186   39.25071
jla_mock     0.25249   40.77380    0.18600   40.60557
jla_mock     0.25539   40.56220    0.21320   40.63373
jla_mock     0.21698   40.04790    0.18861   40.23425
jla_mock     1.26590   44.62663    0.22380   44.79699
jla_mock     0.93577   43.63381    0.22959   43.98915
jla_mock     0.04952   36.51331    0.20229   36.79644
jla_mock     0.03033   35.31513    0.18208   35.70157
jla_mock     0.07458   37.79726    0.21873   37.72360
jla_mock     0.02520   35.11544    0.22034   35.29123
jla_mock     0.01441   33.95259    0.20528   34.06048
jla_mock     0.02079   34.77203    0.19750   34.86681
jla_mock     0.03522   35.79193    0.20378   36.03412
jla_mock     0.04166   36.58047    0.21523   36.40883
jla_mock     0.04240   36.39678    0.20619   36.44838
jla_mock     0.01890   34.43532    0.18362   34.65682
jla_mock     0.07884   37.63645    0.21534   37.85056
jla_mock     0.06334   37.34338    0.20759   37.35224
jla_mock     0.02764   35.33735    0.23142   35.49574
jla_mock     0.04933   36.40741    0.21068   36.78762
jla_mock     0.07015   37.39462    0.22041   37.58415
jla_mock     0.02391   35.12349    0.18368   35.17514
jla_mock     0.05313   37.20297    0.22336   36.95466
jla_mock     0.02495   35.38110    0.18978   35.26944
jla_mock     0.01566   34.18010    0.20165   34.24356
jla_mock     0.04898   36.61836    0.15986   36.77203
jla_mock     0.02240   34.94807    0.18928   35.03106
jla_mock     0.03485   36.05442    0.23666   36.01099
jla_mock     0.01697   33.83278    0.20291   34.41905
jla_mock     0.03072   35.47007    0.18172   35.73037
jla_mock     0.03048   35.73951    0.18204   35.71303
jla_mock     0.01055   33.45134    0.21945   33.37697
jla_mock     0.01426   34.10951    0.17171   34.03675
jla_mock     0.02769   35.49655    0.18125   35.49983
jla_mock     0.05386   36.79050    0.15904   36.98558
jla_mock     0.01767   34.64142    0.19251   34.50873
jla_mock     0.01745   34.38174    0.17037   34.48092
jla_mock     0.01557   34.14319    0.20220   34.23076
jla_mock     0.01006   33.27421    0.23113   33.27290
jla_mock     0.05493   36.94866    0.18431   37.02998
jla_mock     0.03908   36.35662    0.16317   36.26630
jla_mock     0.07832   37.78888    0.18392   37.83534
jla_mock     0.03176   35.66267    0.15356   35.80452
jla_mock     0.01444   34.27714    0.22581   34.06489
jla_mock     0.01353   33.89890    0.22079   33.92255
jla_mock     0.02668   35.72206    0.19350   35.41745
jla_mock     0.02336   35.12574    0.17881   35.12382
jla_mock     0.03693   36.02813    0.19002   36.14013
jla_mock     0.02355   34.92805    0.17820   35.14190
jla_mock     0.01748   34.67349    0.19212   34.48507
jla_mock     0.04026   36.39740    0.17448   36.33252
jla_mock     0.03038   35.63576    0.20408   35.70566
jla_mock     0.01550   34.28969    0.20028   34.22101
jla_mock     0.01415   34.08966    0.18788   34.02052
jla_mock     0.01549   34.03293    0.18431   34.21860
jla_mock     0.01555   34.33692    0.19852   34.22808
jla_mock     0.03707   36.50137    0.15485   36.14862
jla_mock     0.01548   34.27700    0.20250   34.21789
jla_mock     0.01332   33.86785    0.18644   33.88842
jla_mock     0.01457   34.17226    0.20791   34.08532
jla_mock     0.01579   34.18414    0.19847   34.26130
jla_mock     0.02475   35.22654    0.17955   35.25120
jla_mock     0.02775   35.31777    0.17503   35.50463
jla_mock     0.01089   33.61511    0.25478   33.44601
jla_mock     0.01365   33.97980    0.18671   33.94176
jla_mock     0.03576   35.95011    0.16296   36.06783
jla_mock     0.02473   35.60487    0.17711   35.24932
jla_mock     0.03809   36.12436    0.17052   36.20863
jla_mock     0.02154   35.01077    0.17712   34.94487
jla_mock     0.01958   34.64218    0.17899   34.73456
jla_mock     0.03042   35.78967    0.17572   35.70822
jla_mock     0.03922   36.46311    0.17021   36.27406
jla_mock     0.03497   35.84019    0.15988   36.01845
jla_mock     0.02856   35.27726    0.17650   35.56863
jla_mock     0.02100   34.85449    0.18823   34.88845
jla_mock     0.03254   35.66758    0.18232   35.85802
jla_mock     0.01547   34.13550    0.19319   34.21604
jla_mock     0.01568   34.47969    0.20748   34.24552
jla_mock     0.02750   35.25946    0.15599   35.48465
jla_mock     0.04686   36.61673    0.17135   36.67229
jla_mock     0.03317   35.80712    0.18296   35.90099
jla_mock     0.01029   33.01667    0.23550   33.32258
jla_mock     0.08010   37.68215    0.17116   37.88694
jla_mock     0.01232   33.82999    0.20021   33.71613
jla_mock     0.02459   35.02447    0.20631   35.23686
jla_mock     0.01447   34.26063    0.20828   34.06899
jla_mock     0.01515   34.44213    0.18400   34.17085
jla_mock     0.02909   35.38115    0.17337   35.60902
jla_mock     0.03478   35.99655    0.17929   36.00632
jla_mock     0.04492   36.63270    0.14071   36.57766
jla_mock     0.03407   35.69644    0.16958   35.96061
jla_mock     0.07487   37.72977    0.14386   37.73249
jla_mock     0.01496   33.97042    0.19783   34.14256
jla_mock     0.02040   34.91262    0.17104   34.82442
jla_mock     0.04069   36.56903    0.17468   36.35626
jla_mock     0.02657   35.48574    0.18033   35.40830
jla_mock     0.02688   35.22209    0.15331   35.43431
jla_mock     0.02347   34.95217    0.17598   35.13429
jla_mock     0.06912   37.32246    0.19118   37.55045
jla_mock     0.06519   37.29367    0.15880   37.41747
jla_mock     0.02298   35.03158    0.17791   35.08760
jla_mock     0.01739   34.40002    0.19829   34.47296
jla_mock     0.03148   35.86535    0.15109   35.78492
jla_mock     0.01118   33.82023    0.19448   33.50474
jla_mock     0.02196   34.61220    0.17567   34.98697
jla_mock     0.03148   35.71349    0.15081   35.78485
jla_mock     0.02332   35.05715    0.20285   35.12013
jla_mock     0.02039   34.80142    0.18301   34.82377
jla_mock     0.02247   35.10116    0.18141   35.03765
jla_mock     0.03361   35.84906    0.18044   35.93037
jla_mock     0.03697   35.99406    0.17917   36.14224
jla_mock     0.02263   34.94131    0.18007   35.05361
jla_mock     0.01470   33.94214    0.18462   34.10407
jla_mock     0.03695   35.96574    0.14876   36.14109
jla_mock     0.06096   37.19027    0.12531   37.26526
jla_mock     0.05929   37.22151    0.12136   37.20241
jla_mock     0.06975   37.52962    0.15874   37.57107
jla_mock     0.02953   36.02701    0.17470   35.64232
jla_mock     0.03325   35.50892    0.17565   35.90649
jla_mock     0.02416   35.38526    0.18124   35.19813
jla_mock     0.01600   34.40462    0.19156   34.29005
jla_mock     0.06296   37.06156    0.16531   37.33846
jla_mock     0.02171   34.79248    0.19186   34.96170
jla_mock     0.03164   35.92026    0.18944   35.79569
jla_mock     0.01860   34.56077    0.17305   34.62124
jla_mock     0.02706   35.37200    0.17333   35.44934
jla_mock     0.02547   35.12380    0.18470   35.31480
jla_mock     0.02381   35.16871    0.19337   35.16597
jla_mock     0.02387   35.12845    0.18298   35.17126
jla_mock     0.02207   34.81914    0.16678   34.99820
