jla_mock     0.50308   42.31652    0.14571   42.35104
jla_mock     0.58072   42.51013    0.16123   42.72544
jla_mock     0.49479   42.48813    0.12071   42.30792
jla_mock     0.34593   41.23570    0.13253   41.39128
jla_mock     0.67766   43.62994    0.22872   43.13160
jla_mock     0.61071   42.88194    0.22549   42.85755
jla_mock     0.86649   43.47565    0.25803   43.78400
jla_mock     0.33093   41.06523    0.12801   41.27950
jla_mock     0.79857   43.33418    0.25920   43.56670
jla_mock     0.44956   42.00378    0.16140   42.06004
jla_mock     0.37144   41.33198    0.14922   41.57158
jla_mock     0.29172   40.85375    0.14231   40.96351
jla_mock     0.35582   41.39125    0.14101   41.46259
jla_mock     0.46127   42.22307    0.15587   42.12638
jla_mock     0.28361   40.74072    0.13056   40.89333
jla_mock     0.63223   42.54749    0.22183   42.94863
jla_mock     0.46641   42.18883    0.17244   42.15500
jla_mock     0.26862   40.95051    0.12820   40.75859
jla_mock     0.94689   44.66460    0.29225   44.02068
jla_mock     0.92492   44.30750    0.31213   43.95801
jla_mock     0.69317   42.50739    0.29243   43.19137
jla_mock     0.62523   42.75042    0.19089   42.91933
jla_mock     0.89694   43.64018    0.26745   43.87607
jla_mock     0.60826   42.96214    0.15987   42.84699
jla_mock     0.78905   43.67985    0.26933   43.53485
jla_mock     0.57829   42.89255    0.14638   42.71445
jla_mock     0.59028   42.95568    0.18967   42.76823
jla_mock     0.71963   43.25966    0.25305   43.29050
jla_mock     0.21003   40.10620    0.13132   40.15509
jla_mock     0.76659   43.53079    0.22577   43.45813
jla_mock     0.85851   43.45271    0.22290   43.75934
jla_mock     0.36790   41.59641    0.09931   41.54727
jla_mock     0.55875   42.67799    0.15678   42.62447
jla_mock     0.84851   43.72131    0.21739   43.72812
jla_mock     0.99639   44.04999    0.24266   44.15679
jla_mock     0.77659   43.55460    0.26449   43.49256
jla_mock     0.58293   42.68287    0.13307   42.73539
jla_mock     0.58374   42.54044    0.16753   42.73903
jla_mock     0.79655   43.39363    0.22888   43.55998
jla_mock     0.58872   42.87689    0.15579   42.76129
jla_mock     0.91347   44.06953    0.24294   43.92478
jla_mock     0.76859   43.14938    0.23905   43.46504
jla_mock     0.94846   43.96964    0.26528   44.02509
jla_mock     0.51379   42.51491    0.15288   42.40578
jla_mock     0.73361   43.62408    0.19294   43.34148
jla_mock     0.63770   42.76918    0.27011   42.97130
jla_mock     0.76559   43.62480    0.21114   43.45466
jla_mock     0.43486   41.94858    0.15773   41.97447
jla_mock     0.98341   44.30760    0.25880   44.12175
jla_mock     0.58374   42.66866    0.16233   42.73903
jla_mock     0.70063   43.17589    0.21687   43.21970
jla_mock     0.66206   42.87112    0.21295   43.07010
jla_mock     0.83813   43.78184    0.28077   43.69533
jla_mock     0.62187   42.91014    0.17547   42.90516
jla_mock     0.37059   41.36838    0.14292   41.56572
jla_mock     0.41663   41.84606    0.13815   41.86455
jla_mock     0.35857   41.39605    0.10704   41.48209
jla_mock     0.45168   42.02535    0.15279   42.07216
jla_mock     0.52276   42.60386    0.16113   42.45081
jla_mock     0.73400   43.10524    0.30409   43.34288
jla_mock     0.70196   43.09467    0.31177   43.22473
jla_mock     0.74201   43.39131    0.29013   43.37166
jla_mock     0.74612   43.40661    0.21822   43.38631
jla_mock     0.34956   41.49098    0.13473   41.41768
jla_mock     0.59183   42.93571    0.15357   42.77513
jla_mock     0.51475   42.32424    0.15561   42.41060
jla_mock     0.62063   42.97995    0.18447   42.89990
jla_mock     0.64365   42.99547    0.24392   42.99574
jla_mock     1.00280   44.55208    0.33217   44.17391
jla_mock     0.47059   42.13041    0.14421   42.17801
jla_mock     0.61064   42.83935    0.15878   42.85725
jla_mock     0.26349   40.71005    0.12805   40.71081
jla_mock     0.35834   41.38707    0.12919   41.48044
jla_mock     0.74270   43.53349    0.25909   43.37412
jla_mock     0.45156   41.96683    0.11539   42.07145
jla_mock     0.91075   44.36217    0.26165   43.91682
jla_mock     0.55261   42.61810    0.15821   42.59559
jla_mock     0.33753   41.42662    0.12813   41.32927
jla_mock     0.75068   43.17579    0.24281   43.40248
jla_mock     0.98378   44.33788    0.34665   44.12275
jla_mock     0.82270   43.93780    0.22176   43.64588
jla_mock     0.81370   43.89838    0.24257   43.61661
jla_mock     0.95076   44.65966    0.26473   44.03158
jla_mock     0.81773   43.97778    0.24643   43.62977
jla_mock     0.34052   41.36507    0.12574   41.35149
jla_mock     0.96075   43.82223    0.28766   44.05949
jla_mock     0.81072   43.56906    0.27276   43.60686
jla_mock     0.75669   43.25863    0.24755   43.42362
jla_mock     0.61125   42.58826    0.18573   42.85987
jla_mock     0.87797   43.73872    0.22379   43.81907
jla_mock     0.54832   42.57725    0.14258   42.57529
jla_mock     0.80903   43.50420    0.23222   43.60132
jla_mock     1.02880   44.06212    0.28337   44.24234
jla_mock     0.62724   42.76847    0.17555   42.92776
jla_mock     0.42245   41.95368    0.15607   41.90012
jla_mock     0.93390   43.71951    0.35000   43.98380
jla_mock     0.70116   43.19835    0.22741   43.22169
jla_mock     0.69716   42.65350    0.20952   43.20658
jla_mock     0.68518   43.31945    0.27044   43.16074
jla_mock     0.76707   43.11305    0.25234   43.45981
jla_mock     0.93190   44.37176    0.25137   43.97808
jla_mock     0.86398   44.03386    0.24510   43.77625
jla_mock     0.74910   43.49911    0.22590   43.39689
jla_mock     0.51435   42.56454    0.15357   42.40861
jla_mock     0.46841   42.08447    0.11440   42.16601
jla_mock     0.47040   42.32795    0.15655   42.17698
jla_mock     0.95887   43.77125    0.27681   44.05426
jla_mock     0.92791   43.37958    0.29724   43.96663
jla_mock     0.84052   43.52927    0.21913   43.70293
jla_mock     0.63070   42.94227    0.17083   42.94224
jla_mock     0.56275   42.74832    0.14441   42.64315
jla_mock     0.61570   42.97312    0.16969   42.87892
jla_mock     0.82853   43.65707    0.22446   43.66467
jla_mock     0.56474   42.86044    0.16043   42.65238
jla_mock     0.57874   42.76748    0.14758   42.71650
jla_mock     0.55774   42.39123    0.15832   42.61978
jla_mock     0.86450   43.56781    0.22870   43.77785
jla_mock     0.73561   43.38379    0.23469   43.34870
jla_mock     0.85851   43.68774    0.28337   43.75932
jla_mock     0.26198   40.72376    0.10443   40.69667
jla_mock     0.58574   43.06389    0.18661   42.74800
jla_mock     0.76158   43.03973    0.21599   43.44073
jla_mock     0.48880   42.34850    0.11155   42.27631
jla_mock     0.85852   43.97068    0.27431   43.75935
jla_mock     0.68866   43.28823    0.18053   43.17412
jla_mock     0.55874   42.67750    0.15492   42.62446
jla_mock     0.32453   41.16516    0.12602   41.23036
jla_mock     0.48070   42.28954    0.10839   42.23305
jla_mock     0.18537   39.90532    0.13096   39.85305
jla_mock     0.92222   43.75799    0.33855   43.95022
jla_mock     0.68194   42.87102    0.19640   43.14823
jla_mock     0.47571   42.32524    0.10811   42.20600
jla_mock     0.92221   44.29598    0.27644   43.95018
jla_mock     0.89318   44.07523    0.25783   43.86487
jla_mock     0.42865   41.93557    0.14144   41.93748
jla_mock     0.63188   42.66407    0.23474   42.94717
jla_mock     0.69996   43.17238    0.25835   43.21717
jla_mock     0.73601   43.61324    0.26469   43.35013
jla_mock     0.57582   42.60800    0.15954   42.70324
jla_mock     0.41863   41.85630    0.10652   41.87683
jla_mock     0.51175   42.47618    0.12001   42.39540
jla_mock     0.53577   42.61366    0.12653   42.51485
jla_mock     0.64189   42.94279    0.21547   42.98856
jla_mock     0.73500   43.56977    0.22720   43.34649
jla_mock     0.35156   41.41094    0.13079   41.43211
jla_mock     0.60986   42.84327    0.17401   42.85388
jla_mock     0.34956   41.65668    0.13437   41.41766
jla_mock     0.70197   43.05860    0.18820   43.22475
jla_mock     0.35526   41.45757    0.10428   41.45861
jla_mock     0.98328   43.85344    0.25757   44.12140
jla_mock     0.87215   43.69321    0.26598   43.80134
jla_mock     0.75903   43.44715    0.20819   43.43183
jla_mock     0.92622   44.21407    0.24599   43.96176
jla_mock     0.64364   43.14131    0.22846   42.99573
jla_mock     0.41957   42.15048    0.13773   41.88255
jla_mock     0.51559   42.39164    0.20314   42.41484
jla_mock     0.89073   44.08937    0.21058   43.85753
jla_mock     0.80570   43.62039    0.22987   43.59033
jla_mock     0.48057   42.02484    0.10875   42.23231
jla_mock     0.80070   43.76999    0.24546   43.57378
jla_mock     0.58060   42.89654    0.18881   42.72490
jla_mock     0.71565   43.50816    0.24397   43.27584
jla_mock     0.80570   43.19492    0.23277   43.59033
jla_mock     0.76668   43.26944    0.25284   43.45846
jla_mock     0.66464   43.04427    0.19579   43.08037
jla_mock     0.90174   44.24491    0.25191   43.89028
jla_mock     0.74567   43.52695    0.21143   43.38470
jla_mock     0.71868   43.00688    0.20380   43.28702
jla_mock     0.73669   43.22799    0.19636   43.35259
jla_mock     0.57960   42.68995    0.12085   42.72037
jla_mock     0.37053   41.65907    0.10257   41.56534
jla_mock     0.96074   44.19127    0.23956   44.05946
jla_mock     0.85073   43.51089    0.21180   43.73508
jla_mock     0.64864   43.20076    0.19255   43.01611
jla_mock     0.21946   40.36736    0.13037   40.26197
jla_mock     0.93676   43.76659    0.24130   43.99195
jla_mock     0.64764   43.07309    0.17876   43.01204
jla_mock     0.46156   42.09057    0.13341   42.12800
jla_mock     0.60060   42.56050    0.17945   42.81372
jla_mock     0.67065   42.89575    0.23101   43.10415
jla_mock     0.76070   43.38055    0.20946   43.43765
jla_mock     0.24649   40.40845    0.13212   40.54638
jla_mock     0.47057   42.27278    0.14759   42.17794
jla_mock     0.16945   39.58862    0.11210   39.63766
jla_mock     0.49738   42.55854    0.12913   42.32144
jla_mock     0.63823   43.12213    0.19689   42.97350
jla_mock     0.50737   42.18874    0.14543   42.37308
jla_mock     0.53533   42.64892    0.14230   42.51269
jla_mock     0.58728   42.64435    0.16639   42.75489
jla_mock     0.77308   43.62992    0.25621   43.48052
jla_mock     0.69917   43.29231    0.22210   43.21417
jla_mock     0.37051   41.60190    0.12736   41.56520
jla_mock     0.76109   43.58661    0.22809   43.43902
jla_mock     0.69917   43.05734    0.21960   43.21418
jla_mock     0.78806   43.30906    0.19242   43.53150
jla_mock     0.37351   41.45531    0.13203   41.58571
jla_mock     0.40548   41.72085    0.13199   41.79507
jla_mock     0.85299   43.76586    0.25729   43.74216
jla_mock     0.80805   43.56187    0.24185   43.59808
jla_mock     0.60327   43.06389    0.18398   42.82536
jla_mock     0.58329   42.74033    0.17903   42.73700
jla_mock     0.53434   42.25298    0.14774   42.50785
jla_mock     0.72014   43.32861    0.24070   43.29239
jla_mock     0.40048   41.83461    0.21061   41.76340
jla_mock     0.83700   43.98446    0.21503   43.69176
jla_mock     0.37151   41.47447    0.10193   41.57203
jla_mock     0.80604   43.95536    0.25908   43.59147
jla_mock     0.84001   43.64482    0.23507   43.70129
jla_mock     0.50073   42.41025    0.12981   42.33885
jla_mock     0.53277   42.68691    0.17422   42.50018
jla_mock     0.53377   42.58695    0.18215   42.50508
jla_mock     0.93223   44.13797    0.34153   43.97902
jla_mock     0.82210   43.47436    0.25791   43.64395
jla_mock     0.55380   42.57164    0.13545   42.60122
jla_mock     0.12530   38.98639    0.13709   38.92294
jla_mock     0.84212   43.24067    0.28303   43.70800
jla_mock     0.44367   41.84092    0.15187   42.02605
jla_mock     0.72767   43.34491    0.24978   43.31996
jla_mock     0.68366   43.43551    0.41253   43.15487
jla_mock     0.44255   41.97915    0.13368   42.01954
jla_mock     0.72668   43.53754    0.20022   43.31634
jla_mock     0.28251   40.98673    0.12748   40.88366
jla_mock     0.40455   41.81958    0.12965   41.78921
jla_mock     0.51961   42.36561    0.13964   42.43507
jla_mock     0.69065   42.95423    0.23215   43.18177
jla_mock     1.06080   43.97800    0.27869   44.32423
jla_mock     0.57661   42.75619    0.15376   42.70683
jla_mock     0.26849   40.74261    0.12614   40.75735
jla_mock     0.72068   42.98658    0.25107   43.29438
jla_mock     0.25050   40.49762    0.13111   40.58606
jla_mock     0.76069   43.69555    0.27664   43.43763
jla_mock     0.69817   43.26868    0.26129   43.21038
jla_mock     0.55031   42.82371    0.16854   42.58475
jla_mock     0.73013   43.33816    0.23525   43.32888
jla_mock     0.84798   43.72340    0.24703   43.72647
jla_mock     0.99783   44.55397    0.24706   44.16064
jla_mock     0.43545   42.13985    0.13052   41.97792
jla_mock     0.40947   42.05725    0.12922   41.82014
jla_mock     0.30159   41.13613    0.12599   41.04659
jla_mock     1.29911   44.83511    0.19341   44.86622
jla_mock     1.02081   44.09873    0.23668   44.22149
jla_mock     0.83973   43.45231    0.19265   43.70043
jla_mock     1.12085   44.67851    0.20807   44.47149
jla_mock     1.23089   44.75888    0.23900   44.72199
jla_mock     0.97423   43.94330    0.18427   44.09670
jla_mock     0.97078   44.19159    0.33863   44.08723
jla_mock     0.06423   37.16363    0.15073   37.38367
jla_mock     0.12903   38.89875    0.16417   38.99182
jla_mock     0.10289   38.42381    0.14984   38.46361
jla_mock     0.04413   36.45423    0.17360   36.53791
jla_mock     0.11304   38.82715    0.15277   38.68229
jla_mock     0.25611   40.85736    0.20496   40.64067
jla_mock     0.38026   41.19111    0.28703   41.63124
jla_mock     0.14547   39.38791    0.16219   39.27457
jla_mock     0.08889   38.10391    0.14637   38.12583
jla_mock     0.26059   40.66217    0.18294   40.68349
jla_mock     0.07891   37.80993    0.15603   37.85259
jla_mock     0.08304   38.04707    0.15332   37.96945
jla_mock     0.16565   39.73416    0.13854   39.58339
jla_mock     0.16817   39.43799    0.16196   39.61946
jla_mock     0.17063   40.06040    0.16521   39.65419
jla_mock     0.17028   39.68404    0.17036   39.64928
jla_mock     0.12044   38.95407    0.15110   38.83033
jla_mock     0.27653   40.68402    0.21444   40.83051
jla_mock     0.23160   40.47823    0.18253   40.39347
jla_mock     0.30569   41.10046    0.26735   41.08035
jla_mock     0.07997   37.99742    0.16566   37.88313
jla_mock     0.17415   39.61639    0.15831   39.70309
jla_mock     0.13868   39.23756    0.16605   39.16161
jla_mock     0.14607   39.07720    0.16392   39.28432
jla_mock     0.08133   38.11064    0.14393   37.92176
jla_mock     0.23380   40.38492    0.17178   40.41662
jla_mock     0.25655   41.17806    0.17733   40.64491
jla_mock     0.24562   40.59692    0.20041   40.53766
jla_mock     0.12593   38.88958    0.19133   38.93474
jla_mock     0.22351   40.22121    0.21583   40.30655
jla_mock     0.10264   38.37944    0.14664   38.45798
jla_mock     0.11967   38.97274    0.14567   38.81533
jla_mock     0.18055   39.75406    0.16851   39.78968
jla_mock     0.19709   40.28831    0.17390   40.00094
jla_mock     0.22916   40.50026    0.19939   40.36755
jla_mock     0.26451   40.94951    0.19876   40.72040
jla_mock     0.10337   38.55336    0.12264   38.47441
jla_mock     0.36441   41.66830    0.23043   41.52305
jla_mock     0.20560   40.35895    0.15584   40.10331
jla_mock     0.17981   39.47201    0.19620   39.77982
jla_mock     0.19959   40.03070    0.18224   40.03143
jla_mock     0.15653   39.22600    0.15013   39.44844
jla_mock     0.16180   39.54505    0.14761   39.52729
jla_mock     0.20953   39.76957    0.20608   40.14927
jla_mock     0.24179   40.41748    0.19813   40.49904
jla_mock     0.23646   40.55978    0.16266   40.44434
jla_mock     0.22668   40.62704    0.21051   40.34095
jla_mock     0.29678   40.65143    0.19716   41.00643
jla_mock     0.20852   40.01187    0.16317   40.13754
jla_mock     0.25104   40.81830    0.22086   40.59138
jla_mock     0.25012   40.36200    0.17967   40.58234
jla_mock     0.11771   38.77120    0.14551   38.77674
jla_mock     0.21971   40.20342    0.16999   40.26472
jla_mock     0.14901   39.25244    0.14890   39.33153
jla_mock     0.28742   41.02534    0.18840   40.92654
jla_mock     0.14360   39.29199    0.16640   39.24396
jla_mock     0.32837   41.12552    0.19601   41.25993
jla_mock     0.24625   40.53485    0.16507   40.54396
jla_mock     0.11966   38.99173    0.15027   38.81514
jla_mock     0.32838   41.11355    0.27642   41.26001
jla_mock     0.21513   40.24679    0.18367   40.21341
jla_mock     0.14478   39.17033    0.13617   39.26332
jla_mock     0.13243   39.05265    0.12839   39.05296
jla_mock     0.21082   40.08125    0.16235   40.16418
jla_mock     0.20399   40.05568    0.15781   40.08425
jla_mock     0.27952   40.77209    0.16701   40.85722
jla_mock     0.04428   36.45778    0.15510   36.54551
jla_mock     0.18037   39.78069    0.15078   39.78729
jla_mock     0.26070   40.78188    0.18972   40.68453
jla_mock     0.05654   37.49705    0.18697   37.09513
jla_mock     0.21260   40.45308    0.19195   40.18462
jla_mock     0.36941   41.42152    0.23700   41.55764
jla_mock     0.17386   39.70822    0.13052   39.69910
jla_mock     0.14265   39.41166    0.16863   39.22827
jla_mock     0.17789   39.85681    0.17323   39.75404
jla_mock     0.32837   41.31834    0.20656   41.25993
jla_mock     0.25351   40.38896    0.19561   40.61551
jla_mock     0.30001   41.23280    0.19320   41.03346
jla_mock     0.10589   38.67968    0.14608   38.53030
jla_mock     0.22328   40.34686    0.16844   40.30404
jla_mock     0.11845   38.87340    0.12252   38.79138
jla_mock     0.17653   39.87338    0.17119   39.73563
jla_mock     0.18280   39.83501    0.18907   39.81945
jla_mock     0.29762   41.09611    0.22708   41.01348
jla_mock     0.19699   39.99850    0.16337   39.99971
jla_mock     0.15295   39.59067    0.14755   39.39345
jla_mock     0.24850   40.45121    0.17448   40.56634
jla_mock     0.13818   39.20133    0.12409   39.15309
jla_mock     0.20704   40.38776    0.17045   40.12025
jla_mock     0.21468   40.38724    0.18060   40.20831
jla_mock     0.30632   41.31018    0.21503   41.08550
jla_mock     0.24695   40.31384    0.17120   40.55095
jla_mock     0.19801   40.33863    0.14490   40.01220
jla_mock     0.22256   40.06524    0.15195   40.29616
jla_mock     0.13508   38.94779    0.15131   39.09960
jla_mock     0.21054   40.28394    0.18261   40.16096
jla_mock     0.27258   40.50470    0.16911   40.79482
jla_mock     0.24660   40.35898    0.16169   40.54746
jla_mock     0.22068   39.84304    0.19429   40.27546
jla_mock     0.27447   40.76214    0.19147   40.81196
jla_mock     0.17656   39.82031    0.15540   39.73604
jla_mock     0.31088   41.37954    0.22016   41.12250
jla_mock     0.18435   39.93238    0.17308   39.83976
jla_mock     0.15935   39.49683    0.14827   39.49093
jla_mock     0.21976   40.55798    0.16605   40.26527
jla_mock     0.25205   40.38189    0.18410   40.60127
jla_mock     0.18122   39.82136    0.14940   39.79858
jla_mock     0.17373   39.66889    0.13336   39.69730
jla_mock     0.38047   41.53818    0.24246   41.63265
jla_mock     0.17865   39.71000    0.17172   39.76428
jla_mock     0.24568   40.68717    0.18910   40.53826
jla_mock     0.20910   40.30924    0.16102   40.14428
jla_mock     0.24947   40.79069    0.20971   40.57593
jla_mock     0.13392   39.12539    0.16606   39.07929
jla_mock     0.17706   39.82263    0.16040   39.74282
jla_mock     0.28111   40.63126    0.18775   40.87131
jla_mock     0.17383   39.82583    0.15187   39.69868
jla_mock     0.19654   40.02089    0.16513   39.99418
jla_mock     0.36397   41.50546    0.22725   41.51999
jla_mock     0.37835   41.92186    0.26733   41.61843
jla_mock     0.31646   41.37237    0.21039   41.16711
jla_mock     0.18322   39.84360    0.13519   39.82497
jla_mock     0.24102   40.41198    0.16774   40.49121
jla_mock     0.20203   40.16818    0.19953   40.06085
jla_mock     0.16869   39.78780    0.16512   39.62684
jla_mock     0.19794   40.09286    0.17492   40.01135
jla_mock     0.12276   38.90301    0.14575   38.87499
jla_mock     0.20318   40.22710    0.16105   40.07461
jla_mock     0.12739   38.71106    0.14896   38.96178
jla_mock     0.27549   40.64425    0.19973   40.82116
jla_mock     0.14468   39.11730    0.14722   39.26169
jla_mock     0.33436   41.33402    0.24978   41.30545
jla_mock     0.19580   39.89595    0.15393   39.98507
jla_mock     0.19392   39.85175    0.16375   39.96176
jla_mock     0.24973   40.64857    0.18581   40.57850
jla_mock     0.14860   39.42495    0.14880   39.32499
jla_mock     0.15596   39.05194    0.14872   39.43976
jla_mock     0.09582   38.30865    0.15035   38.29889
jla_mock     0.15065   38.93045    0.15873   39.35748
jla_mock     0.30933   40.86366    0.24716   41.10998
jla_mock     0.24857   40.77625    0.17340   40.56704
jla_mock     0.36554   41.30754    0.24312   41.53091
jla_mock     0.11771   38.83948    0.12848   38.77674
jla_mock     0.19176   40.04316    0.14428   39.93472
jla_mock     0.18255   39.92835    0.16171   39.81616
jla_mock     0.23472   40.05090    0.18445   40.42624
jla_mock     0.24647   40.39498    0.19928   40.54616
jla_mock     0.28845   40.92851    0.18873   40.93544
jla_mock     0.20960   40.34123    0.19927   40.15008
jla_mock     0.19198   39.90868    0.17965   39.93748
jla_mock     0.11402   38.71534    0.12215   38.70241
jla_mock     0.11389   38.81033    0.18397   38.69975
jla_mock     0.19880   40.21096    0.20967   40.02183
jla_mock     0.22058   40.12576    0.22796   40.27436
jla_mock     0.18257   40.04828    0.16454   39.81642
jla_mock     0.15895   39.55679    0.16373   39.48495
jla_mock     0.07849   37.91134    0.14912   37.84038
jla_mock     0.13864   39.18411    0.13217   39.16093
jla_mock     0.18079   39.79875    0.15446   39.79287
jla_mock     0.17757   39.75498    0.18629   39.74972
jla_mock     0.17066   39.44852    0.16102   39.65461
jla_mock     0.23381   40.71689    0.20859   40.41672
jla_mock     0.07153   37.54924    0.17411   37.62842
jla_mock     0.15463   39.71311    0.18792   39.41940
jla_mock     0.09010   38.24236    0.15951   38.15695
jla_mock     0.17658   39.79233    0.20449   39.73631
jla_mock     0.13045   39.19780    0.16441   39.01753
jla_mock     0.18204   39.89218    0.17167   39.80943
jla_mock     0.25617   40.64346    0.17261   40.64125
jla_mock     0.13811   39.39400    0.14854   39.15189
jla_mock     0.17070   39.69604    0.16750   39.65518
jla_mock     0.21674   40.11757    0.14793   40.23156
jla_mock     0.24555   40.52841    0.17888   40.53696
jla_mock     0.14382   39.08050    0.16710   39.24758
jla_mock     0.24862   40.91622    0.18856   40.56753
jla_mock     0.14533   39.11902    0.17139   39.27229
jla_mock     0.13588   39.12054    0.12760   39.11351
jla_mock     0.05874   37.27964    0.12754   37.18137
jla_mock     0.03652   35.92984    0.15192   36.11500
jla_mock     0.27749   40.66027    0.22703   40.83912
jla_mock     0.20515   39.80762    0.29701   40.09800
jla_mock     0.28051   40.74412    0.20079   40.86600
jla_mock     0.19867   40.15256    0.16216   40.02025
jla_mock     0.15999   39.76941    0.15164   39.50048
jla_mock     0.21075   40.41324    0.18113   40.16338
jla_mock     0.07195   37.64758    0.17246   37.64176
jla_mock     0.23782   40.27148    0.19074   40.45841
jla_mock     0.14139   39.10575    0.17359   39.20730
jla_mock     0.15506   39.50212    0.15761   39.42600
jla_mock     0.37013   41.57229    0.22887   41.56259
jla_mock     0.09391   38.02078    0.17056   38.25241
jla_mock     0.11863   39.06376    0.17058   38.79493
jla_mock     0.15363   39.27301    0.15381   39.40398
jla_mock     0.25356   40.38534    0.16810   40.61600
jla_mock     0.10725   38.70748    0.14420   38.55994
jla_mock     0.12961   38.68383    0.15302   39.00235
jla_mock     0.26665   40.77137    0.19376   40.74033
jla_mock     0.21226   39.78340    0.16263   40.18073
jla_mock     0.27822   40.89798    0.18167   40.84564
jla_mock     0.24540   40.61511    0.16812   40.53546
jla_mock     0.13362   39.30574    0.15059   39.07401
jla_mock     0.17656   39.60789    0.16208   39.73604
jla_mock     0.11368   38.59214    0.14584   38.69545
jla_mock     0.32038   41.20235    0.26368   41.19801
jla_mock     0.11271   38.68028    0.12253   38.67548
jla_mock     0.10602   38.53535    0.14473   38.53314
jla_mock     0.39135   41.45523    0.26610   41.70449
jla_mock     0.15575   39.56899    0.14612   39.43656
jla_mock     0.18667   39.98497    0.16762   39.86986
jla_mock     0.19671   39.98854    0.16670   39.99627
jla_mock     0.19191   39.80978    0.17339   39.93660
jla_mock     0.19084   39.99766    0.15088   39.92311
jla_mock     0.17625   39.66461    0.15361   39.73182
jla_mock     0.12837   38.90268    0.15036   38.97977
jla_mock     0.12262   38.88464    0.14734   38.87232
jla_mock     0.12715   39.05413    0.14706   38.95736
jla_mock     0.21323   40.22817    0.17621   40.19182
jla_mock     0.21861   40.12016    0.18110   40.25249
jla_mock     0.26856   41.12662    0.19152   40.75800
jla_mock     0.20466   39.95821    0.16519   40.09220
jla_mock     0.26710   40.66898    0.17378   40.74451
jla_mock     0.21757   40.18780    0.17265   40.24087
jla_mock     0.24185   40.66000    0.17151   40.49965
jla_mock     0.29350   41.23862    0.20072   40.97870
jla_mock     0.35346   41.16121    0.23114   41.44575
jla_mock     0.18563   39.98539    0.15495   39.85641
jla_mock     0.28543   40.78800    0.19928   40.90924
jla_mock     0.19494   40.07216    0.16836   39.97443
jla_mock     0.07592   37.56377    0.14500   37.76429
jla_mock     0.16357   39.46676    0.15778   39.55323
jla_mock     0.25721   40.56979    0.20821   40.65125
jla_mock     0.21955   40.15686    0.18725   40.26294
jla_mock     0.17558   39.90231    0.15163   39.72269
jla_mock     0.22667   40.36711    0.18608   40.34084
jla_mock     0.15322   39.21690    0.15082   39.39764
jla_mock     0.21025   40.05664    0.19550   40.15761
jla_mock     0.12164   39.19387    0.12361   38.85353
jla_mock     0.29135   41.03448    0.19905   40.96037
jla_mock     0.29448   41.09022    0.27860   40.98701
jla_mock     0.16455   39.48652    0.12599   39.56749
jla_mock     0.30702   41.31180    0.20907   41.09122
jla_mock     0.19863   40.51367    0.16158   40.01976
jla_mock     0.26821   41.00293    0.21540   40.75477
jla_mock     0.40128   41.89376    0.24823   41.76846
jla_mock     0.13668   39.29695    0.15334   39.12735
jla_mock     0.29542   40.85727    0.24720   40.99496
jla_mock     0.29192   41.01803    0.19220   40.96524
jla_mock     0.09007   38.23067    0.12097   38.15619
jla_mock     0.20557   39.83750    0.18293   40.10296
jla_mock     0.14582   39.19736    0.14935   39.28026
jla_mock     0.11767   38.86241    0.14487   38.77595
jla_mock     0.05499   37.00778    0.14998   37.03240
jla_mock     0.17420   39.58584    0.15143   39.70378
jla_mock     0.24495   40.35598    0.18021   40.53095
jla_mock     0.22452   40.31714    0.18250   40.31756
jla_mock     0.24558   40.51518    0.16228   40.53726
jla_mock     0.28351   40.78694    0.21250   40.89245
jla_mock     0.18056   39.83373    0.17619   39.78982
jla_mock     0.10391   38.43082    0.12352   38.48649
jla_mock     0.12961   39.18378    0.15327   39.00235
jla_mock     0.24352   40.52972    0.16046   40.51656
jla_mock     0.33136   41.41741    0.26935   41.28275
jla_mock     0.24348   40.57591    0.19048   40.51615
jla_mock     0.31468   41.02718    0.17578   41.15296
jla_mock     0.21865   40.53182    0.18935   40.25293
jla_mock     0.26014   40.60530    0.21926   40.67922
jla_mock     0.28243   40.92879    0.19831   40.88296
jla_mock     0.30041   41.01480    0.20582   41.03679
jla_mock     0.15186   39.45222    0.14864   39.37647
jla_mock     0.26357   40.67877    0.18937   40.71159
jla_mock     0.21382   39.96560    0.20621   40.19854
jla_mock     0.16284   39.43618    0.16762   39.54256
jla_mock     0.12440   38.86777    0.17141   38.90608
jla_mock     0.19465   39.83058    0.13939   39.97083
jla_mock     0.20554   40.36278    0.18299   40.10260
jla_mock     0.10667   38.56078    0.14589   38.54734
jla_mock     0.18772   39.67370    0.18725   39.88338
jla_mock     0.16387   39.47705    0.15682   39.55760
jla_mock     0.29021   40.81386    0.19470   40.95060
jla_mock     0.09401   38.30171    0.12498   38.25487
jla_mock     0.22786   40.18959    0.18010   40.35364
jla_mock     0.10751   38.66094    0.14765   38.56556
jla_mock     0.31065   41.47821    0.22259   41.12065
jla_mock     0.14564   39.29632    0.15576   39.27734
jla_mock     0.08784   38.25434    0.12610   38.09850
jla_mock     0.14839   39.22938    0.15573   39.32164
jla_mock     0.28662   40.91382    0.19366   40.91960
jla_mock     0.12281   38.94665    0.13329   38.87594
jla_mock     0.18655   40.06610    0.20280   39.86832
jla_mock     0.12893   39.05660    0.15504   38.99000
jla_mock     0.19422   39.97296    0.16864   39.96549
jla_mock     0.14800   39.31925    0.14676   39.31541
jla_mock     0.21179   40.26040    0.22866   40.17534
jla_mock     0.17962   39.69570    0.17351   39.77728
jla_mock     0.26349   40.73072    0.18130   40.71084
jla_mock     0.19215   39.88492    0.15957   39.93962
jla_mock     0.33880   41.41211    0.22988   41.33871
jla_mock     0.11741   38.70953    0.14767   38.77078
jla_mock     0.14310   39.28769    0.16842   39.23571
jla_mock     0.16035   39.53997    0.13218   39.50583
jla_mock     0.28872   40.74258    0.21130   40.93777
jla_mock     0.12303   38.75797    0.15465   38.88013
jla_mock     0.26405   40.90693    0.18534   40.71609
jla_mock     0.12608   38.92112    0.17183   38.93753
jla_mock     0.17374   39.46683    0.14981   39.69744
jla_mock     0.16440   39.69429    0.14973   39.56531
jla_mock     0.24961   40.65112    0.16242   40.57731
jla_mock     0.15999   39.72240    0.15137   39.50048
jla_mock     0.24448   40.58623    0.15150   40.52623
jla_mock     0.24851   40.48160    0.17708   40.56644
jla_mock     0.22893   40.46960    0.16848   40.36509
jla_mock     0.08528   38.00912    0.14385   38.03054
jla_mock     0.06282   37.23040    0.14855   37.33331
jla_mock     0.27745   40.75025    0.23370   40.83876
jla_mock     0.27544   41.08335    0.21508   40.82071
jla_mock     0.33051   41.07066    0.21088   41.27628
jla_mock     0.36193   41.59074    0.24565   41.50573
jla_mock     0.33103   41.59923    0.21801   41.28024
jla_mock     0.16050   39.72691    0.12715   39.50806
jla_mock     0.30021   40.99320    0.20430   41.03513
jla_mock     0.11635   38.92155    0.12231   38.74960
jla_mock     0.21829   40.01724    0.16062   40.24892
jla_mock     0.11967   39.04888    0.12046   38.81533
jla_mock     0.15473   39.40048    0.12395   39.42094
jla_mock     0.17810   39.99216    0.16563   39.75688
jla_mock     0.25037   40.49052    0.16561   40.58480
jla_mock     0.25174   40.47369    0.14466   40.59824
jla_mock     0.12953   39.02866    0.14519   39.00090
jla_mock     0.30929   41.14953    0.18811   41.10966
jla_mock     0.27852   40.81968    0.17882   40.84832
jla_mock     0.18581   40.06897    0.13606   39.85875
jla_mock     0.06651   37.39809    0.17228   37.46289
jla_mock     0.25800   40.52621    0.18757   40.65882
jla_mock     0.29888   41.11814    0.21609   41.02403
jla_mock     0.27044   41.40325    0.22437   40.77528
jla_mock     0.27916   40.89244    0.17184   40.85402
jla_mock     0.29287   41.13519    0.21554   40.97334
jla_mock     0.18965   39.86461    0.15711   39.90803
jla_mock     0.26576   41.08989    0.19291   40.73206
jla_mock     0.12376   38.67303    0.14509   38.89399
jla_mock     0.18255   39.70122    0.14972   39.81616
jla_mock     0.05634   37.17318    0.14895   37.08713
jla_mock     0.31288   41.10864    0.18264   41.13858
jla_mock     0.30915   40.99494    0.22329   41.10853
jla_mock     0.20061   39.59194    0.15588   40.04377
jla_mock     0.32640   41.43453    0.20549   41.24480
jla_mock     0.21163   40.19646    0.13899   40.17351
jla_mock     0.17969   39.80753    0.15636   39.77821
jla_mock     0.30240   40.90427    0.19662   41.05329
jla_mock     0.10924   38.68231    0.14870   38.60268
jla_mock     0.08522   38.10940    0.15002   38.02892
jla_mock     0.20231   40.27415    0.16132   40.06421
jla_mock     0.12649   39.11283    0.15585   38.94515
jla_mock     0.21457   40.15306    0.16813   40.20706
jla_mock     0.32045   41.20594    0.19169   41.19856
jla_mock     0.21835   40.18642    0.17273   40.24959
jla_mock     0.19010   39.97295    0.15982   39.91374
jla_mock     0.09243   38.09649    0.15614   38.21577
jla_mock     0.37986   41.83376    0.18489   41.62856
jla_mock     0.21134   40.25504    0.16608   40.17017
jla_mock     0.25833   40.57365    0.18012   40.66198
jla_mock     0.18327   39.67280    0.16856   39.82563
jla_mock     0.21295   40.24794    0.17785   40.18862
jla_mock     0.11651   38.82604    0.15544   38.75281
jla_mock     0.14401   39.32524    0.17186   39.25071
jla_mock     0.25249   40.51577    0.18600   40.60557
jla_mock     0.25539   40.58998    0.21320   40.63373
jla_mock     0.21698   40.13687    0.18861   40.23425
jla_mock     1.26590   44.57121    0.22380   44.79699
jla_mock     0.93577   43.99941    0.22959   43.98915
jla_mock     0.04952   36.39862    0.20229   36.79644
jla_mock     0.03033   35.47455    0.18208   35.70157
jla_mock     0.07458   37.84620    0.21873   37.72360
jla_mock     0.02520   35.43669    0.22034   35.29123
jla_mock     0.01441   34.12290    0.20528   34.06048
jla_mock     0.02079   35.30751    0.19750   34.86681
jla_mock     0.03522   35.93949    0.20378   36.03412
jla_mock     0.04166   36.47125    0.21523   36.40883
jla_mock     0.04240   36.37311    0.20619   36.44838
jla_mock     0.01890   34.47489    0.18362   34.65682
jla_mock     0.07884   37.95144    0.21534   37.85056
jla_mock     0.06334   37.27600    0.20759   37.35224
jla_mock     0.02764   35.50795    0.23142   35.49574
jla_mock     0.04933   36.43810    0.21068   36.78762
jla_mock     0.07015   37.57373    0.22041   37.58415
jla_mock     0.02391   35.05480    0.18368   35.17514
jla_mock     0.05313   36.92781    0.22336   36.95466
jla_mock     0.02495   35.53562    0.18978   35.26944
jla_mock     0.01566   34.30566    0.20165   34.24356
jla_mock     0.04898   36.79289    0.15986   36.77203
jla_mock     0.02240   34.81022    0.18928   35.03106
jla_mock     0.03485   36.00710    0.23666   36.01099
jla_mock     0.01697   34.35679    0.20291   34.41905
jla_mock     0.03072   35.72554    0.18172   35.73037
jla_mock     0.03048   35.68848    0.18204   35.71303
jla_mock     0.01055   33.21731    0.21945   33.37697
jla_mock     0.01426   33.95224    0.17171   34.03675
jla_mock     0.02769   35.50173    0.18125   35.49983
jla_mock     0.05386   37.15333    0.15904   36.98558
jla_mock     0.01767   34.28463    0.19251   34.50873
jla_mock     0.01745   34.72126    0.17037   34.48092
jla_mock     0.01557   34.30785    0.20220   34.23076
jla_mock     0.01006   33.25093    0.23113   33.27290
jla_mock     0.05493   36.93679    0.18431   37.02998
jla_mock     0.03908   36.37804    0.16317   36.26630
jla_mock     0.07832   37.76857    0.18392   37.83534
jla_mock     0.03176   35.69595    0.15356   35.80452
jla_mock     0.01444   33.81156    0.22581   34.06489
jla_mock     0.01353   33.98812    0.22079   33.92255
jla_mock     0.02668   35.65651    0.19350   35.41745
jla_mock     0.02336   35.04063    0.17881   35.12382
jla_mock     0.03693   35.93277    0.19002   36.14013
jla_mock     0.02355   34.85760    0.17820   35.14190
jla_mock     0.01748   34.42379    0.19212   34.48507
jla_mock     0.04026   36.30694    0.17448   36.33252
jla_mock     0.03038   35.73730    0.20408   35.70566
jla_mock     0.01550   34.49174    0.20028   34.22101
jla_mock     0.01415   33.99969    0.18788   34.02052
jla_mock     0.01549   34.12935    0.18431   34.21860
jla_mock     0.01555   34.37473    0.19852   34.22808
jla_mock     0.03707   36.06142    0.15485   36.14862
jla_mock     0.01548   34.15236    0.20250   34.21789
jla_mock     0.01332   34.23885    0.18644   33.88842
jla_mock     0.01457   34.04201    0.20791   34.08532
jla_mock     0.01579   34.33664    0.19847   34.26130
jla_mock     0.02475   35.55601    0.17955   35.25120
jla_mock     0.02775   35.56128    0.17503   35.50463
jla_mock     0.01089   33.36671    0.25478   33.44601
jla_mock     0.01365   33.93343    0.18671   33.94176
jla_mock     0.03576   36.25458    0.16296   36.06783
jla_mock     0.02473   35.32390    0.17711   35.24932
jla_mock     0.03809   36.10839    0.17052   36.20863
jla_mock     0.02154   34.70382    0.17712   34.94487
jla_mock     0.01958   34.68422    0.17899   34.73456
jla_mock     0.03042   35.61612    0.17572   35.70822
jla_mock     0.03922   36.37115    0.17021   36.27406
jla_mock     0.03497   36.21183    0.15988   36.01845
jla_mock     0.02856   35.64605    0.17650   35.56863
jla_mock     0.02100   35.07587    0.18823   34.88845
jla_mock     0.03254   35.45379    0.18232   35.85802
jla_mock     0.01547   34.08684    0.19319   34.21604
jla_mock     0.01568   34.50029    0.20748   34.24552
jla_mock     0.02750   35.42691    0.15599   35.48465
jla_mock     0.04686   36.34849    0.17135   36.67229
jla_mock     0.03317   35.85376    0.18296   35.90099
jla_mock     0.01029   33.37938    0.23550   33.32258
jla_mock     0.08010   38.27689    0.17116   37.88694
jla_mock     0.01232   33.88561    0.20021   33.71613
jla_mock     0.02459   35.22716    0.20631   35.23686
jla_mock     0.01447   34.17455    0.20828   34.06899
jla_mock     0.01515   34.21367    0.18400   34.17085
jla_mock     0.02909   35.79187    0.17337   35.60902
jla_mock     0.03478   36.35603    0.17929   36.00632
jla_mock     0.04492   36.47860    0.14071   36.57766
jla_mock     0.03407   35.99675    0.16958   35.96061
jla_mock     0.07487   37.74413    0.14386   37.73249
jla_mock     0.01496   33.87885    0.19783   34.14256
jla_mock     0.02040   34.96272    0.17104   34.82442
jla_mock     0.04069   36.40076    0.17468   36.35626
jla_mock     0.02657   35.63804    0.18033   35.40830
jla_mock     0.02688   35.27957    0.15331   35.43431
jla_mock     0.02347   34.95393    0.17598   35.13429
jla_mock     0.06912   37.57669    0.19118   37.55045
jla_mock     0.06519   37.41805    0.15880   37.41747
jla_mock     0.02298   35.07608    0.17791   35.08760
jla_mock     0.01739   34.30648    0.19829   34.47296
jla_mock     0.03148   35.78230    0.15109   35.78492
jla_mock     0.01118   33.38260    0.19448   33.50474
jla_mock     0.02196   35.12198    0.17567   34.98697
jla_mock     0.03148   35.97652    0.15081   35.78485
jla_mock     0.02332   35.19251    0.20285   35.12013
jla_mock     0.02039   34.47055    0.18301   34.82377
jla_mock     0.02247   35.16863    0.18141   35.03765
jla_mock     0.03361   36.03321    0.18044   35.93037
jla_mock     0.03697   35.97311    0.17917   36.14224
jla_mock     0.02263   35.14084    0.18007   35.05361
jla_mock     0.01470   34.20691    0.18462   34.10407
jla_mock     0.03695   36.10879    0.14876   36.14109
jla_mock     0.06096   37.17790    0.12531   37.26526
jla_mock     0.05929   37.23866    0.12136   37.20241
jla_mock     0.06975   37.28873    0.15874   37.57107
jla_mock     0.02953   35.61039    0.17470   35.64232
jla_mock     0.03325   36.21085    0.17565   35.90649
jla_mock     0.02416   35.36739    0.18124   35.19813
jla_mock     0.01600   34.08099    0.19156   34.29005
jla_mock     0.06296   37.30771    0.16531   37.33846
jla_mock     0.02171   34.99207    0.19186   34.96170
jla_mock     0.03164   35.93957    0.18944   35.79569
jla_mock     0.01860   34.76473    0.17305   34.62124
jla_mock     0.02706   35.30247    0.17333   35.44934
jla_mock     0.02547   35.41797    0.18470   35.31480
jla_mock     0.02381   35.40002    0.19337   35.16597
jla_mock     0.02387   34.99976    0.18298   35.17126
jla_mock     0.02207   35.14688    0.16678   34.99820
