jla_mock     0.50308   42.60054    0.14571   42.35104
jla_mock     0.58072   42.98168    0.16123   42.72544
jla_mock     0.49479   42.51214    0.12071   42.30792
jla_mock     0.34593   41.49941    0.13253   41.39128
jla_mock     0.67766   43.29397    0.22872   43.13160
jla_mock     0.61071   42.97665    0.22549   42.85755
jla_mock     0.86649   43.29111    0.25803   43.78400
jla_mock     0.33093   41.35480    0.12801   41.27950
jla_mock     0.79857   43.46442    0.25920   43.56670
jla_mock     0.44956   42.08487    0.16140   42.06004
jla_mock     0.37144   41.81272    0.14922   41.57158
jla_mock     0.29172   41.11647    0.14231   40.96351
jla_mock     0.35582   41.31844    0.14101   41.46259
jla_mock     0.46127   42.14070    0.15587   42.12638
jla_mock     0.28361   40.85603    0.13056   40.89333
jla_mock     0.63223   43.06723    0.22183   42.94863
jla_mock     0.46641   42.10306    0.17244   42.15500
jla_mock     0.26862   40.76779    0.12820   40.75859
jla_mock     0.94689   44.18803    0.29225   44.02068
jla_mock     0.92492   43.80439    0.31213   43.95801
jla_mock     0.69317   43.15688    0.29243   43.19137
jla_mock     0.62523   43.05165    0.19089   42.91933
jla_mock     0.89694   43.80100    0.26745   43.87607
jla_mock     0.60826   42.89105    0.15987   42.84699
jla_mock     0.78905   43.64884    0.26933   43.53485
jla_mock     0.57829   42.80238    0.14638   42.71445
jla_mock     0.59028   42.90211    0.18967   42.76823
jla_mock     0.71963   43.51298    0.25305   43.29050
jla_mock     0.21003   40.17457    0.13132   40.15509
jla_mock     0.76659   43.47042    0.22577   43.45813
jla_mock     0.85851   43.88692    0.22290   43.75934
jla_mock     0.36790   41.66829    0.09931   41.54727
jla_mock     0.55875   42.82320    0.15678   42.62447
jla_mock     0.84851   44.08833    0.21739   43.72812
jla_mock     0.99639   44.28817    0.24266   44.15679
jla_mock     0.77659   43.07148    0.26449   43.49256
jla_mock     0.58293   42.73054    0.13307   42.73539
jla_mock     0.58374   43.25686    0.16753   42.73903
jla_mock     0.79655   43.63495    0.22888   43.55998
jla_mock     0.58872   42.59860    0.15579   42.76129
jla_mock     0.91347   44.08878    0.24294   43.92478
jla_mock     0.76859   43.76511    0.23905   43.46504
jla_mock     0.94846   44.09377    0.26528   44.02509
jla_mock     0.51379   42.92553    0.15288   42.40578
jla_mock     0.73361   43.58278    0.19294   43.34148
jla_mock     0.63770   42.99696    0.27011   42.97130
jla_mock     0.76559   43.39126    0.21114   43.45466
jla_mock     0.43486   42.04041    0.15773   41.97447
jla_mock     0.98341   44.43684    0.25880   44.12175
jla_mock     0.58374   42.78201    0.16233   42.73903
jla_mock     0.70063   43.51545    0.21687   43.21970
jla_mock     0.66206   43.12417    0.21295   43.07010
jla_mock     0.83813   44.33732    0.28077   43.69533
jla_mock     0.62187   43.05777    0.17547   42.90516
jla_mock     0.37059   41.42308    0.14292   41.56572
jla_mock     0.41663   41.70222    0.13815   41.86455
jla_mock     0.35857   41.49875    0.10704   41.48209
jla_mock     0.45168   41.96817    0.15279   42.07216
jla_mock     0.52276   42.45402    0.16113   42.45081
jla_mock     0.73400   43.87525    0.30409   43.34288
jla_mock     0.70196   43.27688    0.31177   43.22473
jla_mock     0.74201   43.36718    0.29013   43.37166
jla_mock     0.74612   43.11977    0.21822   43.38631
jla_mock     0.34956   41.60523    0.13473   41.41768
jla_mock     0.59183   43.06711    0.15357   42.77513
jla_mock     0.51475   42.59539    0.15561   42.41060
jla_mock     0.62063   42.79662    0.18447   42.89990
jla_mock     0.64365   43.21864    0.24392   42.99574
jla_mock     1.00280   44.42774    0.33217   44.17391
jla_mock     0.47059   42.35021    0.14421   42.17801
jla_mock     0.61064   42.88408    0.15878   42.85725
jla_mock     0.26349   40.75072    0.12805   40.71081
jla_mock     0.35834   41.59841    0.12919   41.48044
jla_mock     0.74270   43.43157    0.25909   43.37412
jla_mock     0.45156   42.24473    0.11539   42.07145
jla_mock     0.91075   44.19385    0.26165   43.91682
jla_mock     0.55261   42.72316    0.15821   42.59559
jla_mock     0.33753   41.49226    0.12813   41.32927
jla_mock     0.75068   43.40840    0.24281   43.40248
jla_mock     0.98378   43.74180    0.34665   44.12275
jla_mock     0.82270   43.06694    0.22176   43.64588
jla_mock     0.81370   43.78367    0.24257   43.61661
jla_mock     0.95076   44.13334    0.26473   44.03158
jla_mock     0.81773   44.00033    0.24643   43.62977
jla_mock     0.34052   41.67248    0.12574   41.35149
jla_mock     0.96075   43.60566    0.28766   44.05949
jla_mock     0.81072   43.32810    0.27276   43.60686
jla_mock     0.75669   43.60460    0.24755   43.42362
jla_mock     0.61125   43.01960    0.18573   42.85987
jla_mock     0.87797   43.85067    0.22379   43.81907
jla_mock     0.54832   42.67688    0.14258   42.57529
jla_mock     0.80903   43.36027    0.23222   43.60132
jla_mock     1.02880   44.22756    0.28337   44.24234
jla_mock     0.62724   42.93452    0.17555   42.92776
jla_mock     0.42245   41.67692    0.15607   41.90012
jla_mock     0.93390   43.89858    0.35000   43.98380
jla_mock     0.70116   43.46750    0.22741   43.22169
jla_mock     0.69716   43.44508    0.20952   43.20658
jla_mock     0.68518   42.85096    0.27044   43.16074
jla_mock     0.76707   42.88418    0.25234   43.45981
jla_mock     0.93190   44.00819    0.25137   43.97808
jla_mock     0.86398   43.92914    0.24510   43.77625
jla_mock     0.74910   43.56372    0.22590   43.39689
jla_mock     0.51435   42.40935    0.15357   42.40861
jla_mock     0.46841   42.24520    0.11440   42.16601
jla_mock     0.47040   42.31360    0.15655   42.17698
jla_mock     0.95887   44.35247    0.27681   44.05426
jla_mock     0.92791   43.56063    0.29724   43.96663
jla_mock     0.84052   43.61038    0.21913   43.70293
jla_mock     0.63070   43.05410    0.17083   42.94224
jla_mock     0.56275   42.91158    0.14441   42.64315
jla_mock     0.61570   43.00459    0.16969   42.87892
jla_mock     0.82853   43.70959    0.22446   43.66467
jla_mock     0.56474   42.58933    0.16043   42.65238
jla_mock     0.57874   43.00362    0.14758   42.71650
jla_mock     0.55774   42.36238    0.15832   42.61978
jla_mock     0.86450   43.73670    0.22870   43.77785
jla_mock     0.73561   43.78005    0.23469   43.34870
jla_mock     0.85851   43.82232    0.28337   43.75932
jla_mock     0.26198   40.64559    0.10443   40.69667
jla_mock     0.58574   42.84363    0.18661   42.74800
jla_mock     0.76158   43.44506    0.21599   43.44073
jla_mock     0.48880   42.16931    0.11155   42.27631
jla_mock     0.85852   43.75883    0.27431   43.75935
jla_mock     0.68866   43.27257    0.18053   43.17412
jla_mock     0.55874   42.58025    0.15492   42.62446
jla_mock     0.32453   41.33736    0.12602   41.23036
jla_mock     0.48070   42.17709    0.10839   42.23305
jla_mock     0.18537   39.95494    0.13096   39.85305
jla_mock     0.92222   44.48610    0.33855   43.95022
jla_mock     0.68194   43.11085    0.19640   43.14823
jla_mock     0.47571   42.19016    0.10811   42.20600
jla_mock     0.92221   43.83419    0.27644   43.95018
jla_mock     0.89318   43.85204    0.25783   43.86487
jla_mock     0.42865   41.98090    0.14144   41.93748
jla_mock     0.63188   42.75325    0.23474   42.94717
jla_mock     0.69996   43.51108    0.25835   43.21717
jla_mock     0.73601   43.59442    0.26469   43.35013
jla_mock     0.57582   42.88227    0.15954   42.70324
jla_mock     0.41863   41.86659    0.10652   41.87683
jla_mock     0.51175   42.34005    0.12001   42.39540
jla_mock     0.53577   42.75440    0.12653   42.51485
jla_mock     0.64189   42.99451    0.21547   42.98856
jla_mock     0.73500   43.45374    0.22720   43.34649
jla_mock     0.35156   41.45009    0.13079   41.43211
jla_mock     0.60986   43.09090    0.17401   42.85388
jla_mock     0.34956   41.81636    0.13437   41.41766
jla_mock     0.70197   43.57428    0.18820   43.22475
jla_mock     0.35526   41.41505    0.10428   41.45861
jla_mock     0.98328   43.92484    0.25757   44.12140
jla_mock     0.87215   43.54269    0.26598   43.80134
jla_mock     0.75903   43.74634    0.20819   43.43183
jla_mock     0.92622   43.98955    0.24599   43.96176
jla_mock     0.64364   43.12318    0.22846   42.99573
jla_mock     0.41957   41.89115    0.13773   41.88255
jla_mock     0.51559   42.58556    0.20314   42.41484
jla_mock     0.89073   43.79454    0.21058   43.85753
jla_mock     0.80570   43.90379    0.22987   43.59033
jla_mock     0.48057   41.98128    0.10875   42.23231
jla_mock     0.80070   43.51161    0.24546   43.57378
jla_mock     0.58060   42.73899    0.18881   42.72490
jla_mock     0.71565   43.57068    0.24397   43.27584
jla_mock     0.80570   43.74727    0.23277   43.59033
jla_mock     0.76668   43.11603    0.25284   43.45846
jla_mock     0.66464   43.13747    0.19579   43.08037
jla_mock     0.90174   44.15528    0.25191   43.89028
jla_mock     0.74567   43.58630    0.21143   43.38470
jla_mock     0.71868   43.26536    0.20380   43.28702
jla_mock     0.73669   43.29192    0.19636   43.35259
jla_mock     0.57960   42.80370    0.12085   42.72037
jla_mock     0.37053   41.62621    0.10257   41.56534
jla_mock     0.96074   43.67831    0.23956   44.05946
jla_mock     0.85073   43.63362    0.21180   43.73508
jla_mock     0.64864   43.28570    0.19255   43.01611
jla_mock     0.21946   40.26829    0.13037   40.26197
jla_mock     0.93676   44.19465    0.24130   43.99195
jla_mock     0.64764   43.25008    0.17876   43.01204
jla_mock     0.46156   41.93566    0.13341   42.12800
jla_mock     0.60060   42.60821    0.17945   42.81372
jla_mock     0.67065   42.89385    0.23101   43.10415
jla_mock     0.76070   43.41218    0.20946   43.43765
jla_mock     0.24649   40.64009    0.13212   40.54638
jla_mock     0.47057   42.21131    0.14759   42.17794
jla_mock     0.16945   39.55552    0.11210   39.63766
jla_mock     0.49738   42.32276    0.12913   42.32144
jla_mock     0.63823   42.98379    0.19689   42.97350
jla_mock     0.50737   42.47310    0.14543   42.37308
jla_mock     0.53533   42.64343    0.14230   42.51269
jla_mock     0.58728   42.80267    0.16639   42.75489
jla_mock     0.77308   43.72352    0.25621   43.48052
jla_mock     0.69917   43.30394    0.22210   43.21417
jla_mock     0.37051   41.63687    0.12736   41.56520
jla_mock     0.76109   43.20793    0.22809   43.43902
jla_mock     0.69917   42.86670    0.21960   43.21418
jla_mock     0.78806   43.80503    0.19242   43.53150
jla_mock     0.37351   41.60652    0.13203   41.58571
jla_mock     0.40548   41.92557    0.13199   41.79507
jla_mock     0.85299   43.91317    0.25729   43.74216
jla_mock     0.80805   44.00026    0.24185   43.59808
jla_mock     0.60327   42.99531    0.18398   42.82536
jla_mock     0.58329   42.62337    0.17903   42.73700
jla_mock     0.53434   42.58855    0.14774   42.50785
jla_mock     0.72014   43.33695    0.24070   43.29239
jla_mock     0.40048   42.05876    0.21061   41.76340
jla_mock     0.83700   43.82276    0.21503   43.69176
jla_mock     0.37151   41.64216    0.10193   41.57203
jla_mock     0.80604   43.96667    0.25908   43.59147
jla_mock     0.84001   44.04716    0.23507   43.70129
jla_mock     0.50073   42.39493    0.12981   42.33885
jla_mock     0.53277   42.51063    0.17422   42.50018
jla_mock     0.53377   42.55880    0.18215   42.50508
jla_mock     0.93223   44.38091    0.34153   43.97902
jla_mock     0.82210   43.64506    0.25791   43.64395
jla_mock     0.55380   42.59187    0.13545   42.60122
jla_mock     0.12530   39.01846    0.13709   38.92294
jla_mock     0.84212   43.85675    0.28303   43.70800
jla_mock     0.44367   42.04050    0.15187   42.02605
jla_mock     0.72767   43.26820    0.24978   43.31996
jla_mock     0.68366   43.80539    0.41253   43.15487
jla_mock     0.44255   42.13817    0.13368   42.01954
jla_mock     0.72668   43.13720    0.20022   43.31634
jla_mock     0.28251   41.09906    0.12748   40.88366
jla_mock     0.40455   42.08682    0.12965   41.78921
jla_mock     0.51961   42.51437    0.13964   42.43507
jla_mock     0.69065   43.79415    0.23215   43.18177
jla_mock     1.06080   44.80563    0.27869   44.32423
jla_mock     0.57661   42.59793    0.15376   42.70683
jla_mock     0.26849   40.83740    0.12614   40.75735
jla_mock     0.72068   43.42450    0.25107   43.29438
jla_mock     0.25050   40.59409    0.13111   40.58606
jla_mock     0.76069   43.65752    0.27664   43.43763
jla_mock     0.69817   43.48715    0.26129   43.21038
jla_mock     0.55031   42.87366    0.16854   42.58475
jla_mock     0.73013   43.71461    0.23525   43.32888
jla_mock     0.84798   43.68066    0.24703   43.72647
jla_mock     0.99783   44.03887    0.24706   44.16064
jla_mock     0.43545   41.84609    0.13052   41.97792
jla_mock     0.40947   42.00871    0.12922   41.82014
jla_mock     0.30159   41.18257    0.12599   41.04659
jla_mock     1.29911   44.86779    0.19341   44.86622
jla_mock     1.02081   43.69723    0.23668   44.22149
jla_mock     0.83973   43.35939    0.19265   43.70043
jla_mock     1.12085   44.47814    0.20807   44.47149
jla_mock     1.23089   45.22832    0.23900   44.72199
jla_mock     0.97423   44.35988    0.18427   44.09670
jla_mock     0.97078   44.01880    0.33863   44.08723
jla_mock     0.06423   37.28194    0.15073   37.38367
jla_mock     0.12903   38.98460    0.16417   38.99182
jla_mock     0.10289   38.37455    0.14984   38.46361
jla_mock     0.04413   36.76495    0.17360   36.53791
jla_mock     0.11304   38.62368    0.15277   38.68229
jla_mock     0.25611   40.33622    0.20496   40.64067
jla_mock     0.38026   41.52406    0.28703   41.63124
jla_mock     0.14547   39.47305    0.16219   39.27457
jla_mock     0.08889   37.99254    0.14637   38.12583
jla_mock     0.26059   40.60178    0.18294   40.68349
jla_mock     0.07891   37.90608    0.15603   37.85259
jla_mock     0.08304   37.97724    0.15332   37.96945
jla_mock     0.16565   39.54873    0.13854   39.58339
jla_mock     0.16817   39.59603    0.16196   39.61946
jla_mock     0.17063   40.04738    0.16521   39.65419
jla_mock     0.17028   39.50043    0.17036   39.64928
jla_mock     0.12044   38.78453    0.15110   38.83033
jla_mock     0.27653   40.57580    0.21444   40.83051
jla_mock     0.23160   40.68429    0.18253   40.39347
jla_mock     0.30569   41.57119    0.26735   41.08035
jla_mock     0.07997   37.78639    0.16566   37.88313
jla_mock     0.17415   39.45484    0.15831   39.70309
jla_mock     0.13868   39.03052    0.16605   39.16161
jla_mock     0.14607   39.27217    0.16392   39.28432
jla_mock     0.08133   38.08601    0.14393   37.92176
jla_mock     0.23380   40.41905    0.17178   40.41662
jla_mock     0.25655   40.91664    0.17733   40.64491
jla_mock     0.24562   40.72498    0.20041   40.53766
jla_mock     0.12593   38.96363    0.19133   38.93474
jla_mock     0.22351   40.72707    0.21583   40.30655
jla_mock     0.10264   38.46027    0.14664   38.45798
jla_mock     0.11967   38.79676    0.14567   38.81533
jla_mock     0.18055   39.81043    0.16851   39.78968
jla_mock     0.19709   39.94056    0.17390   40.00094
jla_mock     0.22916   40.60058    0.19939   40.36755
jla_mock     0.26451   41.05493    0.19876   40.72040
jla_mock     0.10337   38.52050    0.12264   38.47441
jla_mock     0.36441   41.07411    0.23043   41.52305
jla_mock     0.20560   40.30616    0.15584   40.10331
jla_mock     0.17981   39.66390    0.19620   39.77982
jla_mock     0.19959   40.21925    0.18224   40.03143
jla_mock     0.15653   39.31544    0.15013   39.44844
jla_mock     0.16180   39.37844    0.14761   39.52729
jla_mock     0.20953   40.05788    0.20608   40.14927
jla_mock     0.24179   40.47845    0.19813   40.49904
jla_mock     0.23646   40.65490    0.16266   40.44434
jla_mock     0.22668   40.45134    0.21051   40.34095
jla_mock     0.29678   41.05522    0.19716   41.00643
jla_mock     0.20852   40.08110    0.16317   40.13754
jla_mock     0.25104   40.71778    0.22086   40.59138
jla_mock     0.25012   40.18862    0.17967   40.58234
jla_mock     0.11771   38.69400    0.14551   38.77674
jla_mock     0.21971   40.53136    0.16999   40.26472
jla_mock     0.14901   39.42531    0.14890   39.33153
jla_mock     0.28742   41.01086    0.18840   40.92654
jla_mock     0.14360   39.53839    0.16640   39.24396
jla_mock     0.32837   41.40433    0.19601   41.25993
jla_mock     0.24625   40.42370    0.16507   40.54396
jla_mock     0.11966   39.07498    0.15027   38.81514
jla_mock     0.32838   41.08028    0.27642   41.26001
jla_mock     0.21513   40.23318    0.18367   40.21341
jla_mock     0.14478   39.19415    0.13617   39.26332
jla_mock     0.13243   38.96453    0.12839   39.05296
jla_mock     0.21082   40.20429    0.16235   40.16418
jla_mock     0.20399   39.97369    0.15781   40.08425
jla_mock     0.27952   40.54436    0.16701   40.85722
jla_mock     0.04428   36.50138    0.15510   36.54551
jla_mock     0.18037   39.50239    0.15078   39.78729
jla_mock     0.26070   40.67404    0.18972   40.68453
jla_mock     0.05654   37.12326    0.18697   37.09513
jla_mock     0.21260   40.33240    0.19195   40.18462
jla_mock     0.36941   41.10366    0.23700   41.55764
jla_mock     0.17386   39.53214    0.13052   39.69910
jla_mock     0.14265   39.28860    0.16863   39.22827
jla_mock     0.17789   39.63834    0.17323   39.75404
jla_mock     0.32837   41.17575    0.20656   41.25993
jla_mock     0.25351   40.53860    0.19561   40.61551
jla_mock     0.30001   41.01580    0.19320   41.03346
jla_mock     0.10589   38.52479    0.14608   38.53030
jla_mock     0.22328   40.16079    0.16844   40.30404
jla_mock     0.11845   38.68807    0.12252   38.79138
jla_mock     0.17653   39.76566    0.17119   39.73563
jla_mock     0.18280   39.82307    0.18907   39.81945
jla_mock     0.29762   40.73147    0.22708   41.01348
jla_mock     0.19699   40.01164    0.16337   39.99971
jla_mock     0.15295   39.31464    0.14755   39.39345
jla_mock     0.24850   40.21492    0.17448   40.56634
jla_mock     0.13818   39.23102    0.12409   39.15309
jla_mock     0.20704   40.26449    0.17045   40.12025
jla_mock     0.21468   40.22983    0.18060   40.20831
jla_mock     0.30632   41.23636    0.21503   41.08550
jla_mock     0.24695   40.80984    0.17120   40.55095
jla_mock     0.19801   39.91557    0.14490   40.01220
jla_mock     0.22256   40.19595    0.15195   40.29616
jla_mock     0.13508   39.09766    0.15131   39.09960
jla_mock     0.21054   40.11538    0.18261   40.16096
jla_mock     0.27258   40.76569    0.16911   40.79482
jla_mock     0.24660   40.30214    0.16169   40.54746
jla_mock     0.22068   40.23613    0.19429   40.27546
jla_mock     0.27447   40.67348    0.19147   40.81196
jla_mock     0.17656   39.37197    0.15540   39.73604
jla_mock     0.31088   41.16142    0.22016   41.12250
jla_mock     0.18435   39.80487    0.17308   39.83976
jla_mock     0.15935   39.52394    0.14827   39.49093
jla_mock     0.21976   40.20206    0.16605   40.26527
jla_mock     0.25205   40.57388    0.18410   40.60127
jla_mock     0.18122   39.95797    0.14940   39.79858
jla_mock     0.17373   39.76180    0.13336   39.69730
jla_mock     0.38047   41.90513    0.24246   41.63265
jla_mock     0.17865   39.40394    0.17172   39.76428
jla_mock     0.24568   40.42960    0.18910   40.53826
jla_mock     0.20910   39.93639    0.16102   40.14428
jla_mock     0.24947   40.47557    0.20971   40.57593
jla_mock     0.13392   39.31821    0.16606   39.07929
jla_mock     0.17706   40.08553    0.16040   39.74282
jla_mock     0.28111   40.92772    0.18775   40.87131
jla_mock     0.17383   39.86947    0.15187   39.69868
jla_mock     0.19654   40.16033    0.16513   39.99418
jla_mock     0.36397   41.65996    0.22725   41.51999
jla_mock     0.37835   42.31381    0.26733   41.61843
jla_mock     0.31646   40.96889    0.21039   41.16711
jla_mock     0.18322   39.73753    0.13519   39.82497
jla_mock     0.24102   40.16624    0.16774   40.49121
jla_mock     0.20203   40.44781    0.19953   40.06085
jla_mock     0.16869   39.66281    0.16512   39.62684
jla_mock     0.19794   40.04158    0.17492   40.01135
jla_mock     0.12276   39.04923    0.14575   38.87499
jla_mock     0.20318   39.62289    0.16105   40.07461
jla_mock     0.12739   39.06207    0.14896   38.96178
jla_mock     0.27549   40.71541    0.19973   40.82116
jla_mock     0.14468   39.58862    0.14722   39.26169
jla_mock     0.33436   41.29607    0.24978   41.30545
jla_mock     0.19580   40.17079    0.15393   39.98507
jla_mock     0.19392   40.05531    0.16375   39.96176
jla_mock     0.24973   40.71798    0.18581   40.57850
jla_mock     0.14860   39.34859    0.14880   39.32499
jla_mock     0.15596   39.47097    0.14872   39.43976
jla_mock     0.09582   38.55405    0.15035   38.29889
jla_mock     0.15065   39.30030    0.15873   39.35748
jla_mock     0.30933   41.08155    0.24716   41.10998
jla_mock     0.24857   40.71418    0.17340   40.56704
jla_mock     0.36554   41.79092    0.24312   41.53091
jla_mock     0.11771   38.87184    0.12848   38.77674
jla_mock     0.19176   39.98509    0.14428   39.93472
jla_mock     0.18255   40.00573    0.16171   39.81616
jla_mock     0.23472   40.32642    0.18445   40.42624
jla_mock     0.24647   40.51322    0.19928   40.54616
jla_mock     0.28845   40.95887    0.18873   40.93544
jla_mock     0.20960   40.11005    0.19927   40.15008
jla_mock     0.19198   40.21913    0.17965   39.93748
jla_mock     0.11402   38.67870    0.12215   38.70241
jla_mock     0.11389   38.88764    0.18397   38.69975
jla_mock     0.19880   39.88654    0.20967   40.02183
jla_mock     0.22058   39.94026    0.22796   40.27436
jla_mock     0.18257   39.55642    0.16454   39.81642
jla_mock     0.15895   39.45163    0.16373   39.48495
jla_mock     0.07849   37.78434    0.14912   37.84038
jla_mock     0.13864   39.28194    0.13217   39.16093
jla_mock     0.18079   39.72823    0.15446   39.79287
jla_mock     0.17757   39.85703    0.18629   39.74972
jla_mock     0.17066   39.75548    0.16102   39.65461
jla_mock     0.23381   40.39791    0.20859   40.41672
jla_mock     0.07153   37.51567    0.17411   37.62842
jla_mock     0.15463   39.17137    0.18792   39.41940
jla_mock     0.09010   38.38819    0.15951   38.15695
jla_mock     0.17658   39.55150    0.20449   39.73631
jla_mock     0.13045   39.08318    0.16441   39.01753
jla_mock     0.18204   39.71083    0.17167   39.80943
jla_mock     0.25617   40.33994    0.17261   40.64125
jla_mock     0.13811   39.22873    0.14854   39.15189
jla_mock     0.17070   39.65332    0.16750   39.65518
jla_mock     0.21674   40.29721    0.14793   40.23156
jla_mock     0.24555   40.43202    0.17888   40.53696
jla_mock     0.14382   39.20081    0.16710   39.24758
jla_mock     0.24862   40.73985    0.18856   40.56753
jla_mock     0.14533   39.25956    0.17139   39.27229
jla_mock     0.13588   39.06108    0.12760   39.11351
jla_mock     0.05874   37.31553    0.12754   37.18137
jla_mock     0.03652   35.85331    0.15192   36.11500
jla_mock     0.27749   41.03516    0.22703   40.83912
jla_mock     0.20515   40.22908    0.29701   40.09800
jla_mock     0.28051   40.94806    0.20079   40.86600
jla_mock     0.19867   39.80475    0.16216   40.02025
jla_mock     0.15999   39.56608    0.15164   39.50048
jla_mock     0.21075   40.32074    0.18113   40.16338
jla_mock     0.07195   37.58478    0.17246   37.64176
jla_mock     0.23782   40.35868    0.19074   40.45841
jla_mock     0.14139   39.21155    0.17359   39.20730
jla_mock     0.15506   39.37253    0.15761   39.42600
jla_mock     0.37013   41.36776    0.22887   41.56259
jla_mock     0.09391   38.16769    0.17056   38.25241
jla_mock     0.11863   38.82964    0.17058   38.79493
jla_mock     0.15363   39.59885    0.15381   39.40398
jla_mock     0.25356   40.70911    0.16810   40.61600
jla_mock     0.10725   38.74771    0.14420   38.55994
jla_mock     0.12961   38.92278    0.15302   39.00235
jla_mock     0.26665   40.56854    0.19376   40.74033
jla_mock     0.21226   40.18557    0.16263   40.18073
jla_mock     0.27822   40.78822    0.18167   40.84564
jla_mock     0.24540   40.20590    0.16812   40.53546
jla_mock     0.13362   39.27405    0.15059   39.07401
jla_mock     0.17656   39.50928    0.16208   39.73604
jla_mock     0.11368   38.67614    0.14584   38.69545
jla_mock     0.32038   41.14970    0.26368   41.19801
jla_mock     0.11271   38.61743    0.12253   38.67548
jla_mock     0.10602   38.36703    0.14473   38.53314
jla_mock     0.39135   41.94004    0.26610   41.70449
jla_mock     0.15575   39.40428    0.14612   39.43656
jla_mock     0.18667   39.74016    0.16762   39.86986
jla_mock     0.19671   40.14867    0.16670   39.99627
jla_mock     0.19191   40.03592    0.17339   39.93660
jla_mock     0.19084   39.83650    0.15088   39.92311
jla_mock     0.17625   39.62852    0.15361   39.73182
jla_mock     0.12837   38.94319    0.15036   38.97977
jla_mock     0.12262   38.86136    0.14734   38.87232
jla_mock     0.12715   38.96167    0.14706   38.95736
jla_mock     0.21323   40.03525    0.17621   40.19182
jla_mock     0.21861   39.88114    0.18110   40.25249
jla_mock     0.26856   40.83297    0.19152   40.75800
jla_mock     0.20466   40.04172    0.16519   40.09220
jla_mock     0.26710   40.98766    0.17378   40.74451
jla_mock     0.21757   40.20919    0.17265   40.24087
jla_mock     0.24185   40.79509    0.17151   40.49965
jla_mock     0.29350   41.31928    0.20072   40.97870
jla_mock     0.35346   41.65728    0.23114   41.44575
jla_mock     0.18563   40.08844    0.15495   39.85641
jla_mock     0.28543   40.95221    0.19928   40.90924
jla_mock     0.19494   39.93945    0.16836   39.97443
jla_mock     0.07592   37.69534    0.14500   37.76429
jla_mock     0.16357   39.37135    0.15778   39.55323
jla_mock     0.25721   40.68124    0.20821   40.65125
jla_mock     0.21955   40.27939    0.18725   40.26294
jla_mock     0.17558   39.83488    0.15163   39.72269
jla_mock     0.22667   40.12059    0.18608   40.34084
jla_mock     0.15322   39.32581    0.15082   39.39764
jla_mock     0.21025   40.07607    0.19550   40.15761
jla_mock     0.12164   38.66291    0.12361   38.85353
jla_mock     0.29135   40.91958    0.19905   40.96037
jla_mock     0.29448   40.72023    0.27860   40.98701
jla_mock     0.16455   39.49260    0.12599   39.56749
jla_mock     0.30702   41.37847    0.20907   41.09122
jla_mock     0.19863   39.93076    0.16158   40.01976
jla_mock     0.26821   41.04926    0.21540   40.75477
jla_mock     0.40128   41.92587    0.24823   41.76846
jla_mock     0.13668   38.93296    0.15334   39.12735
jla_mock     0.29542   41.16181    0.24720   40.99496
jla_mock     0.29192   40.86585    0.19220   40.96524
jla_mock     0.09007   38.09950    0.12097   38.15619
jla_mock     0.20557   40.20302    0.18293   40.10296
jla_mock     0.14582   39.54625    0.14935   39.28026
jla_mock     0.11767   38.98355    0.14487   38.77595
jla_mock     0.05499   37.03501    0.14998   37.03240
jla_mock     0.17420   39.76832    0.15143   39.70378
jla_mock     0.24495   40.64431    0.18021   40.53095
jla_mock     0.22452   40.32151    0.18250   40.31756
jla_mock     0.24558   40.72098    0.16228   40.53726
jla_mock     0.28351   41.00192    0.21250   40.89245
jla_mock     0.18056   39.97513    0.17619   39.78982
jla_mock     0.10391   38.52115    0.12352   38.48649
jla_mock     0.12961   38.92167    0.15327   39.00235
jla_mock     0.24352   40.75757    0.16046   40.51656
jla_mock     0.33136   41.65378    0.26935   41.28275
jla_mock     0.24348   40.49143    0.19048   40.51615
jla_mock     0.31468   41.10736    0.17578   41.15296
jla_mock     0.21865   40.53715    0.18935   40.25293
jla_mock     0.26014   40.80460    0.21926   40.67922
jla_mock     0.28243   40.81704    0.19831   40.88296
jla_mock     0.30041   40.84925    0.20582   41.03679
jla_mock     0.15186   39.44593    0.14864   39.37647
jla_mock     0.26357   40.66541    0.18937   40.71159
jla_mock     0.21382   40.57443    0.20621   40.19854
jla_mock     0.16284   39.77286    0.16762   39.54256
jla_mock     0.12440   38.78878    0.17141   38.90608
jla_mock     0.19465   39.90064    0.13939   39.97083
jla_mock     0.20554   40.00977    0.18299   40.10260
jla_mock     0.10667   38.63806    0.14589   38.54734
jla_mock     0.18772   39.86807    0.18725   39.88338
jla_mock     0.16387   39.73121    0.15682   39.55760
jla_mock     0.29021   41.12451    0.19470   40.95060
jla_mock     0.09401   38.18728    0.12498   38.25487
jla_mock     0.22786   40.17248    0.18010   40.35364
jla_mock     0.10751   38.80125    0.14765   38.56556
jla_mock     0.31065   40.76641    0.22259   41.12065
jla_mock     0.14564   39.23778    0.15576   39.27734
jla_mock     0.08784   38.39124    0.12610   38.09850
jla_mock     0.14839   39.31169    0.15573   39.32164
jla_mock     0.28662   41.24631    0.19366   40.91960
jla_mock     0.12281   38.75828    0.13329   38.87594
jla_mock     0.18655   39.98877    0.20280   39.86832
jla_mock     0.12893   38.86694    0.15504   38.99000
jla_mock     0.19422   40.04610    0.16864   39.96549
jla_mock     0.14800   39.27072    0.14676   39.31541
jla_mock     0.21179   40.42765    0.22866   40.17534
jla_mock     0.17962   39.72282    0.17351   39.77728
jla_mock     0.26349   40.57050    0.18130   40.71084
jla_mock     0.19215   39.88536    0.15957   39.93962
jla_mock     0.33880   41.47713    0.22988   41.33871
jla_mock     0.11741   38.77553    0.14767   38.77078
jla_mock     0.14310   39.19266    0.16842   39.23571
jla_mock     0.16035   39.41253    0.13218   39.50583
jla_mock     0.28872   41.15116    0.21130   40.93777
jla_mock     0.12303   38.77880    0.15465   38.88013
jla_mock     0.26405   40.73387    0.18534   40.71609
jla_mock     0.12608   39.11931    0.17183   38.93753
jla_mock     0.17374   39.76966    0.14981   39.69744
jla_mock     0.16440   39.72774    0.14973   39.56531
jla_mock     0.24961   40.19590    0.16242   40.57731
jla_mock     0.15999   39.66788    0.15137   39.50048
jla_mock     0.24448   40.25695    0.15150   40.52623
jla_mock     0.24851   40.65081    0.17708   40.56644
jla_mock     0.22893   40.26730    0.16848   40.36509
jla_mock     0.08528   38.04782    0.14385   38.03054
jla_mock     0.06282   37.34149    0.14855   37.33331
jla_mock     0.27745   40.90644    0.23370   40.83876
jla_mock     0.27544   41.03883    0.21508   40.82071
jla_mock     0.33051   41.35261    0.21088   41.27628
jla_mock     0.36193   41.63099    0.24565   41.50573
jla_mock     0.33103   41.14993    0.21801   41.28024
jla_mock     0.16050   39.65415    0.12715   39.50806
jla_mock     0.30021   41.11624    0.20430   41.03513
jla_mock     0.11635   38.94194    0.12231   38.74960
jla_mock     0.21829   40.39837    0.16062   40.24892
jla_mock     0.11967   38.63079    0.12046   38.81533
jla_mock     0.15473   39.39411    0.12395   39.42094
jla_mock     0.17810   39.91890    0.16563   39.75688
jla_mock     0.25037   40.74542    0.16561   40.58480
jla_mock     0.25174   40.45869    0.14466   40.59824
jla_mock     0.12953   38.92552    0.14519   39.00090
jla_mock     0.30929   41.16298    0.18811   41.10966
jla_mock     0.27852   41.15283    0.17882   40.84832
jla_mock     0.18581   40.08769    0.13606   39.85875
jla_mock     0.06651   37.75719    0.17228   37.46289
jla_mock     0.25800   40.99324    0.18757   40.65882
jla_mock     0.29888   41.03748    0.21609   41.02403
jla_mock     0.27044   40.93729    0.22437   40.77528
jla_mock     0.27916   40.84556    0.17184   40.85402
jla_mock     0.29287   40.81916    0.21554   40.97334
jla_mock     0.18965   39.84576    0.15711   39.90803
jla_mock     0.26576   40.45898    0.19291   40.73206
jla_mock     0.12376   38.86673    0.14509   38.89399
jla_mock     0.18255   40.08928    0.14972   39.81616
jla_mock     0.05634   37.20274    0.14895   37.08713
jla_mock     0.31288   41.25995    0.18264   41.13858
jla_mock     0.30915   41.11278    0.22329   41.10853
jla_mock     0.20061   39.94594    0.15588   40.04377
jla_mock     0.32640   41.52827    0.20549   41.24480
jla_mock     0.21163   40.15704    0.13899   40.17351
jla_mock     0.17969   39.71330    0.15636   39.77821
jla_mock     0.30240   40.94984    0.19662   41.05329
jla_mock     0.10924   38.39303    0.14870   38.60268
jla_mock     0.08522   38.13938    0.15002   38.02892
jla_mock     0.20231   39.95959    0.16132   40.06421
jla_mock     0.12649   38.90199    0.15585   38.94515
jla_mock     0.21457   40.32699    0.16813   40.20706
jla_mock     0.32045   40.93202    0.19169   41.19856
jla_mock     0.21835   40.47096    0.17273   40.24959
jla_mock     0.19010   40.04728    0.15982   39.91374
jla_mock     0.09243   38.09636    0.15614   38.21577
jla_mock     0.37986   41.56687    0.18489   41.62856
jla_mock     0.21134   40.07437    0.16608   40.17017
jla_mock     0.25833   40.69172    0.18012   40.66198
jla_mock     0.18327   39.76765    0.16856   39.82563
jla_mock     0.21295   40.24403    0.17785   40.18862
jla_mock     0.11651   38.71632    0.15544   38.75281
jla_mock     0.14401   39.27935    0.17186   39.25071
jla_mock     0.25249   40.19327    0.18600   40.60557
jla_mock     0.25539   40.47892    0.21320   40.63373
jla_mock     0.21698   40.31200    0.18861   40.23425
jla_mock     1.26590   44.46474    0.22380   44.79699
jla_mock     0.93577   43.99487    0.22959   43.98915
jla_mock     0.04952   36.78231    0.20229   36.79644
jla_mock     0.03033   35.57854    0.18208   35.70157
jla_mock     0.07458   37.66648    0.21873   37.72360
jla_mock     0.02520   35.22111    0.22034   35.29123
jla_mock     0.01441   34.12153    0.20528   34.06048
jla_mock     0.02079   35.01145    0.19750   34.86681
jla_mock     0.03522   35.88885    0.20378   36.03412
jla_mock     0.04166   36.30086    0.21523   36.40883
jla_mock     0.04240   36.75572    0.20619   36.44838
jla_mock     0.01890   34.37726    0.18362   34.65682
jla_mock     0.07884   37.88884    0.21534   37.85056
jla_mock     0.06334   36.99199    0.20759   37.35224
jla_mock     0.02764   35.55669    0.23142   35.49574
jla_mock     0.04933   36.71082    0.21068   36.78762
jla_mock     0.07015   37.35899    0.22041   37.58415
jla_mock     0.02391   34.98409    0.18368   35.17514
jla_mock     0.05313   36.83294    0.22336   36.95466
jla_mock     0.02495   35.21094    0.18978   35.26944
jla_mock     0.01566   34.18838    0.20165   34.24356
jla_mock     0.04898   36.66094    0.15986   36.77203
jla_mock     0.02240   34.98773    0.18928   35.03106
jla_mock     0.03485   35.93886    0.23666   36.01099
jla_mock     0.01697   34.39132    0.20291   34.41905
jla_mock     0.03072   35.70900    0.18172   35.73037
jla_mock     0.03048   35.69460    0.18204   35.71303
jla_mock     0.01055   33.32802    0.21945   33.37697
jla_mock     0.01426   34.20671    0.17171   34.03675
jla_mock     0.02769   35.40364    0.18125   35.49983
jla_mock     0.05386   36.74870    0.15904   36.98558
jla_mock     0.01767   34.36757    0.19251   34.50873
jla_mock     0.01745   34.48101    0.17037   34.48092
jla_mock     0.01557   34.30442    0.20220   34.23076
jla_mock     0.01006   33.39908    0.23113   33.27290
jla_mock     0.05493   37.16139    0.18431   37.02998
jla_mock     0.03908   36.16569    0.16317   36.26630
jla_mock     0.07832   37.54241    0.18392   37.83534
jla_mock     0.03176   35.89528    0.15356   35.80452
jla_mock     0.01444   34.70606    0.22581   34.06489
jla_mock     0.01353   33.88897    0.22079   33.92255
jla_mock     0.02668   35.18125    0.19350   35.41745
jla_mock     0.02336   35.07179    0.17881   35.12382
jla_mock     0.03693   36.09992    0.19002   36.14013
jla_mock     0.02355   35.02539    0.17820   35.14190
jla_mock     0.01748   34.36128    0.19212   34.48507
jla_mock     0.04026   36.30475    0.17448   36.33252
jla_mock     0.03038   35.68749    0.20408   35.70566
jla_mock     0.01550   34.04633    0.20028   34.22101
jla_mock     0.01415   33.92276    0.18788   34.02052
jla_mock     0.01549   34.24733    0.18431   34.21860
jla_mock     0.01555   34.21607    0.19852   34.22808
jla_mock     0.03707   36.10146    0.15485   36.14862
jla_mock     0.01548   34.31511    0.20250   34.21789
jla_mock     0.01332   34.23221    0.18644   33.88842
jla_mock     0.01457   34.31551    0.20791   34.08532
jla_mock     0.01579   34.24024    0.19847   34.26130
jla_mock     0.02475   35.49490    0.17955   35.25120
jla_mock     0.02775   35.39452    0.17503   35.50463
jla_mock     0.01089   33.54321    0.25478   33.44601
jla_mock     0.01365   34.10343    0.18671   33.94176
jla_mock     0.03576   36.17604    0.16296   36.06783
jla_mock     0.02473   35.33633    0.17711   35.24932
jla_mock     0.03809   36.26951    0.17052   36.20863
jla_mock     0.02154   35.09605    0.17712   34.94487
jla_mock     0.01958   34.92765    0.17899   34.73456
jla_mock     0.03042   35.61461    0.17572   35.70822
jla_mock     0.03922   36.13951    0.17021   36.27406
jla_mock     0.03497   35.97945    0.15988   36.01845
jla_mock     0.02856   35.61873    0.17650   35.56863
jla_mock     0.02100   34.67076    0.18823   34.88845
jla_mock     0.03254   35.77516    0.18232   35.85802
jla_mock     0.01547   34.05915    0.19319   34.21604
jla_mock     0.01568   34.27972    0.20748   34.24552
jla_mock     0.02750   35.47063    0.15599   35.48465
jla_mock     0.04686   36.50923    0.17135   36.67229
jla_mock     0.03317   35.69396    0.18296   35.90099
jla_mock     0.01029   33.37930    0.23550   33.32258
jla_mock     0.08010   37.91877    0.17116   37.88694
jla_mock     0.01232   33.47100    0.20021   33.71613
jla_mock     0.02459   34.95208    0.20631   35.23686
jla_mock     0.01447   34.08431    0.20828   34.06899
jla_mock     0.01515   34.17554    0.18400   34.17085
jla_mock     0.02909   35.66916    0.17337   35.60902
jla_mock     0.03478   35.72052    0.17929   36.00632
jla_mock     0.04492   36.61847    0.14071   36.57766
jla_mock     0.03407   35.80606    0.16958   35.96061
jla_mock     0.07487   37.61679    0.14386   37.73249
jla_mock     0.01496   34.23606    0.19783   34.14256
jla_mock     0.02040   34.46304    0.17104   34.82442
jla_mock     0.04069   36.13799    0.17468   36.35626
jla_mock     0.02657   35.43463    0.18033   35.40830
jla_mock     0.02688   35.18322    0.15331   35.43431
jla_mock     0.02347   35.09284    0.17598   35.13429
jla_mock     0.06912   37.16124    0.19118   37.55045
jla_mock     0.06519   37.31073    0.15880   37.41747
jla_mock     0.02298   35.17080    0.17791   35.08760
jla_mock     0.01739   34.33106    0.19829   34.47296
jla_mock     0.03148   35.43553    0.15109   35.78492
jla_mock     0.01118   33.59679    0.19448   33.50474
jla_mock     0.02196   35.03732    0.17567   34.98697
jla_mock     0.03148   36.02864    0.15081   35.78485
jla_mock     0.02332   35.20515    0.20285   35.12013
jla_mock     0.02039   34.84651    0.18301   34.82377
jla_mock     0.02247   34.87228    0.18141   35.03765
jla_mock     0.03361   35.94478    0.18044   35.93037
jla_mock     0.03697   35.90432    0.17917   36.14224
jla_mock     0.02263   35.43891    0.18007   35.05361
jla_mock     0.01470   34.01042    0.18462   34.10407
jla_mock     0.03695   35.89470    0.14876   36.14109
jla_mock     0.06096   37.21299    0.12531   37.26526
jla_mock     0.05929   37.35010    0.12136   37.20241
jla_mock     0.06975   37.52725    0.15874   37.57107
jla_mock     0.02953   35.62881    0.17470   35.64232
jla_mock     0.03325   35.77989    0.17565   35.90649
jla_mock     0.02416   35.24761    0.18124   35.19813
jla_mock     0.01600   34.10509    0.19156   34.29005
jla_mock     0.06296   37.10756    0.16531   37.33846
jla_mock     0.02171   34.90503    0.19186   34.96170
jla_mock     0.03164   35.64843    0.18944   35.79569
jla_mock     0.01860   34.53694    0.17305   34.62124
jla_mock     0.02706   35.44270    0.17333   35.44934
jla_mock     0.02547   35.29518    0.18470   35.31480
jla_mock     0.02381   35.03495    0.19337   35.16597
jla_mock     0.02387   35.34481    0.18298   35.17126
jla_mock     0.02207   35.28380    0.16678   34.99820
