jla_mock     0.50308   42.32107    0.14571   42.35104
jla_mock     0.58072   42.66698    0.16123   42.72544
jla_mock     0.49479   42.18424    0.12071   42.30792
jla_mock     0.34593   41.31913    0.13253   41.39128
jla_mock     0.67766   43.57112    0.22872   43.13160
jla_mock     0.61071   42.70352    0.22549   42.85755
jla_mock     0.86649   43.97655    0.25803   43.78400
jla_mock     0.33093   41.16440    0.12801   41.27950
jla_mock     0.79857   43.67255    0.25920   43.56670
jla_mock     0.44956   42.01259    0.16140   42.06004
jla_mock     0.37144   41.37297    0.14922   41.57158
jla_mock     0.29172   40.97154    0.14231   40.96351
jla_mock     0.35582   41.42979    0.14101   41.46259
jla_mock     0.46127   42.29464    0.15587   42.12638
jla_mock     0.28361   40.67762    0.13056   40.89333
jla_mock     0.63223   43.04644    0.22183   42.94863
jla_mock     0.46641   42.05386    0.17244   42.15500
jla_mock     0.26862   40.65107    0.12820   40.75859
jla_mock     0.94689   43.69310    0.29225   44.02068
jla_mock     0.92492   44.50727    0.31213   43.95801
jla_mock     0.69317   43.52984    0.29243   43.19137
jla_mock     0.62523   43.08323    0.19089   42.91933
jla_mock     0.89694   43.85415    0.26745   43.87607
jla_mock     0.60826   42.94675    0.15987   42.84699
jla_mock     0.78905   43.25406    0.26933   43.53485
jla_mock     0.57829   42.79925    0.14638   42.71445
jla_mock     0.59028   42.95019    0.18967   42.76823
jla_mock     0.71963   42.98022    0.25305   43.29050
jla_mock     0.21003   40.08665    0.13132   40.15509
jla_mock     0.76659   43.31755    0.22577   43.45813
jla_mock     0.85851   43.56802    0.22290   43.75934
jla_mock     0.36790   41.46771    0.09931   41.54727
jla_mock     0.55875   42.62405    0.15678   42.62447
jla_mock     0.84851   43.88072    0.21739   43.72812
jla_mock     0.99639   44.40610    0.24266   44.15679
jla_mock     0.77659   43.13817    0.26449   43.49256
jla_mock     0.58293   42.61432    0.13307   42.73539
jla_mock     0.58374   42.57505    0.16753   42.73903
jla_mock     0.79655   43.14318    0.22888   43.55998
jla_mock     0.58872   43.11941    0.15579   42.76129
jla_mock     0.91347   43.79648    0.24294   43.92478
jla_mock     0.76859   43.54237    0.23905   43.46504
jla_mock     0.94846   43.60413    0.26528   44.02509
jla_mock     0.51379   42.38587    0.15288   42.40578
jla_mock     0.73361   43.52843    0.19294   43.34148
jla_mock     0.63770   43.45337    0.27011   42.97130
jla_mock     0.76559   43.81569    0.21114   43.45466
jla_mock     0.43486   42.34941    0.15773   41.97447
jla_mock     0.98341   44.65093    0.25880   44.12175
jla_mock     0.58374   42.82544    0.16233   42.73903
jla_mock     0.70063   43.24935    0.21687   43.21970
jla_mock     0.66206   43.12502    0.21295   43.07010
jla_mock     0.83813   43.43409    0.28077   43.69533
jla_mock     0.62187   42.77122    0.17547   42.90516
jla_mock     0.37059   41.61526    0.14292   41.56572
jla_mock     0.41663   41.71151    0.13815   41.86455
jla_mock     0.35857   41.53319    0.10704   41.48209
jla_mock     0.45168   41.94281    0.15279   42.07216
jla_mock     0.52276   42.47401    0.16113   42.45081
jla_mock     0.73400   43.24516    0.30409   43.34288
jla_mock     0.70196   43.35982    0.31177   43.22473
jla_mock     0.74201   43.44707    0.29013   43.37166
jla_mock     0.74612   43.44137    0.21822   43.38631
jla_mock     0.34956   41.33712    0.13473   41.41768
jla_mock     0.59183   42.97104    0.15357   42.77513
jla_mock     0.51475   42.71586    0.15561   42.41060
jla_mock     0.62063   43.10552    0.18447   42.89990
jla_mock     0.64365   43.32848    0.24392   42.99574
jla_mock     1.00280   43.92038    0.33217   44.17391
jla_mock     0.47059   42.10008    0.14421   42.17801
jla_mock     0.61064   42.74996    0.15878   42.85725
jla_mock     0.26349   40.65090    0.12805   40.71081
jla_mock     0.35834   41.43219    0.12919   41.48044
jla_mock     0.74270   43.80103    0.25909   43.37412
jla_mock     0.45156   42.07692    0.11539   42.07145
jla_mock     0.91075   44.44775    0.26165   43.91682
jla_mock     0.55261   43.04027    0.15821   42.59559
jla_mock     0.33753   41.45469    0.12813   41.32927
jla_mock     0.75068   43.55102    0.24281   43.40248
jla_mock     0.98378   43.80187    0.34665   44.12275
jla_mock     0.82270   43.53999    0.22176   43.64588
jla_mock     0.81370   44.04984    0.24257   43.61661
jla_mock     0.95076   44.51410    0.26473   44.03158
jla_mock     0.81773   44.14322    0.24643   43.62977
jla_mock     0.34052   41.50748    0.12574   41.35149
jla_mock     0.96075   44.22995    0.28766   44.05949
jla_mock     0.81072   43.89675    0.27276   43.60686
jla_mock     0.75669   43.61895    0.24755   43.42362
jla_mock     0.61125   42.88863    0.18573   42.85987
jla_mock     0.87797   43.90045    0.22379   43.81907
jla_mock     0.54832   42.63659    0.14258   42.57529
jla_mock     0.80903   43.68933    0.23222   43.60132
jla_mock     1.02880   43.55521    0.28337   44.24234
jla_mock     0.62724   43.25286    0.17555   42.92776
jla_mock     0.42245   42.15430    0.15607   41.90012
jla_mock     0.93390   44.42181    0.35000   43.98380
jla_mock     0.70116   43.46336    0.22741   43.22169
jla_mock     0.69716   43.30762    0.20952   43.20658
jla_mock     0.68518   43.58173    0.27044   43.16074
jla_mock     0.76707   43.52780    0.25234   43.45981
jla_mock     0.93190   43.78008    0.25137   43.97808
jla_mock     0.86398   43.70061    0.24510   43.77625
jla_mock     0.74910   43.27584    0.22590   43.39689
jla_mock     0.51435   42.63501    0.15357   42.40861
jla_mock     0.46841   42.12426    0.11440   42.16601
jla_mock     0.47040   42.07689    0.15655   42.17698
jla_mock     0.95887   43.84089    0.27681   44.05426
jla_mock     0.92791   43.92383    0.29724   43.96663
jla_mock     0.84052   43.66988    0.21913   43.70293
jla_mock     0.63070   43.02852    0.17083   42.94224
jla_mock     0.56275   42.81086    0.14441   42.64315
jla_mock     0.61570   42.84266    0.16969   42.87892
jla_mock     0.82853   43.72859    0.22446   43.66467
jla_mock     0.56474   42.58542    0.16043   42.65238
jla_mock     0.57874   42.72172    0.14758   42.71650
jla_mock     0.55774   42.60493    0.15832   42.61978
jla_mock     0.86450   43.78558    0.22870   43.77785
jla_mock     0.73561   43.29830    0.23469   43.34870
jla_mock     0.85851   43.90843    0.28337   43.75932
jla_mock     0.26198   40.64461    0.10443   40.69667
jla_mock     0.58574   42.55558    0.18661   42.74800
jla_mock     0.76158   43.29723    0.21599   43.44073
jla_mock     0.48880   42.34485    0.11155   42.27631
jla_mock     0.85852   43.49039    0.27431   43.75935
jla_mock     0.68866   43.04329    0.18053   43.17412
jla_mock     0.55874   42.78487    0.15492   42.62446
jla_mock     0.32453   41.27514    0.12602   41.23036
jla_mock     0.48070   42.26757    0.10839   42.23305
jla_mock     0.18537   39.90868    0.13096   39.85305
jla_mock     0.92222   43.94814    0.33855   43.95022
jla_mock     0.68194   43.03640    0.19640   43.14823
jla_mock     0.47571   42.41898    0.10811   42.20600
jla_mock     0.92221   44.34445    0.27644   43.95018
jla_mock     0.89318   43.75603    0.25783   43.86487
jla_mock     0.42865   41.91088    0.14144   41.93748
jla_mock     0.63188   43.06720    0.23474   42.94717
jla_mock     0.69996   43.59427    0.25835   43.21717
jla_mock     0.73601   43.55929    0.26469   43.35013
jla_mock     0.57582   42.94799    0.15954   42.70324
jla_mock     0.41863   42.17386    0.10652   41.87683
jla_mock     0.51175   42.38481    0.12001   42.39540
jla_mock     0.53577   42.55981    0.12653   42.51485
jla_mock     0.64189   43.17501    0.21547   42.98856
jla_mock     0.73500   42.92005    0.22720   43.34649
jla_mock     0.35156   41.23254    0.13079   41.43211
jla_mock     0.60986   43.25313    0.17401   42.85388
jla_mock     0.34956   41.32663    0.13437   41.41766
jla_mock     0.70197   43.54396    0.18820   43.22475
jla_mock     0.35526   41.48846    0.10428   41.45861
jla_mock     0.98328   44.42112    0.25757   44.12140
jla_mock     0.87215   44.27772    0.26598   43.80134
jla_mock     0.75903   43.46888    0.20819   43.43183
jla_mock     0.92622   43.91776    0.24599   43.96176
jla_mock     0.64364   42.91996    0.22846   42.99573
jla_mock     0.41957   41.88330    0.13773   41.88255
jla_mock     0.51559   42.38229    0.20314   42.41484
jla_mock     0.89073   44.32981    0.21058   43.85753
jla_mock     0.80570   43.78171    0.22987   43.59033
jla_mock     0.48057   42.31881    0.10875   42.23231
jla_mock     0.80070   43.78835    0.24546   43.57378
jla_mock     0.58060   42.90315    0.18881   42.72490
jla_mock     0.71565   42.73343    0.24397   43.27584
jla_mock     0.80570   43.58470    0.23277   43.59033
jla_mock     0.76668   43.78974    0.25284   43.45846
jla_mock     0.66464   43.31827    0.19579   43.08037
jla_mock     0.90174   44.08734    0.25191   43.89028
jla_mock     0.74567   43.23761    0.21143   43.38470
jla_mock     0.71868   43.52774    0.20380   43.28702
jla_mock     0.73669   43.51107    0.19636   43.35259
jla_mock     0.57960   42.70488    0.12085   42.72037
jla_mock     0.37053   41.51529    0.10257   41.56534
jla_mock     0.96074   44.50211    0.23956   44.05946
jla_mock     0.85073   43.68520    0.21180   43.73508
jla_mock     0.64864   43.19320    0.19255   43.01611
jla_mock     0.21946   40.14606    0.13037   40.26197
jla_mock     0.93676   44.35683    0.24130   43.99195
jla_mock     0.64764   43.40205    0.17876   43.01204
jla_mock     0.46156   42.12254    0.13341   42.12800
jla_mock     0.60060   42.59993    0.17945   42.81372
jla_mock     0.67065   43.39483    0.23101   43.10415
jla_mock     0.76070   43.42007    0.20946   43.43765
jla_mock     0.24649   40.51435    0.13212   40.54638
jla_mock     0.47057   42.05728    0.14759   42.17794
jla_mock     0.16945   39.73668    0.11210   39.63766
jla_mock     0.49738   42.44346    0.12913   42.32144
jla_mock     0.63823   43.41944    0.19689   42.97350
jla_mock     0.50737   42.26881    0.14543   42.37308
jla_mock     0.53533   42.82086    0.14230   42.51269
jla_mock     0.58728   42.50574    0.16639   42.75489
jla_mock     0.77308   43.54705    0.25621   43.48052
jla_mock     0.69917   43.15495    0.22210   43.21417
jla_mock     0.37051   41.61458    0.12736   41.56520
jla_mock     0.76109   43.62337    0.22809   43.43902
jla_mock     0.69917   43.51116    0.21960   43.21418
jla_mock     0.78806   43.50700    0.19242   43.53150
jla_mock     0.37351   41.51213    0.13203   41.58571
jla_mock     0.40548   41.63569    0.13199   41.79507
jla_mock     0.85299   43.75911    0.25729   43.74216
jla_mock     0.80805   43.59165    0.24185   43.59808
jla_mock     0.60327   42.58389    0.18398   42.82536
jla_mock     0.58329   42.73662    0.17903   42.73700
jla_mock     0.53434   42.44073    0.14774   42.50785
jla_mock     0.72014   43.16692    0.24070   43.29239
jla_mock     0.40048   41.72293    0.21061   41.76340
jla_mock     0.83700   43.78856    0.21503   43.69176
jla_mock     0.37151   41.63031    0.10193   41.57203
jla_mock     0.80604   43.61399    0.25908   43.59147
jla_mock     0.84001   44.24495    0.23507   43.70129
jla_mock     0.50073   42.10459    0.12981   42.33885
jla_mock     0.53277   42.42264    0.17422   42.50018
jla_mock     0.53377   42.61728    0.18215   42.50508
jla_mock     0.93223   43.89937    0.34153   43.97902
jla_mock     0.82210   43.65069    0.25791   43.64395
jla_mock     0.55380   42.70611    0.13545   42.60122
jla_mock     0.12530   38.94569    0.13709   38.92294
jla_mock     0.84212   43.67809    0.28303   43.70800
jla_mock     0.44367   41.96484    0.15187   42.02605
jla_mock     0.72767   43.39049    0.24978   43.31996
jla_mock     0.68366   43.39457    0.41253   43.15487
jla_mock     0.44255   41.88357    0.13368   42.01954
jla_mock     0.72668   43.47031    0.20022   43.31634
jla_mock     0.28251   40.89043    0.12748   40.88366
jla_mock     0.40455   42.03759    0.12965   41.78921
jla_mock     0.51961   42.53856    0.13964   42.43507
jla_mock     0.69065   43.30808    0.23215   43.18177
jla_mock     1.06080   44.42929    0.27869   44.32423
jla_mock     0.57661   42.48239    0.15376   42.70683
jla_mock     0.26849   40.86136    0.12614   40.75735
jla_mock     0.72068   43.14719    0.25107   43.29438
jla_mock     0.25050   40.68015    0.13111   40.58606
jla_mock     0.76069   43.51137    0.27664   43.43763
jla_mock     0.69817   43.70370    0.26129   43.21038
jla_mock     0.55031   42.62961    0.16854   42.58475
jla_mock     0.73013   43.08413    0.23525   43.32888
jla_mock     0.84798   44.18214    0.24703   43.72647
jla_mock     0.99783   44.33206    0.24706   44.16064
jla_mock     0.43545   42.03125    0.13052   41.97792
jla_mock     0.40947   41.86428    0.12922   41.82014
jla_mock     0.30159   40.99610    0.12599   41.04659
jla_mock     1.29911   45.07767    0.19341   44.86622
jla_mock     1.02081   44.21865    0.23668   44.22149
jla_mock     0.83973   43.68780    0.19265   43.70043
jla_mock     1.12085   44.02520    0.20807   44.47149
jla_mock     1.23089   44.73800    0.23900   44.72199
jla_mock     0.97423   44.18899    0.18427   44.09670
jla_mock     0.97078   44.51333    0.33863   44.08723
jla_mock     0.06423   37.10831    0.15073   37.38367
jla_mock     0.12903   39.05237    0.16417   38.99182
jla_mock     0.10289   38.35264    0.14984   38.46361
jla_mock     0.04413   36.66525    0.17360   36.53791
jla_mock     0.11304   38.84789    0.15277   38.68229
jla_mock     0.25611   40.51723    0.20496   40.64067
jla_mock     0.38026   41.46806    0.28703   41.63124
jla_mock     0.14547   39.56280    0.16219   39.27457
jla_mock     0.08889   38.02595    0.14637   38.12583
jla_mock     0.26059   40.56762    0.18294   40.68349
jla_mock     0.07891   37.62988    0.15603   37.85259
jla_mock     0.08304   37.99999    0.15332   37.96945
jla_mock     0.16565   39.53403    0.13854   39.58339
jla_mock     0.16817   39.62395    0.16196   39.61946
jla_mock     0.17063   39.64350    0.16521   39.65419
jla_mock     0.17028   39.43962    0.17036   39.64928
jla_mock     0.12044   38.73409    0.15110   38.83033
jla_mock     0.27653   40.85928    0.21444   40.83051
jla_mock     0.23160   40.53516    0.18253   40.39347
jla_mock     0.30569   40.92247    0.26735   41.08035
jla_mock     0.07997   37.50007    0.16566   37.88313
jla_mock     0.17415   39.77436    0.15831   39.70309
jla_mock     0.13868   39.20407    0.16605   39.16161
jla_mock     0.14607   39.15701    0.16392   39.28432
jla_mock     0.08133   37.94945    0.14393   37.92176
jla_mock     0.23380   40.45557    0.17178   40.41662
jla_mock     0.25655   40.82828    0.17733   40.64491
jla_mock     0.24562   40.09886    0.20041   40.53766
jla_mock     0.12593   38.95490    0.19133   38.93474
jla_mock     0.22351   40.07932    0.21583   40.30655
jla_mock     0.10264   38.23187    0.14664   38.45798
jla_mock     0.11967   38.80675    0.14567   38.81533
jla_mock     0.18055   39.69054    0.16851   39.78968
jla_mock     0.19709   39.98493    0.17390   40.00094
jla_mock     0.22916   40.32382    0.19939   40.36755
jla_mock     0.26451   40.88485    0.19876   40.72040
jla_mock     0.10337   38.26100    0.12264   38.47441
jla_mock     0.36441   41.21167    0.23043   41.52305
jla_mock     0.20560   40.06720    0.15584   40.10331
jla_mock     0.17981   39.97814    0.19620   39.77982
jla_mock     0.19959   40.07724    0.18224   40.03143
jla_mock     0.15653   39.40807    0.15013   39.44844
jla_mock     0.16180   39.37573    0.14761   39.52729
jla_mock     0.20953   39.85973    0.20608   40.14927
jla_mock     0.24179   40.53023    0.19813   40.49904
jla_mock     0.23646   40.53768    0.16266   40.44434
jla_mock     0.22668   40.21298    0.21051   40.34095
jla_mock     0.29678   41.13398    0.19716   41.00643
jla_mock     0.20852   40.17601    0.16317   40.13754
jla_mock     0.25104   40.55137    0.22086   40.59138
jla_mock     0.25012   40.47915    0.17967   40.58234
jla_mock     0.11771   38.60902    0.14551   38.77674
jla_mock     0.21971   40.43023    0.16999   40.26472
jla_mock     0.14901   39.25302    0.14890   39.33153
jla_mock     0.28742   40.48738    0.18840   40.92654
jla_mock     0.14360   39.02398    0.16640   39.24396
jla_mock     0.32837   41.19214    0.19601   41.25993
jla_mock     0.24625   40.72615    0.16507   40.54396
jla_mock     0.11966   38.74827    0.15027   38.81514
jla_mock     0.32838   41.11557    0.27642   41.26001
jla_mock     0.21513   40.41007    0.18367   40.21341
jla_mock     0.14478   39.18513    0.13617   39.26332
jla_mock     0.13243   38.94177    0.12839   39.05296
jla_mock     0.21082   40.11835    0.16235   40.16418
jla_mock     0.20399   39.95085    0.15781   40.08425
jla_mock     0.27952   40.97928    0.16701   40.85722
jla_mock     0.04428   36.61706    0.15510   36.54551
jla_mock     0.18037   39.59916    0.15078   39.78729
jla_mock     0.26070   40.52037    0.18972   40.68453
jla_mock     0.05654   37.16788    0.18697   37.09513
jla_mock     0.21260   40.44598    0.19195   40.18462
jla_mock     0.36941   41.49590    0.23700   41.55764
jla_mock     0.17386   39.73174    0.13052   39.69910
jla_mock     0.14265   39.33678    0.16863   39.22827
jla_mock     0.17789   39.72511    0.17323   39.75404
jla_mock     0.32837   41.23672    0.20656   41.25993
jla_mock     0.25351   40.74916    0.19561   40.61551
jla_mock     0.30001   41.11311    0.19320   41.03346
jla_mock     0.10589   38.41807    0.14608   38.53030
jla_mock     0.22328   40.57281    0.16844   40.30404
jla_mock     0.11845   38.86372    0.12252   38.79138
jla_mock     0.17653   39.68485    0.17119   39.73563
jla_mock     0.18280   39.43559    0.18907   39.81945
jla_mock     0.29762   41.14408    0.22708   41.01348
jla_mock     0.19699   40.02675    0.16337   39.99971
jla_mock     0.15295   39.41860    0.14755   39.39345
jla_mock     0.24850   40.55397    0.17448   40.56634
jla_mock     0.13818   39.25031    0.12409   39.15309
jla_mock     0.20704   40.00554    0.17045   40.12025
jla_mock     0.21468   39.83373    0.18060   40.20831
jla_mock     0.30632   41.39400    0.21503   41.08550
jla_mock     0.24695   40.56332    0.17120   40.55095
jla_mock     0.19801   39.90126    0.14490   40.01220
jla_mock     0.22256   40.25715    0.15195   40.29616
jla_mock     0.13508   39.09381    0.15131   39.09960
jla_mock     0.21054   40.23185    0.18261   40.16096
jla_mock     0.27258   40.84501    0.16911   40.79482
jla_mock     0.24660   40.46253    0.16169   40.54746
jla_mock     0.22068   40.37049    0.19429   40.27546
jla_mock     0.27447   40.89846    0.19147   40.81196
jla_mock     0.17656   39.62347    0.15540   39.73604
jla_mock     0.31088   40.90706    0.22016   41.12250
jla_mock     0.18435   39.59097    0.17308   39.83976
jla_mock     0.15935   39.31985    0.14827   39.49093
jla_mock     0.21976   40.12891    0.16605   40.26527
jla_mock     0.25205   40.56757    0.18410   40.60127
jla_mock     0.18122   39.75380    0.14940   39.79858
jla_mock     0.17373   39.36465    0.13336   39.69730
jla_mock     0.38047   41.76112    0.24246   41.63265
jla_mock     0.17865   39.57829    0.17172   39.76428
jla_mock     0.24568   40.89924    0.18910   40.53826
jla_mock     0.20910   39.98421    0.16102   40.14428
jla_mock     0.24947   40.53660    0.20971   40.57593
jla_mock     0.13392   39.28092    0.16606   39.07929
jla_mock     0.17706   40.17277    0.16040   39.74282
jla_mock     0.28111   40.73834    0.18775   40.87131
jla_mock     0.17383   39.63589    0.15187   39.69868
jla_mock     0.19654   39.93309    0.16513   39.99418
jla_mock     0.36397   41.58334    0.22725   41.51999
jla_mock     0.37835   41.43783    0.26733   41.61843
jla_mock     0.31646   40.82041    0.21039   41.16711
jla_mock     0.18322   39.65206    0.13519   39.82497
jla_mock     0.24102   40.64290    0.16774   40.49121
jla_mock     0.20203   40.17557    0.19953   40.06085
jla_mock     0.16869   39.61781    0.16512   39.62684
jla_mock     0.19794   40.10089    0.17492   40.01135
jla_mock     0.12276   38.86681    0.14575   38.87499
jla_mock     0.20318   40.15383    0.16105   40.07461
jla_mock     0.12739   38.82978    0.14896   38.96178
jla_mock     0.27549   40.84121    0.19973   40.82116
jla_mock     0.14468   38.98883    0.14722   39.26169
jla_mock     0.33436   40.87022    0.24978   41.30545
jla_mock     0.19580   39.90127    0.15393   39.98507
jla_mock     0.19392   39.75156    0.16375   39.96176
jla_mock     0.24973   40.60487    0.18581   40.57850
jla_mock     0.14860   39.39586    0.14880   39.32499
jla_mock     0.15596   39.57522    0.14872   39.43976
jla_mock     0.09582   38.28766    0.15035   38.29889
jla_mock     0.15065   39.39547    0.15873   39.35748
jla_mock     0.30933   40.94901    0.24716   41.10998
jla_mock     0.24857   40.52299    0.17340   40.56704
jla_mock     0.36554   41.14639    0.24312   41.53091
jla_mock     0.11771   38.76029    0.12848   38.77674
jla_mock     0.19176   39.82468    0.14428   39.93472
jla_mock     0.18255   39.72610    0.16171   39.81616
jla_mock     0.23472   40.40126    0.18445   40.42624
jla_mock     0.24647   40.56994    0.19928   40.54616
jla_mock     0.28845   40.98860    0.18873   40.93544
jla_mock     0.20960   40.33682    0.19927   40.15008
jla_mock     0.19198   39.97860    0.17965   39.93748
jla_mock     0.11402   38.48353    0.12215   38.70241
jla_mock     0.11389   38.70486    0.18397   38.69975
jla_mock     0.19880   39.94688    0.20967   40.02183
jla_mock     0.22058   39.82056    0.22796   40.27436
jla_mock     0.18257   39.90074    0.16454   39.81642
jla_mock     0.15895   39.16795    0.16373   39.48495
jla_mock     0.07849   38.02162    0.14912   37.84038
jla_mock     0.13864   39.09667    0.13217   39.16093
jla_mock     0.18079   39.68393    0.15446   39.79287
jla_mock     0.17757   39.58864    0.18629   39.74972
jla_mock     0.17066   39.56461    0.16102   39.65461
jla_mock     0.23381   40.11031    0.20859   40.41672
jla_mock     0.07153   37.41303    0.17411   37.62842
jla_mock     0.15463   39.11596    0.18792   39.41940
jla_mock     0.09010   38.36432    0.15951   38.15695
jla_mock     0.17658   39.64197    0.20449   39.73631
jla_mock     0.13045   38.98547    0.16441   39.01753
jla_mock     0.18204   39.77631    0.17167   39.80943
jla_mock     0.25617   40.54284    0.17261   40.64125
jla_mock     0.13811   38.77694    0.14854   39.15189
jla_mock     0.17070   39.64680    0.16750   39.65518
jla_mock     0.21674   40.22359    0.14793   40.23156
jla_mock     0.24555   40.62135    0.17888   40.53696
jla_mock     0.14382   39.36718    0.16710   39.24758
jla_mock     0.24862   40.57789    0.18856   40.56753
jla_mock     0.14533   39.14523    0.17139   39.27229
jla_mock     0.13588   39.10953    0.12760   39.11351
jla_mock     0.05874   37.13931    0.12754   37.18137
jla_mock     0.03652   36.23090    0.15192   36.11500
jla_mock     0.27749   40.40122    0.22703   40.83912
jla_mock     0.20515   40.50826    0.29701   40.09800
jla_mock     0.28051   40.91545    0.20079   40.86600
jla_mock     0.19867   40.17778    0.16216   40.02025
jla_mock     0.15999   39.70703    0.15164   39.50048
jla_mock     0.21075   40.06959    0.18113   40.16338
jla_mock     0.07195   37.42025    0.17246   37.64176
jla_mock     0.23782   40.45353    0.19074   40.45841
jla_mock     0.14139   38.97473    0.17359   39.20730
jla_mock     0.15506   39.69182    0.15761   39.42600
jla_mock     0.37013   41.65776    0.22887   41.56259
jla_mock     0.09391   38.13869    0.17056   38.25241
jla_mock     0.11863   38.74640    0.17058   38.79493
jla_mock     0.15363   39.25136    0.15381   39.40398
jla_mock     0.25356   40.65804    0.16810   40.61600
jla_mock     0.10725   38.27496    0.14420   38.55994
jla_mock     0.12961   39.14156    0.15302   39.00235
jla_mock     0.26665   40.95478    0.19376   40.74033
jla_mock     0.21226   39.87201    0.16263   40.18073
jla_mock     0.27822   40.75834    0.18167   40.84564
jla_mock     0.24540   40.59436    0.16812   40.53546
jla_mock     0.13362   39.06068    0.15059   39.07401
jla_mock     0.17656   39.72411    0.16208   39.73604
jla_mock     0.11368   38.70675    0.14584   38.69545
jla_mock     0.32038   41.09043    0.26368   41.19801
jla_mock     0.11271   38.56344    0.12253   38.67548
jla_mock     0.10602   38.28802    0.14473   38.53314
jla_mock     0.39135   41.78214    0.26610   41.70449
jla_mock     0.15575   39.35140    0.14612   39.43656
jla_mock     0.18667   39.35648    0.16762   39.86986
jla_mock     0.19671   39.81140    0.16670   39.99627
jla_mock     0.19191   39.74680    0.17339   39.93660
jla_mock     0.19084   40.14556    0.15088   39.92311
jla_mock     0.17625   39.76437    0.15361   39.73182
jla_mock     0.12837   38.91021    0.15036   38.97977
jla_mock     0.12262   38.94073    0.14734   38.87232
jla_mock     0.12715   38.68819    0.14706   38.95736
jla_mock     0.21323   39.95124    0.17621   40.19182
jla_mock     0.21861   40.22703    0.18110   40.25249
jla_mock     0.26856   40.54298    0.19152   40.75800
jla_mock     0.20466   39.91492    0.16519   40.09220
jla_mock     0.26710   40.29765    0.17378   40.74451
jla_mock     0.21757   40.10119    0.17265   40.24087
jla_mock     0.24185   40.56079    0.17151   40.49965
jla_mock     0.29350   41.05816    0.20072   40.97870
jla_mock     0.35346   41.50072    0.23114   41.44575
jla_mock     0.18563   39.75810    0.15495   39.85641
jla_mock     0.28543   40.82448    0.19928   40.90924
jla_mock     0.19494   39.83880    0.16836   39.97443
jla_mock     0.07592   37.59842    0.14500   37.76429
jla_mock     0.16357   39.29100    0.15778   39.55323
jla_mock     0.25721   40.40756    0.20821   40.65125
jla_mock     0.21955   40.35903    0.18725   40.26294
jla_mock     0.17558   39.90287    0.15163   39.72269
jla_mock     0.22667   40.11370    0.18608   40.34084
jla_mock     0.15322   39.18716    0.15082   39.39764
jla_mock     0.21025   40.09947    0.19550   40.15761
jla_mock     0.12164   38.94159    0.12361   38.85353
jla_mock     0.29135   41.08521    0.19905   40.96037
jla_mock     0.29448   41.09735    0.27860   40.98701
jla_mock     0.16455   39.61506    0.12599   39.56749
jla_mock     0.30702   40.80143    0.20907   41.09122
jla_mock     0.19863   40.02306    0.16158   40.01976
jla_mock     0.26821   40.68932    0.21540   40.75477
jla_mock     0.40128   41.82072    0.24823   41.76846
jla_mock     0.13668   38.94785    0.15334   39.12735
jla_mock     0.29542   41.23647    0.24720   40.99496
jla_mock     0.29192   40.85411    0.19220   40.96524
jla_mock     0.09007   38.05517    0.12097   38.15619
jla_mock     0.20557   40.11152    0.18293   40.10296
jla_mock     0.14582   39.54637    0.14935   39.28026
jla_mock     0.11767   38.85459    0.14487   38.77595
jla_mock     0.05499   37.01084    0.14998   37.03240
jla_mock     0.17420   39.64315    0.15143   39.70378
jla_mock     0.24495   40.50117    0.18021   40.53095
jla_mock     0.22452   40.19206    0.18250   40.31756
jla_mock     0.24558   40.18560    0.16228   40.53726
jla_mock     0.28351   40.74375    0.21250   40.89245
jla_mock     0.18056   39.66075    0.17619   39.78982
jla_mock     0.10391   38.62321    0.12352   38.48649
jla_mock     0.12961   39.08118    0.15327   39.00235
jla_mock     0.24352   40.44823    0.16046   40.51656
jla_mock     0.33136   40.79403    0.26935   41.28275
jla_mock     0.24348   40.27625    0.19048   40.51615
jla_mock     0.31468   41.23785    0.17578   41.15296
jla_mock     0.21865   40.53502    0.18935   40.25293
jla_mock     0.26014   40.42468    0.21926   40.67922
jla_mock     0.28243   40.82767    0.19831   40.88296
jla_mock     0.30041   41.12914    0.20582   41.03679
jla_mock     0.15186   39.52846    0.14864   39.37647
jla_mock     0.26357   40.80815    0.18937   40.71159
jla_mock     0.21382   39.88358    0.20621   40.19854
jla_mock     0.16284   39.48730    0.16762   39.54256
jla_mock     0.12440   38.69539    0.17141   38.90608
jla_mock     0.19465   39.90061    0.13939   39.97083
jla_mock     0.20554   40.00149    0.18299   40.10260
jla_mock     0.10667   38.49725    0.14589   38.54734
jla_mock     0.18772   39.71180    0.18725   39.88338
jla_mock     0.16387   39.56019    0.15682   39.55760
jla_mock     0.29021   41.09249    0.19470   40.95060
jla_mock     0.09401   38.08870    0.12498   38.25487
jla_mock     0.22786   40.53120    0.18010   40.35364
jla_mock     0.10751   38.39858    0.14765   38.56556
jla_mock     0.31065   40.97948    0.22259   41.12065
jla_mock     0.14564   39.33534    0.15576   39.27734
jla_mock     0.08784   38.03130    0.12610   38.09850
jla_mock     0.14839   39.22426    0.15573   39.32164
jla_mock     0.28662   40.85061    0.19366   40.91960
jla_mock     0.12281   38.77373    0.13329   38.87594
jla_mock     0.18655   39.86831    0.20280   39.86832
jla_mock     0.12893   38.91472    0.15504   38.99000
jla_mock     0.19422   39.78589    0.16864   39.96549
jla_mock     0.14800   39.25576    0.14676   39.31541
jla_mock     0.21179   40.04017    0.22866   40.17534
jla_mock     0.17962   39.60847    0.17351   39.77728
jla_mock     0.26349   40.67308    0.18130   40.71084
jla_mock     0.19215   39.83351    0.15957   39.93962
jla_mock     0.33880   41.15709    0.22988   41.33871
jla_mock     0.11741   38.52206    0.14767   38.77078
jla_mock     0.14310   39.06006    0.16842   39.23571
jla_mock     0.16035   39.55925    0.13218   39.50583
jla_mock     0.28872   41.09431    0.21130   40.93777
jla_mock     0.12303   38.61801    0.15465   38.88013
jla_mock     0.26405   40.57997    0.18534   40.71609
jla_mock     0.12608   38.87057    0.17183   38.93753
jla_mock     0.17374   39.70521    0.14981   39.69744
jla_mock     0.16440   39.78441    0.14973   39.56531
jla_mock     0.24961   40.90752    0.16242   40.57731
jla_mock     0.15999   39.37831    0.15137   39.50048
jla_mock     0.24448   40.51176    0.15150   40.52623
jla_mock     0.24851   40.63110    0.17708   40.56644
jla_mock     0.22893   40.24118    0.16848   40.36509
jla_mock     0.08528   38.07475    0.14385   38.03054
jla_mock     0.06282   37.29336    0.14855   37.33331
jla_mock     0.27745   40.94587    0.23370   40.83876
jla_mock     0.27544   40.75735    0.21508   40.82071
jla_mock     0.33051   41.22793    0.21088   41.27628
jla_mock     0.36193   41.72210    0.24565   41.50573
jla_mock     0.33103   41.23779    0.21801   41.28024
jla_mock     0.16050   39.29028    0.12715   39.50806
jla_mock     0.30021   41.25903    0.20430   41.03513
jla_mock     0.11635   38.93236    0.12231   38.74960
jla_mock     0.21829   40.26213    0.16062   40.24892
jla_mock     0.11967   38.84108    0.12046   38.81533
jla_mock     0.15473   39.50949    0.12395   39.42094
jla_mock     0.17810   39.92350    0.16563   39.75688
jla_mock     0.25037   40.72980    0.16561   40.58480
jla_mock     0.25174   40.51459    0.14466   40.59824
jla_mock     0.12953   38.77468    0.14519   39.00090
jla_mock     0.30929   41.19874    0.18811   41.10966
jla_mock     0.27852   40.81204    0.17882   40.84832
jla_mock     0.18581   39.91540    0.13606   39.85875
jla_mock     0.06651   37.48102    0.17228   37.46289
jla_mock     0.25800   40.78015    0.18757   40.65882
jla_mock     0.29888   40.90447    0.21609   41.02403
jla_mock     0.27044   40.80053    0.22437   40.77528
jla_mock     0.27916   40.73710    0.17184   40.85402
jla_mock     0.29287   40.94193    0.21554   40.97334
jla_mock     0.18965   39.89271    0.15711   39.90803
jla_mock     0.26576   40.41641    0.19291   40.73206
jla_mock     0.12376   39.14519    0.14509   38.89399
jla_mock     0.18255   39.76662    0.14972   39.81616
jla_mock     0.05634   37.19336    0.14895   37.08713
jla_mock     0.31288   40.66657    0.18264   41.13858
jla_mock     0.30915   41.25923    0.22329   41.10853
jla_mock     0.20061   39.81919    0.15588   40.04377
jla_mock     0.32640   41.08587    0.20549   41.24480
jla_mock     0.21163   40.43890    0.13899   40.17351
jla_mock     0.17969   39.61339    0.15636   39.77821
jla_mock     0.30240   41.10384    0.19662   41.05329
jla_mock     0.10924   38.42329    0.14870   38.60268
jla_mock     0.08522   38.10470    0.15002   38.02892
jla_mock     0.20231   39.67698    0.16132   40.06421
jla_mock     0.12649   38.67726    0.15585   38.94515
jla_mock     0.21457   40.14418    0.16813   40.20706
jla_mock     0.32045   41.07251    0.19169   41.19856
jla_mock     0.21835   40.35102    0.17273   40.24959
jla_mock     0.19010   39.78505    0.15982   39.91374
jla_mock     0.09243   37.94648    0.15614   38.21577
jla_mock     0.37986   41.69595    0.18489   41.62856
jla_mock     0.21134   40.02529    0.16608   40.17017
jla_mock     0.25833   40.39680    0.18012   40.66198
jla_mock     0.18327   39.95143    0.16856   39.82563
jla_mock     0.21295   39.99322    0.17785   40.18862
jla_mock     0.11651   38.68588    0.15544   38.75281
jla_mock     0.14401   39.51264    0.17186   39.25071
jla_mock     0.25249   40.73708    0.18600   40.60557
jla_mock     0.25539   40.40084    0.21320   40.63373
jla_mock     0.21698   40.09977    0.18861   40.23425
jla_mock     1.26590   44.59995    0.22380   44.79699
jla_mock     0.93577   43.72544    0.22959   43.98915
jla_mock     0.04952   36.64308    0.20229   36.79644
jla_mock     0.03033   35.53850    0.18208   35.70157
jla_mock     0.07458   37.80965    0.21873   37.72360
jla_mock     0.02520   35.04622    0.22034   35.29123
jla_mock     0.01441   34.06365    0.20528   34.06048
jla_mock     0.02079   34.86975    0.19750   34.86681
jla_mock     0.03522   36.04423    0.20378   36.03412
jla_mock     0.04166   36.37901    0.21523   36.40883
jla_mock     0.04240   36.24422    0.20619   36.44838
jla_mock     0.01890   34.57953    0.18362   34.65682
jla_mock     0.07884   37.68328    0.21534   37.85056
jla_mock     0.06334   37.29167    0.20759   37.35224
jla_mock     0.02764   35.55840    0.23142   35.49574
jla_mock     0.04933   36.89736    0.21068   36.78762
jla_mock     0.07015   37.48770    0.22041   37.58415
jla_mock     0.02391   34.96138    0.18368   35.17514
jla_mock     0.05313   36.66424    0.22336   36.95466
jla_mock     0.02495   35.16256    0.18978   35.26944
jla_mock     0.01566   34.24927    0.20165   34.24356
jla_mock     0.04898   36.73101    0.15986   36.77203
jla_mock     0.02240   34.83267    0.18928   35.03106
jla_mock     0.03485   36.23857    0.23666   36.01099
jla_mock     0.01697   34.27322    0.20291   34.41905
jla_mock     0.03072   35.83675    0.18172   35.73037
jla_mock     0.03048   35.61220    0.18204   35.71303
jla_mock     0.01055   33.50452    0.21945   33.37697
jla_mock     0.01426   34.09633    0.17171   34.03675
jla_mock     0.02769   35.40068    0.18125   35.49983
jla_mock     0.05386   37.11129    0.15904   36.98558
jla_mock     0.01767   34.36093    0.19251   34.50873
jla_mock     0.01745   34.49058    0.17037   34.48092
jla_mock     0.01557   33.83453    0.20220   34.23076
jla_mock     0.01006   33.45624    0.23113   33.27290
jla_mock     0.05493   36.81303    0.18431   37.02998
jla_mock     0.03908   36.19446    0.16317   36.26630
jla_mock     0.07832   37.77929    0.18392   37.83534
jla_mock     0.03176   35.96397    0.15356   35.80452
jla_mock     0.01444   33.84427    0.22581   34.06489
jla_mock     0.01353   33.82506    0.22079   33.92255
jla_mock     0.02668   35.29504    0.19350   35.41745
jla_mock     0.02336   35.14357    0.17881   35.12382
jla_mock     0.03693   36.08986    0.19002   36.14013
jla_mock     0.02355   34.97128    0.17820   35.14190
jla_mock     0.01748   34.68863    0.19212   34.48507
jla_mock     0.04026   36.33622    0.17448   36.33252
jla_mock     0.03038   35.42343    0.20408   35.70566
jla_mock     0.01550   34.05221    0.20028   34.22101
jla_mock     0.01415   33.74124    0.18788   34.02052
jla_mock     0.01549   34.40270    0.18431   34.21860
jla_mock     0.01555   34.10067    0.19852   34.22808
jla_mock     0.03707   36.10356    0.15485   36.14862
jla_mock     0.01548   34.08897    0.20250   34.21789
jla_mock     0.01332   33.61807    0.18644   33.88842
jla_mock     0.01457   34.18473    0.20791   34.08532
jla_mock     0.01579   33.97118    0.19847   34.26130
jla_mock     0.02475   35.16565    0.17955   35.25120
jla_mock     0.02775   35.36506    0.17503   35.50463
jla_mock     0.01089   33.37107    0.25478   33.44601
jla_mock     0.01365   33.91787    0.18671   33.94176
jla_mock     0.03576   36.03106    0.16296   36.06783
jla_mock     0.02473   35.15050    0.17711   35.24932
jla_mock     0.03809   36.33051    0.17052   36.20863
jla_mock     0.02154   34.83646    0.17712   34.94487
jla_mock     0.01958   34.89999    0.17899   34.73456
jla_mock     0.03042   35.65774    0.17572   35.70822
jla_mock     0.03922   36.14142    0.17021   36.27406
jla_mock     0.03497   36.27273    0.15988   36.01845
jla_mock     0.02856   35.35506    0.17650   35.56863
jla_mock     0.02100   34.96565    0.18823   34.88845
jla_mock     0.03254   36.02411    0.18232   35.85802
jla_mock     0.01547   34.03533    0.19319   34.21604
jla_mock     0.01568   34.23214    0.20748   34.24552
jla_mock     0.02750   35.32157    0.15599   35.48465
jla_mock     0.04686   36.35381    0.17135   36.67229
jla_mock     0.03317   35.86033    0.18296   35.90099
jla_mock     0.01029   33.14923    0.23550   33.32258
jla_mock     0.08010   37.78570    0.17116   37.88694
jla_mock     0.01232   33.70263    0.20021   33.71613
jla_mock     0.02459   35.16622    0.20631   35.23686
jla_mock     0.01447   33.98032    0.20828   34.06899
jla_mock     0.01515   34.01186    0.18400   34.17085
jla_mock     0.02909   35.64999    0.17337   35.60902
jla_mock     0.03478   36.16198    0.17929   36.00632
jla_mock     0.04492   36.39881    0.14071   36.57766
jla_mock     0.03407   35.98005    0.16958   35.96061
jla_mock     0.07487   37.70316    0.14386   37.73249
jla_mock     0.01496   34.36841    0.19783   34.14256
jla_mock     0.02040   34.97008    0.17104   34.82442
jla_mock     0.04069   36.32812    0.17468   36.35626
jla_mock     0.02657   35.43265    0.18033   35.40830
jla_mock     0.02688   35.51128    0.15331   35.43431
jla_mock     0.02347   35.09765    0.17598   35.13429
jla_mock     0.06912   37.34289    0.19118   37.55045
jla_mock     0.06519   37.52628    0.15880   37.41747
jla_mock     0.02298   35.09767    0.17791   35.08760
jla_mock     0.01739   34.31153    0.19829   34.47296
jla_mock     0.03148   35.59439    0.15109   35.78492
jla_mock     0.01118   33.33848    0.19448   33.50474
jla_mock     0.02196   35.07868    0.17567   34.98697
jla_mock     0.03148   35.89193    0.15081   35.78485
jla_mock     0.02332   35.16750    0.20285   35.12013
jla_mock     0.02039   34.89386    0.18301   34.82377
jla_mock     0.02247   35.09820    0.18141   35.03765
jla_mock     0.03361   35.76177    0.18044   35.93037
jla_mock     0.03697   36.16861    0.17917   36.14224
jla_mock     0.02263   35.41335    0.18007   35.05361
jla_mock     0.01470   34.09291    0.18462   34.10407
jla_mock     0.03695   35.96879    0.14876   36.14109
jla_mock     0.06096   37.08249    0.12531   37.26526
jla_mock     0.05929   37.31147    0.12136   37.20241
jla_mock     0.06975   37.53974    0.15874   37.57107
jla_mock     0.02953   35.66374    0.17470   35.64232
jla_mock     0.03325   36.06106    0.17565   35.90649
jla_mock     0.02416   35.31105    0.18124   35.19813
jla_mock     0.01600   34.38969    0.19156   34.29005
jla_mock     0.06296   37.51973    0.16531   37.33846
jla_mock     0.02171   35.34179    0.19186   34.96170
jla_mock     0.03164   35.63079    0.18944   35.79569
jla_mock     0.01860   34.74188    0.17305   34.62124
jla_mock     0.02706   35.15092    0.17333   35.44934
jla_mock     0.02547   35.13377    0.18470   35.31480
jla_mock     0.02381   35.01973    0.19337   35.16597
jla_mock     0.02387   35.22554    0.18298   35.17126
jla_mock     0.02207   35.22767    0.16678   34.99820
