jla_mock     0.50308   42.44138    0.14571   42.35104
jla_mock     0.58072   42.89156    0.16123   42.72544
jla_mock     0.49479   42.31545    0.12071   42.30792
jla_mock     0.34593   41.29973    0.13253   41.39128
jla_mock     0.67766   43.03877    0.22872   43.13160
jla_mock     0.61071   42.94155    0.22549   42.85755
jla_mock     0.86649   44.01326    0.25803   43.78400
jla_mock     0.33093   41.27234    0.12801   41.27950
jla_mock     0.79857   43.51099    0.25920   43.56670
jla_mock     0.44956   42.29244    0.16140   42.06004
jla_mock     0.37144   41.56482    0.14922   41.57158
jla_mock     0.29172   40.77688    0.14231   40.96351
jla_mock     0.35582   41.48129    0.14101   41.46259
jla_mock     0.46127   42.42447    0.15587   42.12638
jla_mock     0.28361   40.93185    0.13056   40.89333
jla_mock     0.63223   43.10941    0.22183   42.94863
jla_mock     0.46641   42.36849    0.17244   42.15500
jla_mock     0.26862   40.91458    0.12820   40.75859
jla_mock     0.94689   43.73400    0.29225   44.02068
jla_mock     0.92492   44.01503    0.31213   43.95801
jla_mock     0.69317   43.36075    0.29243   43.19137
jla_mock     0.62523   42.83500    0.19089   42.91933
jla_mock     0.89694   44.41512    0.26745   43.87607
jla_mock     0.60826   42.97773    0.15987   42.84699
jla_mock     0.78905   43.11052    0.26933   43.53485
jla_mock     0.57829   42.70506    0.14638   42.71445
jla_mock     0.59028   42.80309    0.18967   42.76823
jla_mock     0.71963   42.96595    0.25305   43.29050
jla_mock     0.21003   40.11121    0.13132   40.15509
jla_mock     0.76659   43.39446    0.22577   43.45813
jla_mock     0.85851   43.88655    0.22290   43.75934
jla_mock     0.36790   41.48937    0.09931   41.54727
jla_mock     0.55875   42.80844    0.15678   42.62447
jla_mock     0.84851   43.59657    0.21739   43.72812
jla_mock     0.99639   44.24101    0.24266   44.15679
jla_mock     0.77659   43.46306    0.26449   43.49256
jla_mock     0.58293   42.72768    0.13307   42.73539
jla_mock     0.58374   42.67707    0.16753   42.73903
jla_mock     0.79655   43.78002    0.22888   43.55998
jla_mock     0.58872   42.74132    0.15579   42.76129
jla_mock     0.91347   43.87681    0.24294   43.92478
jla_mock     0.76859   43.18674    0.23905   43.46504
jla_mock     0.94846   43.92001    0.26528   44.02509
jla_mock     0.51379   42.46926    0.15288   42.40578
jla_mock     0.73361   43.12213    0.19294   43.34148
jla_mock     0.63770   43.02421    0.27011   42.97130
jla_mock     0.76559   43.30894    0.21114   43.45466
jla_mock     0.43486   42.24293    0.15773   41.97447
jla_mock     0.98341   44.29792    0.25880   44.12175
jla_mock     0.58374   42.84426    0.16233   42.73903
jla_mock     0.70063   43.08087    0.21687   43.21970
jla_mock     0.66206   42.67664    0.21295   43.07010
jla_mock     0.83813   43.94962    0.28077   43.69533
jla_mock     0.62187   42.78090    0.17547   42.90516
jla_mock     0.37059   41.49136    0.14292   41.56572
jla_mock     0.41663   42.10790    0.13815   41.86455
jla_mock     0.35857   41.52689    0.10704   41.48209
jla_mock     0.45168   41.95288    0.15279   42.07216
jla_mock     0.52276   42.61516    0.16113   42.45081
jla_mock     0.73400   43.43921    0.30409   43.34288
jla_mock     0.70196   43.09673    0.31177   43.22473
jla_mock     0.74201   42.94418    0.29013   43.37166
jla_mock     0.74612   43.63016    0.21822   43.38631
jla_mock     0.34956   41.40802    0.13473   41.41768
jla_mock     0.59183   42.68902    0.15357   42.77513
jla_mock     0.51475   42.33732    0.15561   42.41060
jla_mock     0.62063   42.79879    0.18447   42.89990
jla_mock     0.64365   42.76311    0.24392   42.99574
jla_mock     1.00280   44.19196    0.33217   44.17391
jla_mock     0.47059   42.35296    0.14421   42.17801
jla_mock     0.61064   42.94351    0.15878   42.85725
jla_mock     0.26349   40.55339    0.12805   40.71081
jla_mock     0.35834   41.33780    0.12919   41.48044
jla_mock     0.74270   43.37299    0.25909   43.37412
jla_mock     0.45156   41.88358    0.11539   42.07145
jla_mock     0.91075   43.61123    0.26165   43.91682
jla_mock     0.55261   42.56776    0.15821   42.59559
jla_mock     0.33753   41.23135    0.12813   41.32927
jla_mock     0.75068   43.79439    0.24281   43.40248
jla_mock     0.98378   43.91395    0.34665   44.12275
jla_mock     0.82270   43.79268    0.22176   43.64588
jla_mock     0.81370   43.81032    0.24257   43.61661
jla_mock     0.95076   44.11236    0.26473   44.03158
jla_mock     0.81773   43.74574    0.24643   43.62977
jla_mock     0.34052   41.34233    0.12574   41.35149
jla_mock     0.96075   43.44507    0.28766   44.05949
jla_mock     0.81072   43.91824    0.27276   43.60686
jla_mock     0.75669   43.87628    0.24755   43.42362
jla_mock     0.61125   42.87622    0.18573   42.85987
jla_mock     0.87797   43.69927    0.22379   43.81907
jla_mock     0.54832   42.52853    0.14258   42.57529
jla_mock     0.80903   43.54315    0.23222   43.60132
jla_mock     1.02880   44.36596    0.28337   44.24234
jla_mock     0.62724   42.92303    0.17555   42.92776
jla_mock     0.42245   41.98648    0.15607   41.90012
jla_mock     0.93390   44.28978    0.35000   43.98380
jla_mock     0.70116   43.15277    0.22741   43.22169
jla_mock     0.69716   43.11658    0.20952   43.20658
jla_mock     0.68518   43.30793    0.27044   43.16074
jla_mock     0.76707   43.18776    0.25234   43.45981
jla_mock     0.93190   44.03347    0.25137   43.97808
jla_mock     0.86398   43.72913    0.24510   43.77625
jla_mock     0.74910   43.52302    0.22590   43.39689
jla_mock     0.51435   42.52147    0.15357   42.40861
jla_mock     0.46841   42.39306    0.11440   42.16601
jla_mock     0.47040   42.29330    0.15655   42.17698
jla_mock     0.95887   43.58721    0.27681   44.05426
jla_mock     0.92791   44.13753    0.29724   43.96663
jla_mock     0.84052   44.02384    0.21913   43.70293
jla_mock     0.63070   42.83911    0.17083   42.94224
jla_mock     0.56275   42.75105    0.14441   42.64315
jla_mock     0.61570   42.88025    0.16969   42.87892
jla_mock     0.82853   43.73677    0.22446   43.66467
jla_mock     0.56474   42.50259    0.16043   42.65238
jla_mock     0.57874   42.76595    0.14758   42.71650
jla_mock     0.55774   42.55986    0.15832   42.61978
jla_mock     0.86450   43.40606    0.22870   43.77785
jla_mock     0.73561   43.67588    0.23469   43.34870
jla_mock     0.85851   43.34380    0.28337   43.75932
jla_mock     0.26198   40.42977    0.10443   40.69667
jla_mock     0.58574   42.56623    0.18661   42.74800
jla_mock     0.76158   43.41426    0.21599   43.44073
jla_mock     0.48880   42.11191    0.11155   42.27631
jla_mock     0.85852   43.78471    0.27431   43.75935
jla_mock     0.68866   42.99412    0.18053   43.17412
jla_mock     0.55874   42.95925    0.15492   42.62446
jla_mock     0.32453   41.26844    0.12602   41.23036
jla_mock     0.48070   42.17917    0.10839   42.23305
jla_mock     0.18537   39.79591    0.13096   39.85305
jla_mock     0.92222   44.46056    0.33855   43.95022
jla_mock     0.68194   43.20988    0.19640   43.14823
jla_mock     0.47571   42.21877    0.10811   42.20600
jla_mock     0.92221   44.19925    0.27644   43.95018
jla_mock     0.89318   43.90554    0.25783   43.86487
jla_mock     0.42865   41.93736    0.14144   41.93748
jla_mock     0.63188   43.31015    0.23474   42.94717
jla_mock     0.69996   43.51296    0.25835   43.21717
jla_mock     0.73601   43.34165    0.26469   43.35013
jla_mock     0.57582   42.67650    0.15954   42.70324
jla_mock     0.41863   42.00752    0.10652   41.87683
jla_mock     0.51175   42.42007    0.12001   42.39540
jla_mock     0.53577   42.40030    0.12653   42.51485
jla_mock     0.64189   43.15674    0.21547   42.98856
jla_mock     0.73500   43.57316    0.22720   43.34649
jla_mock     0.35156   41.34865    0.13079   41.43211
jla_mock     0.60986   42.82378    0.17401   42.85388
jla_mock     0.34956   41.52470    0.13437   41.41766
jla_mock     0.70197   43.19208    0.18820   43.22475
jla_mock     0.35526   41.34693    0.10428   41.45861
jla_mock     0.98328   44.08251    0.25757   44.12140
jla_mock     0.87215   44.09249    0.26598   43.80134
jla_mock     0.75903   43.43383    0.20819   43.43183
jla_mock     0.92622   43.91737    0.24599   43.96176
jla_mock     0.64364   42.73204    0.22846   42.99573
jla_mock     0.41957   41.95963    0.13773   41.88255
jla_mock     0.51559   42.24920    0.20314   42.41484
jla_mock     0.89073   43.81390    0.21058   43.85753
jla_mock     0.80570   43.46277    0.22987   43.59033
jla_mock     0.48057   42.15084    0.10875   42.23231
jla_mock     0.80070   43.53591    0.24546   43.57378
jla_mock     0.58060   42.57729    0.18881   42.72490
jla_mock     0.71565   43.38244    0.24397   43.27584
jla_mock     0.80570   43.68166    0.23277   43.59033
jla_mock     0.76668   43.39926    0.25284   43.45846
jla_mock     0.66464   43.08882    0.19579   43.08037
jla_mock     0.90174   43.91486    0.25191   43.89028
jla_mock     0.74567   42.97664    0.21143   43.38470
jla_mock     0.71868   43.23387    0.20380   43.28702
jla_mock     0.73669   43.41605    0.19636   43.35259
jla_mock     0.57960   42.57339    0.12085   42.72037
jla_mock     0.37053   41.53955    0.10257   41.56534
jla_mock     0.96074   43.88022    0.23956   44.05946
jla_mock     0.85073   43.75547    0.21180   43.73508
jla_mock     0.64864   43.12088    0.19255   43.01611
jla_mock     0.21946   40.17195    0.13037   40.26197
jla_mock     0.93676   44.06013    0.24130   43.99195
jla_mock     0.64764   42.96451    0.17876   43.01204
jla_mock     0.46156   42.30739    0.13341   42.12800
jla_mock     0.60060   42.92060    0.17945   42.81372
jla_mock     0.67065   42.90355    0.23101   43.10415
jla_mock     0.76070   43.28906    0.20946   43.43765
jla_mock     0.24649   40.40107    0.13212   40.54638
jla_mock     0.47057   42.40518    0.14759   42.17794
jla_mock     0.16945   39.66408    0.11210   39.63766
jla_mock     0.49738   42.47409    0.12913   42.32144
jla_mock     0.63823   43.02271    0.19689   42.97350
jla_mock     0.50737   42.46257    0.14543   42.37308
jla_mock     0.53533   42.73174    0.14230   42.51269
jla_mock     0.58728   42.75274    0.16639   42.75489
jla_mock     0.77308   43.33208    0.25621   43.48052
jla_mock     0.69917   43.18660    0.22210   43.21417
jla_mock     0.37051   41.77788    0.12736   41.56520
jla_mock     0.76109   43.95204    0.22809   43.43902
jla_mock     0.69917   42.91057    0.21960   43.21418
jla_mock     0.78806   43.50780    0.19242   43.53150
jla_mock     0.37351   41.70227    0.13203   41.58571
jla_mock     0.40548   41.87014    0.13199   41.79507
jla_mock     0.85299   43.91859    0.25729   43.74216
jla_mock     0.80805   43.60406    0.24185   43.59808
jla_mock     0.60327   43.04584    0.18398   42.82536
jla_mock     0.58329   42.72254    0.17903   42.73700
jla_mock     0.53434   42.38240    0.14774   42.50785
jla_mock     0.72014   43.42570    0.24070   43.29239
jla_mock     0.40048   41.79454    0.21061   41.76340
jla_mock     0.83700   43.49395    0.21503   43.69176
jla_mock     0.37151   41.61032    0.10193   41.57203
jla_mock     0.80604   43.74505    0.25908   43.59147
jla_mock     0.84001   43.54237    0.23507   43.70129
jla_mock     0.50073   42.36836    0.12981   42.33885
jla_mock     0.53277   42.48465    0.17422   42.50018
jla_mock     0.53377   42.51849    0.18215   42.50508
jla_mock     0.93223   44.36919    0.34153   43.97902
jla_mock     0.82210   43.68463    0.25791   43.64395
jla_mock     0.55380   42.55767    0.13545   42.60122
jla_mock     0.12530   38.73112    0.13709   38.92294
jla_mock     0.84212   43.92971    0.28303   43.70800
jla_mock     0.44367   42.05242    0.15187   42.02605
jla_mock     0.72767   43.87471    0.24978   43.31996
jla_mock     0.68366   43.00888    0.41253   43.15487
jla_mock     0.44255   42.01640    0.13368   42.01954
jla_mock     0.72668   43.06017    0.20022   43.31634
jla_mock     0.28251   40.91415    0.12748   40.88366
jla_mock     0.40455   41.74014    0.12965   41.78921
jla_mock     0.51961   42.54183    0.13964   42.43507
jla_mock     0.69065   43.36626    0.23215   43.18177
jla_mock     1.06080   44.40171    0.27869   44.32423
jla_mock     0.57661   42.78338    0.15376   42.70683
jla_mock     0.26849   40.82201    0.12614   40.75735
jla_mock     0.72068   43.22146    0.25107   43.29438
jla_mock     0.25050   40.56157    0.13111   40.58606
jla_mock     0.76069   44.05066    0.27664   43.43763
jla_mock     0.69817   43.15592    0.26129   43.21038
jla_mock     0.55031   42.42005    0.16854   42.58475
jla_mock     0.73013   42.93248    0.23525   43.32888
jla_mock     0.84798   44.19089    0.24703   43.72647
jla_mock     0.99783   44.19486    0.24706   44.16064
jla_mock     0.43545   41.94264    0.13052   41.97792
jla_mock     0.40947   41.89983    0.12922   41.82014
jla_mock     0.30159   40.96602    0.12599   41.04659
jla_mock     1.29911   44.77556    0.19341   44.86622
jla_mock     1.02081   44.48764    0.23668   44.22149
jla_mock     0.83973   43.64599    0.19265   43.70043
jla_mock     1.12085   44.74410    0.20807   44.47149
jla_mock     1.23089   44.53263    0.23900   44.72199
jla_mock     0.97423   44.10013    0.18427   44.09670
jla_mock     0.97078   44.50640    0.33863   44.08723
jla_mock     0.06423   37.49996    0.15073   37.38367
jla_mock     0.12903   38.85605    0.16417   38.99182
jla_mock     0.10289   38.50706    0.14984   38.46361
jla_mock     0.04413   36.59277    0.17360   36.53791
jla_mock     0.11304   38.59345    0.15277   38.68229
jla_mock     0.25611   40.95297    0.20496   40.64067
jla_mock     0.38026   40.83786    0.28703   41.63124
jla_mock     0.14547   39.23144    0.16219   39.27457
jla_mock     0.08889   38.30811    0.14637   38.12583
jla_mock     0.26059   40.53419    0.18294   40.68349
jla_mock     0.07891   38.06567    0.15603   37.85259
jla_mock     0.08304   38.23797    0.15332   37.96945
jla_mock     0.16565   39.37722    0.13854   39.58339
jla_mock     0.16817   39.76605    0.16196   39.61946
jla_mock     0.17063   39.44868    0.16521   39.65419
jla_mock     0.17028   39.92446    0.17036   39.64928
jla_mock     0.12044   38.82866    0.15110   38.83033
jla_mock     0.27653   41.02266    0.21444   40.83051
jla_mock     0.23160   40.29275    0.18253   40.39347
jla_mock     0.30569   41.48153    0.26735   41.08035
jla_mock     0.07997   37.77197    0.16566   37.88313
jla_mock     0.17415   39.79039    0.15831   39.70309
jla_mock     0.13868   39.16912    0.16605   39.16161
jla_mock     0.14607   39.19331    0.16392   39.28432
jla_mock     0.08133   38.13159    0.14393   37.92176
jla_mock     0.23380   40.37879    0.17178   40.41662
jla_mock     0.25655   40.74158    0.17733   40.64491
jla_mock     0.24562   40.59002    0.20041   40.53766
jla_mock     0.12593   38.50982    0.19133   38.93474
jla_mock     0.22351   40.63786    0.21583   40.30655
jla_mock     0.10264   38.53465    0.14664   38.45798
jla_mock     0.11967   38.73513    0.14567   38.81533
jla_mock     0.18055   39.73670    0.16851   39.78968
jla_mock     0.19709   39.78360    0.17390   40.00094
jla_mock     0.22916   40.46786    0.19939   40.36755
jla_mock     0.26451   41.00722    0.19876   40.72040
jla_mock     0.10337   38.51524    0.12264   38.47441
jla_mock     0.36441   41.93740    0.23043   41.52305
jla_mock     0.20560   40.17495    0.15584   40.10331
jla_mock     0.17981   40.02515    0.19620   39.77982
jla_mock     0.19959   40.08192    0.18224   40.03143
jla_mock     0.15653   39.59549    0.15013   39.44844
jla_mock     0.16180   39.41625    0.14761   39.52729
jla_mock     0.20953   40.09152    0.20608   40.14927
jla_mock     0.24179   40.60540    0.19813   40.49904
jla_mock     0.23646   40.19579    0.16266   40.44434
jla_mock     0.22668   40.51644    0.21051   40.34095
jla_mock     0.29678   40.97641    0.19716   41.00643
jla_mock     0.20852   39.71931    0.16317   40.13754
jla_mock     0.25104   41.00452    0.22086   40.59138
jla_mock     0.25012   40.62077    0.17967   40.58234
jla_mock     0.11771   38.92700    0.14551   38.77674
jla_mock     0.21971   40.34864    0.16999   40.26472
jla_mock     0.14901   39.43070    0.14890   39.33153
jla_mock     0.28742   41.00993    0.18840   40.92654
jla_mock     0.14360   39.45536    0.16640   39.24396
jla_mock     0.32837   41.16559    0.19601   41.25993
jla_mock     0.24625   40.73319    0.16507   40.54396
jla_mock     0.11966   38.79765    0.15027   38.81514
jla_mock     0.32838   41.49260    0.27642   41.26001
jla_mock     0.21513   40.21304    0.18367   40.21341
jla_mock     0.14478   39.20227    0.13617   39.26332
jla_mock     0.13243   39.22424    0.12839   39.05296
jla_mock     0.21082   40.30142    0.16235   40.16418
jla_mock     0.20399   40.10052    0.15781   40.08425
jla_mock     0.27952   40.96684    0.16701   40.85722
jla_mock     0.04428   36.52800    0.15510   36.54551
jla_mock     0.18037   39.95918    0.15078   39.78729
jla_mock     0.26070   40.86516    0.18972   40.68453
jla_mock     0.05654   37.19703    0.18697   37.09513
jla_mock     0.21260   40.65361    0.19195   40.18462
jla_mock     0.36941   41.69906    0.23700   41.55764
jla_mock     0.17386   39.85819    0.13052   39.69910
jla_mock     0.14265   39.35886    0.16863   39.22827
jla_mock     0.17789   39.77259    0.17323   39.75404
jla_mock     0.32837   41.22403    0.20656   41.25993
jla_mock     0.25351   40.33746    0.19561   40.61551
jla_mock     0.30001   41.26418    0.19320   41.03346
jla_mock     0.10589   38.54951    0.14608   38.53030
jla_mock     0.22328   40.45648    0.16844   40.30404
jla_mock     0.11845   39.10282    0.12252   38.79138
jla_mock     0.17653   39.58511    0.17119   39.73563
jla_mock     0.18280   40.02033    0.18907   39.81945
jla_mock     0.29762   41.05671    0.22708   41.01348
jla_mock     0.19699   40.14304    0.16337   39.99971
jla_mock     0.15295   39.56174    0.14755   39.39345
jla_mock     0.24850   40.62367    0.17448   40.56634
jla_mock     0.13818   39.06457    0.12409   39.15309
jla_mock     0.20704   40.38158    0.17045   40.12025
jla_mock     0.21468   40.14942    0.18060   40.20831
jla_mock     0.30632   40.77768    0.21503   41.08550
jla_mock     0.24695   40.60264    0.17120   40.55095
jla_mock     0.19801   40.17599    0.14490   40.01220
jla_mock     0.22256   40.30435    0.15195   40.29616
jla_mock     0.13508   39.30994    0.15131   39.09960
jla_mock     0.21054   40.24085    0.18261   40.16096
jla_mock     0.27258   40.58310    0.16911   40.79482
jla_mock     0.24660   40.47772    0.16169   40.54746
jla_mock     0.22068   40.40406    0.19429   40.27546
jla_mock     0.27447   41.07881    0.19147   40.81196
jla_mock     0.17656   39.86394    0.15540   39.73604
jla_mock     0.31088   41.42275    0.22016   41.12250
jla_mock     0.18435   40.32823    0.17308   39.83976
jla_mock     0.15935   39.64923    0.14827   39.49093
jla_mock     0.21976   40.39417    0.16605   40.26527
jla_mock     0.25205   40.59802    0.18410   40.60127
jla_mock     0.18122   39.82570    0.14940   39.79858
jla_mock     0.17373   39.92746    0.13336   39.69730
jla_mock     0.38047   41.20923    0.24246   41.63265
jla_mock     0.17865   39.87261    0.17172   39.76428
jla_mock     0.24568   40.57649    0.18910   40.53826
jla_mock     0.20910   40.13547    0.16102   40.14428
jla_mock     0.24947   40.16642    0.20971   40.57593
jla_mock     0.13392   39.00185    0.16606   39.07929
jla_mock     0.17706   39.73276    0.16040   39.74282
jla_mock     0.28111   41.06127    0.18775   40.87131
jla_mock     0.17383   39.64019    0.15187   39.69868
jla_mock     0.19654   39.96228    0.16513   39.99418
jla_mock     0.36397   41.42644    0.22725   41.51999
jla_mock     0.37835   41.90519    0.26733   41.61843
jla_mock     0.31646   41.51410    0.21039   41.16711
jla_mock     0.18322   39.72132    0.13519   39.82497
jla_mock     0.24102   40.61839    0.16774   40.49121
jla_mock     0.20203   40.15163    0.19953   40.06085
jla_mock     0.16869   39.69577    0.16512   39.62684
jla_mock     0.19794   40.00357    0.17492   40.01135
jla_mock     0.12276   39.13950    0.14575   38.87499
jla_mock     0.20318   40.14898    0.16105   40.07461
jla_mock     0.12739   38.97380    0.14896   38.96178
jla_mock     0.27549   40.95887    0.19973   40.82116
jla_mock     0.14468   39.33663    0.14722   39.26169
jla_mock     0.33436   41.50132    0.24978   41.30545
jla_mock     0.19580   39.98392    0.15393   39.98507
jla_mock     0.19392   39.76165    0.16375   39.96176
jla_mock     0.24973   40.75484    0.18581   40.57850
jla_mock     0.14860   39.23732    0.14880   39.32499
jla_mock     0.15596   39.62048    0.14872   39.43976
jla_mock     0.09582   38.41419    0.15035   38.29889
jla_mock     0.15065   39.36279    0.15873   39.35748
jla_mock     0.30933   41.06535    0.24716   41.10998
jla_mock     0.24857   40.50712    0.17340   40.56704
jla_mock     0.36554   41.50578    0.24312   41.53091
jla_mock     0.11771   38.92395    0.12848   38.77674
jla_mock     0.19176   39.93311    0.14428   39.93472
jla_mock     0.18255   40.00712    0.16171   39.81616
jla_mock     0.23472   40.66323    0.18445   40.42624
jla_mock     0.24647   40.62082    0.19928   40.54616
jla_mock     0.28845   40.64693    0.18873   40.93544
jla_mock     0.20960   40.08461    0.19927   40.15008
jla_mock     0.19198   39.73563    0.17965   39.93748
jla_mock     0.11402   38.84285    0.12215   38.70241
jla_mock     0.11389   38.98338    0.18397   38.69975
jla_mock     0.19880   40.20089    0.20967   40.02183
jla_mock     0.22058   40.23036    0.22796   40.27436
jla_mock     0.18257   39.84922    0.16454   39.81642
jla_mock     0.15895   39.48241    0.16373   39.48495
jla_mock     0.07849   37.85720    0.14912   37.84038
jla_mock     0.13864   39.22112    0.13217   39.16093
jla_mock     0.18079   39.83782    0.15446   39.79287
jla_mock     0.17757   39.71333    0.18629   39.74972
jla_mock     0.17066   39.43496    0.16102   39.65461
jla_mock     0.23381   40.25771    0.20859   40.41672
jla_mock     0.07153   37.61297    0.17411   37.62842
jla_mock     0.15463   39.57474    0.18792   39.41940
jla_mock     0.09010   38.17641    0.15951   38.15695
jla_mock     0.17658   39.30861    0.20449   39.73631
jla_mock     0.13045   39.03454    0.16441   39.01753
jla_mock     0.18204   39.73096    0.17167   39.80943
jla_mock     0.25617   40.57058    0.17261   40.64125
jla_mock     0.13811   39.38405    0.14854   39.15189
jla_mock     0.17070   39.88708    0.16750   39.65518
jla_mock     0.21674   40.28629    0.14793   40.23156
jla_mock     0.24555   40.54785    0.17888   40.53696
jla_mock     0.14382   39.24783    0.16710   39.24758
jla_mock     0.24862   40.50924    0.18856   40.56753
jla_mock     0.14533   39.44654    0.17139   39.27229
jla_mock     0.13588   38.99350    0.12760   39.11351
jla_mock     0.05874   37.46299    0.12754   37.18137
jla_mock     0.03652   36.04332    0.15192   36.11500
jla_mock     0.27749   40.67448    0.22703   40.83912
jla_mock     0.20515   39.94305    0.29701   40.09800
jla_mock     0.28051   40.81573    0.20079   40.86600
jla_mock     0.19867   40.02754    0.16216   40.02025
jla_mock     0.15999   39.50356    0.15164   39.50048
jla_mock     0.21075   40.26864    0.18113   40.16338
jla_mock     0.07195   37.94587    0.17246   37.64176
jla_mock     0.23782   40.61710    0.19074   40.45841
jla_mock     0.14139   39.23465    0.17359   39.20730
jla_mock     0.15506   39.46624    0.15761   39.42600
jla_mock     0.37013   41.72361    0.22887   41.56259
jla_mock     0.09391   38.22332    0.17056   38.25241
jla_mock     0.11863   38.89906    0.17058   38.79493
jla_mock     0.15363   39.24615    0.15381   39.40398
jla_mock     0.25356   40.64486    0.16810   40.61600
jla_mock     0.10725   38.61920    0.14420   38.55994
jla_mock     0.12961   39.11835    0.15302   39.00235
jla_mock     0.26665   41.05784    0.19376   40.74033
jla_mock     0.21226   40.05414    0.16263   40.18073
jla_mock     0.27822   40.91706    0.18167   40.84564
jla_mock     0.24540   40.40983    0.16812   40.53546
jla_mock     0.13362   39.27056    0.15059   39.07401
jla_mock     0.17656   39.68405    0.16208   39.73604
jla_mock     0.11368   38.58300    0.14584   38.69545
jla_mock     0.32038   41.34657    0.26368   41.19801
jla_mock     0.11271   38.78183    0.12253   38.67548
jla_mock     0.10602   38.60380    0.14473   38.53314
jla_mock     0.39135   41.36497    0.26610   41.70449
jla_mock     0.15575   39.50570    0.14612   39.43656
jla_mock     0.18667   39.89931    0.16762   39.86986
jla_mock     0.19671   39.66636    0.16670   39.99627
jla_mock     0.19191   40.01771    0.17339   39.93660
jla_mock     0.19084   39.81601    0.15088   39.92311
jla_mock     0.17625   39.80397    0.15361   39.73182
jla_mock     0.12837   39.23084    0.15036   38.97977
jla_mock     0.12262   38.86882    0.14734   38.87232
jla_mock     0.12715   39.07693    0.14706   38.95736
jla_mock     0.21323   40.06864    0.17621   40.19182
jla_mock     0.21861   40.43306    0.18110   40.25249
jla_mock     0.26856   40.97472    0.19152   40.75800
jla_mock     0.20466   40.06692    0.16519   40.09220
jla_mock     0.26710   40.64370    0.17378   40.74451
jla_mock     0.21757   40.24481    0.17265   40.24087
jla_mock     0.24185   40.65522    0.17151   40.49965
jla_mock     0.29350   41.30752    0.20072   40.97870
jla_mock     0.35346   41.41481    0.23114   41.44575
jla_mock     0.18563   39.93484    0.15495   39.85641
jla_mock     0.28543   40.98598    0.19928   40.90924
jla_mock     0.19494   40.16284    0.16836   39.97443
jla_mock     0.07592   37.68397    0.14500   37.76429
jla_mock     0.16357   39.57902    0.15778   39.55323
jla_mock     0.25721   41.04139    0.20821   40.65125
jla_mock     0.21955   40.44173    0.18725   40.26294
jla_mock     0.17558   39.93535    0.15163   39.72269
jla_mock     0.22667   40.24305    0.18608   40.34084
jla_mock     0.15322   39.46332    0.15082   39.39764
jla_mock     0.21025   39.92339    0.19550   40.15761
jla_mock     0.12164   38.80886    0.12361   38.85353
jla_mock     0.29135   40.89093    0.19905   40.96037
jla_mock     0.29448   40.86222    0.27860   40.98701
jla_mock     0.16455   39.44513    0.12599   39.56749
jla_mock     0.30702   40.91495    0.20907   41.09122
jla_mock     0.19863   40.04151    0.16158   40.01976
jla_mock     0.26821   40.98915    0.21540   40.75477
jla_mock     0.40128   42.06736    0.24823   41.76846
jla_mock     0.13668   39.50165    0.15334   39.12735
jla_mock     0.29542   41.03727    0.24720   40.99496
jla_mock     0.29192   41.05150    0.19220   40.96524
jla_mock     0.09007   38.29415    0.12097   38.15619
jla_mock     0.20557   39.96296    0.18293   40.10296
jla_mock     0.14582   39.43288    0.14935   39.28026
jla_mock     0.11767   38.87139    0.14487   38.77595
jla_mock     0.05499   37.10909    0.14998   37.03240
jla_mock     0.17420   39.80094    0.15143   39.70378
jla_mock     0.24495   40.42545    0.18021   40.53095
jla_mock     0.22452   40.21480    0.18250   40.31756
jla_mock     0.24558   40.53658    0.16228   40.53726
jla_mock     0.28351   40.50320    0.21250   40.89245
jla_mock     0.18056   39.88830    0.17619   39.78982
jla_mock     0.10391   38.34113    0.12352   38.48649
jla_mock     0.12961   39.05006    0.15327   39.00235
jla_mock     0.24352   40.46106    0.16046   40.51656
jla_mock     0.33136   41.18855    0.26935   41.28275
jla_mock     0.24348   40.35075    0.19048   40.51615
jla_mock     0.31468   41.13963    0.17578   41.15296
jla_mock     0.21865   40.38770    0.18935   40.25293
jla_mock     0.26014   40.79790    0.21926   40.67922
jla_mock     0.28243   41.11555    0.19831   40.88296
jla_mock     0.30041   41.03541    0.20582   41.03679
jla_mock     0.15186   39.21322    0.14864   39.37647
jla_mock     0.26357   40.76257    0.18937   40.71159
jla_mock     0.21382   40.22396    0.20621   40.19854
jla_mock     0.16284   39.60095    0.16762   39.54256
jla_mock     0.12440   38.83208    0.17141   38.90608
jla_mock     0.19465   40.02610    0.13939   39.97083
jla_mock     0.20554   40.08835    0.18299   40.10260
jla_mock     0.10667   38.28862    0.14589   38.54734
jla_mock     0.18772   39.80137    0.18725   39.88338
jla_mock     0.16387   39.63102    0.15682   39.55760
jla_mock     0.29021   40.92820    0.19470   40.95060
jla_mock     0.09401   38.43624    0.12498   38.25487
jla_mock     0.22786   40.41190    0.18010   40.35364
jla_mock     0.10751   38.44266    0.14765   38.56556
jla_mock     0.31065   41.29795    0.22259   41.12065
jla_mock     0.14564   39.17461    0.15576   39.27734
jla_mock     0.08784   38.24784    0.12610   38.09850
jla_mock     0.14839   39.16512    0.15573   39.32164
jla_mock     0.28662   41.34781    0.19366   40.91960
jla_mock     0.12281   38.97876    0.13329   38.87594
jla_mock     0.18655   40.07541    0.20280   39.86832
jla_mock     0.12893   38.88878    0.15504   38.99000
jla_mock     0.19422   39.83014    0.16864   39.96549
jla_mock     0.14800   39.30844    0.14676   39.31541
jla_mock     0.21179   40.39249    0.22866   40.17534
jla_mock     0.17962   39.78100    0.17351   39.77728
jla_mock     0.26349   40.52981    0.18130   40.71084
jla_mock     0.19215   39.96389    0.15957   39.93962
jla_mock     0.33880   41.40329    0.22988   41.33871
jla_mock     0.11741   38.85177    0.14767   38.77078
jla_mock     0.14310   39.16800    0.16842   39.23571
jla_mock     0.16035   39.41508    0.13218   39.50583
jla_mock     0.28872   41.19251    0.21130   40.93777
jla_mock     0.12303   38.96580    0.15465   38.88013
jla_mock     0.26405   40.75398    0.18534   40.71609
jla_mock     0.12608   39.12938    0.17183   38.93753
jla_mock     0.17374   39.54199    0.14981   39.69744
jla_mock     0.16440   39.62688    0.14973   39.56531
jla_mock     0.24961   40.92105    0.16242   40.57731
jla_mock     0.15999   39.32939    0.15137   39.50048
jla_mock     0.24448   40.29883    0.15150   40.52623
jla_mock     0.24851   40.82858    0.17708   40.56644
jla_mock     0.22893   40.28895    0.16848   40.36509
jla_mock     0.08528   38.08023    0.14385   38.03054
jla_mock     0.06282   37.27971    0.14855   37.33331
jla_mock     0.27745   40.89161    0.23370   40.83876
jla_mock     0.27544   41.10064    0.21508   40.82071
jla_mock     0.33051   41.33296    0.21088   41.27628
jla_mock     0.36193   41.37565    0.24565   41.50573
jla_mock     0.33103   41.38053    0.21801   41.28024
jla_mock     0.16050   39.48249    0.12715   39.50806
jla_mock     0.30021   41.14706    0.20430   41.03513
jla_mock     0.11635   38.94623    0.12231   38.74960
jla_mock     0.21829   40.36875    0.16062   40.24892
jla_mock     0.11967   39.17228    0.12046   38.81533
jla_mock     0.15473   39.60526    0.12395   39.42094
jla_mock     0.17810   39.73141    0.16563   39.75688
jla_mock     0.25037   40.73825    0.16561   40.58480
jla_mock     0.25174   40.65770    0.14466   40.59824
jla_mock     0.12953   39.12044    0.14519   39.00090
jla_mock     0.30929   41.22991    0.18811   41.10966
jla_mock     0.27852   40.50190    0.17882   40.84832
jla_mock     0.18581   39.60082    0.13606   39.85875
jla_mock     0.06651   37.73153    0.17228   37.46289
jla_mock     0.25800   40.55073    0.18757   40.65882
jla_mock     0.29888   40.90131    0.21609   41.02403
jla_mock     0.27044   40.55818    0.22437   40.77528
jla_mock     0.27916   40.52285    0.17184   40.85402
jla_mock     0.29287   40.88222    0.21554   40.97334
jla_mock     0.18965   39.97287    0.15711   39.90803
jla_mock     0.26576   40.94729    0.19291   40.73206
jla_mock     0.12376   39.07342    0.14509   38.89399
jla_mock     0.18255   39.66977    0.14972   39.81616
jla_mock     0.05634   37.19262    0.14895   37.08713
jla_mock     0.31288   41.11206    0.18264   41.13858
jla_mock     0.30915   41.14129    0.22329   41.10853
jla_mock     0.20061   40.02821    0.15588   40.04377
jla_mock     0.32640   41.50519    0.20549   41.24480
jla_mock     0.21163   40.33204    0.13899   40.17351
jla_mock     0.17969   39.97852    0.15636   39.77821
jla_mock     0.30240   41.25007    0.19662   41.05329
jla_mock     0.10924   38.60416    0.14870   38.60268
jla_mock     0.08522   38.09018    0.15002   38.02892
jla_mock     0.20231   40.18324    0.16132   40.06421
jla_mock     0.12649   38.94932    0.15585   38.94515
jla_mock     0.21457   40.28147    0.16813   40.20706
jla_mock     0.32045   41.42496    0.19169   41.19856
jla_mock     0.21835   40.43623    0.17273   40.24959
jla_mock     0.19010   40.19141    0.15982   39.91374
jla_mock     0.09243   38.02416    0.15614   38.21577
jla_mock     0.37986   41.93657    0.18489   41.62856
jla_mock     0.21134   40.06176    0.16608   40.17017
jla_mock     0.25833   40.77537    0.18012   40.66198
jla_mock     0.18327   39.94253    0.16856   39.82563
jla_mock     0.21295   40.01321    0.17785   40.18862
jla_mock     0.11651   38.91689    0.15544   38.75281
jla_mock     0.14401   39.16344    0.17186   39.25071
jla_mock     0.25249   40.49292    0.18600   40.60557
jla_mock     0.25539   40.53701    0.21320   40.63373
jla_mock     0.21698   40.29987    0.18861   40.23425
jla_mock     1.26590   44.81246    0.22380   44.79699
jla_mock     0.93577   44.01275    0.22959   43.98915
jla_mock     0.04952   36.63779    0.20229   36.79644
jla_mock     0.03033   35.78069    0.18208   35.70157
jla_mock     0.07458   37.95596    0.21873   37.72360
jla_mock     0.02520   35.27749    0.22034   35.29123
jla_mock     0.01441   34.12143    0.20528   34.06048
jla_mock     0.02079   34.45357    0.19750   34.86681
jla_mock     0.03522   35.80796    0.20378   36.03412
jla_mock     0.04166   36.22709    0.21523   36.40883
jla_mock     0.04240   36.49287    0.20619   36.44838
jla_mock     0.01890   34.43414    0.18362   34.65682
jla_mock     0.07884   37.65092    0.21534   37.85056
jla_mock     0.06334   37.10530    0.20759   37.35224
jla_mock     0.02764   35.45961    0.23142   35.49574
jla_mock     0.04933   36.79826    0.21068   36.78762
jla_mock     0.07015   37.87035    0.22041   37.58415
jla_mock     0.02391   35.24628    0.18368   35.17514
jla_mock     0.05313   36.98877    0.22336   36.95466
jla_mock     0.02495   35.59674    0.18978   35.26944
jla_mock     0.01566   34.36772    0.20165   34.24356
jla_mock     0.04898   36.88801    0.15986   36.77203
jla_mock     0.02240   35.01580    0.18928   35.03106
jla_mock     0.03485   36.28020    0.23666   36.01099
jla_mock     0.01697   34.46066    0.20291   34.41905
jla_mock     0.03072   36.02874    0.18172   35.73037
jla_mock     0.03048   35.29559    0.18204   35.71303
jla_mock     0.01055   33.31351    0.21945   33.37697
jla_mock     0.01426   33.99301    0.17171   34.03675
jla_mock     0.02769   35.52634    0.18125   35.49983
jla_mock     0.05386   37.10549    0.15904   36.98558
jla_mock     0.01767   34.45184    0.19251   34.50873
jla_mock     0.01745   34.46382    0.17037   34.48092
jla_mock     0.01557   34.23029    0.20220   34.23076
jla_mock     0.01006   33.41123    0.23113   33.27290
jla_mock     0.05493   37.14719    0.18431   37.02998
jla_mock     0.03908   36.13374    0.16317   36.26630
jla_mock     0.07832   37.68170    0.18392   37.83534
jla_mock     0.03176   35.79873    0.15356   35.80452
jla_mock     0.01444   33.94795    0.22581   34.06489
jla_mock     0.01353   33.90354    0.22079   33.92255
jla_mock     0.02668   35.30537    0.19350   35.41745
jla_mock     0.02336   34.87382    0.17881   35.12382
jla_mock     0.03693   36.09734    0.19002   36.14013
jla_mock     0.02355   34.83538    0.17820   35.14190
jla_mock     0.01748   34.96582    0.19212   34.48507
jla_mock     0.04026   36.33400    0.17448   36.33252
jla_mock     0.03038   35.75496    0.20408   35.70566
jla_mock     0.01550   34.19982    0.20028   34.22101
jla_mock     0.01415   34.09122    0.18788   34.02052
jla_mock     0.01549   34.21702    0.18431   34.21860
jla_mock     0.01555   34.30548    0.19852   34.22808
jla_mock     0.03707   36.23821    0.15485   36.14862
jla_mock     0.01548   34.24678    0.20250   34.21789
jla_mock     0.01332   33.54008    0.18644   33.88842
jla_mock     0.01457   33.96981    0.20791   34.08532
jla_mock     0.01579   34.20470    0.19847   34.26130
jla_mock     0.02475   35.69447    0.17955   35.25120
jla_mock     0.02775   35.61124    0.17503   35.50463
jla_mock     0.01089   33.04733    0.25478   33.44601
jla_mock     0.01365   33.90472    0.18671   33.94176
jla_mock     0.03576   36.45431    0.16296   36.06783
jla_mock     0.02473   35.42822    0.17711   35.24932
jla_mock     0.03809   36.32587    0.17052   36.20863
jla_mock     0.02154   35.01974    0.17712   34.94487
jla_mock     0.01958   34.68370    0.17899   34.73456
jla_mock     0.03042   35.91876    0.17572   35.70822
jla_mock     0.03922   36.20919    0.17021   36.27406
jla_mock     0.03497   36.16483    0.15988   36.01845
jla_mock     0.02856   35.69829    0.17650   35.56863
jla_mock     0.02100   35.02420    0.18823   34.88845
jla_mock     0.03254   36.16796    0.18232   35.85802
jla_mock     0.01547   34.14780    0.19319   34.21604
jla_mock     0.01568   34.11403    0.20748   34.24552
jla_mock     0.02750   35.33638    0.15599   35.48465
jla_mock     0.04686   36.61920    0.17135   36.67229
jla_mock     0.03317   36.32593    0.18296   35.90099
jla_mock     0.01029   33.61182    0.23550   33.32258
jla_mock     0.08010   37.99291    0.17116   37.88694
jla_mock     0.01232   33.69695    0.20021   33.71613
jla_mock     0.02459   34.88851    0.20631   35.23686
jla_mock     0.01447   34.21020    0.20828   34.06899
jla_mock     0.01515   34.05891    0.18400   34.17085
jla_mock     0.02909   36.05331    0.17337   35.60902
jla_mock     0.03478   36.20066    0.17929   36.00632
jla_mock     0.04492   36.82503    0.14071   36.57766
jla_mock     0.03407   36.06406    0.16958   35.96061
jla_mock     0.07487   37.93479    0.14386   37.73249
jla_mock     0.01496   34.11582    0.19783   34.14256
jla_mock     0.02040   35.04901    0.17104   34.82442
jla_mock     0.04069   36.14134    0.17468   36.35626
jla_mock     0.02657   35.53041    0.18033   35.40830
jla_mock     0.02688   35.45988    0.15331   35.43431
jla_mock     0.02347   35.20636    0.17598   35.13429
jla_mock     0.06912   37.53330    0.19118   37.55045
jla_mock     0.06519   37.49755    0.15880   37.41747
jla_mock     0.02298   35.34608    0.17791   35.08760
jla_mock     0.01739   34.61487    0.19829   34.47296
jla_mock     0.03148   35.75284    0.15109   35.78492
jla_mock     0.01118   33.42541    0.19448   33.50474
jla_mock     0.02196   35.15757    0.17567   34.98697
jla_mock     0.03148   35.67487    0.15081   35.78485
jla_mock     0.02332   35.40116    0.20285   35.12013
jla_mock     0.02039   34.93259    0.18301   34.82377
jla_mock     0.02247   35.00506    0.18141   35.03765
jla_mock     0.03361   35.90575    0.18044   35.93037
jla_mock     0.03697   36.10112    0.17917   36.14224
jla_mock     0.02263   35.21181    0.18007   35.05361
jla_mock     0.01470   34.03853    0.18462   34.10407
jla_mock     0.03695   36.38265    0.14876   36.14109
jla_mock     0.06096   37.27747    0.12531   37.26526
jla_mock     0.05929   37.16039    0.12136   37.20241
jla_mock     0.06975   37.63355    0.15874   37.57107
jla_mock     0.02953   35.97065    0.17470   35.64232
jla_mock     0.03325   35.99219    0.17565   35.90649
jla_mock     0.02416   35.50878    0.18124   35.19813
jla_mock     0.01600   34.42109    0.19156   34.29005
jla_mock     0.06296   37.47917    0.16531   37.33846
jla_mock     0.02171   35.29906    0.19186   34.96170
jla_mock     0.03164   35.97043    0.18944   35.79569
jla_mock     0.01860   34.56221    0.17305   34.62124
jla_mock     0.02706   35.81255    0.17333   35.44934
jla_mock     0.02547   35.45690    0.18470   35.31480
jla_mock     0.02381   35.11272    0.19337   35.16597
jla_mock     0.02387   35.31715    0.18298   35.17126
jla_mock     0.02207   35.03744    0.16678   34.99820
