jla_mock     0.50308   42.60871    0.14571   42.35104
jla_mock     0.58072   42.58887    0.16123   42.72544
jla_mock     0.49479   42.36143    0.12071   42.30792
jla_mock     0.34593   41.63853    0.13253   41.39128
jla_mock     0.67766   42.88454    0.22872   43.13160
jla_mock     0.61071   42.54024    0.22549   42.85755
jla_mock     0.86649   43.53218    0.25803   43.78400
jla_mock     0.33093   41.61908    0.12801   41.27950
jla_mock     0.79857   43.83197    0.25920   43.56670
jla_mock     0.44956   42.36079    0.16140   42.06004
jla_mock     0.37144   41.61936    0.14922   41.57158
jla_mock     0.29172   41.25839    0.14231   40.96351
jla_mock     0.35582   41.64624    0.14101   41.46259
jla_mock     0.46127   42.27055    0.15587   42.12638
jla_mock     0.28361   40.97679    0.13056   40.89333
jla_mock     0.63223   42.88831    0.22183   42.94863
jla_mock     0.46641   42.08819    0.17244   42.15500
jla_mock     0.26862   40.77877    0.12820   40.75859
jla_mock     0.94689   43.75302    0.29225   44.02068
jla_mock     0.92492   43.51734    0.31213   43.95801
jla_mock     0.69317   43.36082    0.29243   43.19137
jla_mock     0.62523   42.89818    0.19089   42.91933
jla_mock     0.89694   43.85784    0.26745   43.87607
jla_mock     0.60826   42.78298    0.15987   42.84699
jla_mock     0.78905   43.66722    0.26933   43.53485
jla_mock     0.57829   42.75974    0.14638   42.71445
jla_mock     0.59028   43.02622    0.18967   42.76823
jla_mock     0.71963   43.40596    0.25305   43.29050
jla_mock     0.21003   40.13044    0.13132   40.15509
jla_mock     0.76659   43.55264    0.22577   43.45813
jla_mock     0.85851   43.49100    0.22290   43.75934
jla_mock     0.36790   41.58372    0.09931   41.54727
jla_mock     0.55875   42.58110    0.15678   42.62447
jla_mock     0.84851   43.67141    0.21739   43.72812
jla_mock     0.99639   44.36596    0.24266   44.15679
jla_mock     0.77659   43.66117    0.26449   43.49256
jla_mock     0.58293   42.68374    0.13307   42.73539
jla_mock     0.58374   42.96706    0.16753   42.73903
jla_mock     0.79655   43.89021    0.22888   43.55998
jla_mock     0.58872   42.70325    0.15579   42.76129
jla_mock     0.91347   43.94804    0.24294   43.92478
jla_mock     0.76859   43.62801    0.23905   43.46504
jla_mock     0.94846   44.19716    0.26528   44.02509
jla_mock     0.51379   42.40020    0.15288   42.40578
jla_mock     0.73361   43.94063    0.19294   43.34148
jla_mock     0.63770   43.31313    0.27011   42.97130
jla_mock     0.76559   43.40943    0.21114   43.45466
jla_mock     0.43486   42.07104    0.15773   41.97447
jla_mock     0.98341   44.21083    0.25880   44.12175
jla_mock     0.58374   42.92608    0.16233   42.73903
jla_mock     0.70063   43.44596    0.21687   43.21970
jla_mock     0.66206   43.55750    0.21295   43.07010
jla_mock     0.83813   43.26648    0.28077   43.69533
jla_mock     0.62187   42.97549    0.17547   42.90516
jla_mock     0.37059   41.76362    0.14292   41.56572
jla_mock     0.41663   42.17732    0.13815   41.86455
jla_mock     0.35857   41.48241    0.10704   41.48209
jla_mock     0.45168   42.32085    0.15279   42.07216
jla_mock     0.52276   42.64507    0.16113   42.45081
jla_mock     0.73400   43.87075    0.30409   43.34288
jla_mock     0.70196   42.88513    0.31177   43.22473
jla_mock     0.74201   43.36860    0.29013   43.37166
jla_mock     0.74612   43.32427    0.21822   43.38631
jla_mock     0.34956   41.76482    0.13473   41.41768
jla_mock     0.59183   42.74553    0.15357   42.77513
jla_mock     0.51475   42.25711    0.15561   42.41060
jla_mock     0.62063   43.02990    0.18447   42.89990
jla_mock     0.64365   43.02863    0.24392   42.99574
jla_mock     1.00280   44.38650    0.33217   44.17391
jla_mock     0.47059   42.28739    0.14421   42.17801
jla_mock     0.61064   43.10698    0.15878   42.85725
jla_mock     0.26349   40.89632    0.12805   40.71081
jla_mock     0.35834   41.57839    0.12919   41.48044
jla_mock     0.74270   43.70993    0.25909   43.37412
jla_mock     0.45156   42.21708    0.11539   42.07145
jla_mock     0.91075   43.90282    0.26165   43.91682
jla_mock     0.55261   42.60740    0.15821   42.59559
jla_mock     0.33753   41.55047    0.12813   41.32927
jla_mock     0.75068   43.73307    0.24281   43.40248
jla_mock     0.98378   44.00637    0.34665   44.12275
jla_mock     0.82270   44.12919    0.22176   43.64588
jla_mock     0.81370   44.26292    0.24257   43.61661
jla_mock     0.95076   44.30580    0.26473   44.03158
jla_mock     0.81773   43.40637    0.24643   43.62977
jla_mock     0.34052   41.43631    0.12574   41.35149
jla_mock     0.96075   44.57947    0.28766   44.05949
jla_mock     0.81072   43.32264    0.27276   43.60686
jla_mock     0.75669   43.53398    0.24755   43.42362
jla_mock     0.61125   43.14663    0.18573   42.85987
jla_mock     0.87797   43.72799    0.22379   43.81907
jla_mock     0.54832   42.31845    0.14258   42.57529
jla_mock     0.80903   43.76309    0.23222   43.60132
jla_mock     1.02880   44.36451    0.28337   44.24234
jla_mock     0.62724   42.61883    0.17555   42.92776
jla_mock     0.42245   42.37204    0.15607   41.90012
jla_mock     0.93390   43.81546    0.35000   43.98380
jla_mock     0.70116   43.28882    0.22741   43.22169
jla_mock     0.69716   43.15616    0.20952   43.20658
jla_mock     0.68518   43.25820    0.27044   43.16074
jla_mock     0.76707   43.85188    0.25234   43.45981
jla_mock     0.93190   44.21334    0.25137   43.97808
jla_mock     0.86398   43.81542    0.24510   43.77625
jla_mock     0.74910   43.40854    0.22590   43.39689
jla_mock     0.51435   42.69442    0.15357   42.40861
jla_mock     0.46841   42.19429    0.11440   42.16601
jla_mock     0.47040   42.30784    0.15655   42.17698
jla_mock     0.95887   44.18890    0.27681   44.05426
jla_mock     0.92791   44.44947    0.29724   43.96663
jla_mock     0.84052   44.01577    0.21913   43.70293
jla_mock     0.63070   43.25258    0.17083   42.94224
jla_mock     0.56275   42.67048    0.14441   42.64315
jla_mock     0.61570   42.97221    0.16969   42.87892
jla_mock     0.82853   43.38626    0.22446   43.66467
jla_mock     0.56474   42.82923    0.16043   42.65238
jla_mock     0.57874   42.62225    0.14758   42.71650
jla_mock     0.55774   42.83341    0.15832   42.61978
jla_mock     0.86450   44.00629    0.22870   43.77785
jla_mock     0.73561   43.45410    0.23469   43.34870
jla_mock     0.85851   44.15097    0.28337   43.75932
jla_mock     0.26198   40.72011    0.10443   40.69667
jla_mock     0.58574   42.93836    0.18661   42.74800
jla_mock     0.76158   43.50921    0.21599   43.44073
jla_mock     0.48880   42.32764    0.11155   42.27631
jla_mock     0.85852   43.50840    0.27431   43.75935
jla_mock     0.68866   43.44898    0.18053   43.17412
jla_mock     0.55874   42.76912    0.15492   42.62446
jla_mock     0.32453   41.50229    0.12602   41.23036
jla_mock     0.48070   42.19433    0.10839   42.23305
jla_mock     0.18537   39.94153    0.13096   39.85305
jla_mock     0.92222   44.36919    0.33855   43.95022
jla_mock     0.68194   43.40625    0.19640   43.14823
jla_mock     0.47571   42.18509    0.10811   42.20600
jla_mock     0.92221   43.89936    0.27644   43.95018
jla_mock     0.89318   44.09091    0.25783   43.86487
jla_mock     0.42865   41.98983    0.14144   41.93748
jla_mock     0.63188   43.16268    0.23474   42.94717
jla_mock     0.69996   43.37015    0.25835   43.21717
jla_mock     0.73601   43.40803    0.26469   43.35013
jla_mock     0.57582   42.90356    0.15954   42.70324
jla_mock     0.41863   41.95270    0.10652   41.87683
jla_mock     0.51175   42.29914    0.12001   42.39540
jla_mock     0.53577   42.46383    0.12653   42.51485
jla_mock     0.64189   42.85248    0.21547   42.98856
jla_mock     0.73500   43.65638    0.22720   43.34649
jla_mock     0.35156   41.57608    0.13079   41.43211
jla_mock     0.60986   42.70782    0.17401   42.85388
jla_mock     0.34956   41.48575    0.13437   41.41766
jla_mock     0.70197   43.23660    0.18820   43.22475
jla_mock     0.35526   41.43299    0.10428   41.45861
jla_mock     0.98328   44.21279    0.25757   44.12140
jla_mock     0.87215   43.67184    0.26598   43.80134
jla_mock     0.75903   43.60508    0.20819   43.43183
jla_mock     0.92622   43.90508    0.24599   43.96176
jla_mock     0.64364   42.92673    0.22846   42.99573
jla_mock     0.41957   41.93843    0.13773   41.88255
jla_mock     0.51559   42.29084    0.20314   42.41484
jla_mock     0.89073   43.81062    0.21058   43.85753
jla_mock     0.80570   43.43424    0.22987   43.59033
jla_mock     0.48057   42.20273    0.10875   42.23231
jla_mock     0.80070   43.78034    0.24546   43.57378
jla_mock     0.58060   42.75690    0.18881   42.72490
jla_mock     0.71565   43.29733    0.24397   43.27584
jla_mock     0.80570   43.83147    0.23277   43.59033
jla_mock     0.76668   43.83246    0.25284   43.45846
jla_mock     0.66464   43.02238    0.19579   43.08037
jla_mock     0.90174   43.75033    0.25191   43.89028
jla_mock     0.74567   43.68365    0.21143   43.38470
jla_mock     0.71868   43.25464    0.20380   43.28702
jla_mock     0.73669   43.41339    0.19636   43.35259
jla_mock     0.57960   42.88971    0.12085   42.72037
jla_mock     0.37053   41.63277    0.10257   41.56534
jla_mock     0.96074   44.05775    0.23956   44.05946
jla_mock     0.85073   43.93686    0.21180   43.73508
jla_mock     0.64864   42.85734    0.19255   43.01611
jla_mock     0.21946   40.59413    0.13037   40.26197
jla_mock     0.93676   43.62173    0.24130   43.99195
jla_mock     0.64764   43.23162    0.17876   43.01204
jla_mock     0.46156   42.28037    0.13341   42.12800
jla_mock     0.60060   42.90161    0.17945   42.81372
jla_mock     0.67065   43.10009    0.23101   43.10415
jla_mock     0.76070   43.37184    0.20946   43.43765
jla_mock     0.24649   40.76424    0.13212   40.54638
jla_mock     0.47057   42.12844    0.14759   42.17794
jla_mock     0.16945   39.61793    0.11210   39.63766
jla_mock     0.49738   42.44669    0.12913   42.32144
jla_mock     0.63823   42.84270    0.19689   42.97350
jla_mock     0.50737   42.60185    0.14543   42.37308
jla_mock     0.53533   42.52635    0.14230   42.51269
jla_mock     0.58728   42.85323    0.16639   42.75489
jla_mock     0.77308   43.47231    0.25621   43.48052
jla_mock     0.69917   43.10406    0.22210   43.21417
jla_mock     0.37051   41.68517    0.12736   41.56520
jla_mock     0.76109   43.85179    0.22809   43.43902
jla_mock     0.69917   43.28626    0.21960   43.21418
jla_mock     0.78806   43.22134    0.19242   43.53150
jla_mock     0.37351   41.75697    0.13203   41.58571
jla_mock     0.40548   41.94319    0.13199   41.79507
jla_mock     0.85299   43.93680    0.25729   43.74216
jla_mock     0.80805   43.71900    0.24185   43.59808
jla_mock     0.60327   43.06764    0.18398   42.82536
jla_mock     0.58329   43.04840    0.17903   42.73700
jla_mock     0.53434   42.76150    0.14774   42.50785
jla_mock     0.72014   43.68703    0.24070   43.29239
jla_mock     0.40048   41.88503    0.21061   41.76340
jla_mock     0.83700   43.52771    0.21503   43.69176
jla_mock     0.37151   41.63599    0.10193   41.57203
jla_mock     0.80604   43.47007    0.25908   43.59147
jla_mock     0.84001   43.85765    0.23507   43.70129
jla_mock     0.50073   42.48778    0.12981   42.33885
jla_mock     0.53277   42.76281    0.17422   42.50018
jla_mock     0.53377   42.66328    0.18215   42.50508
jla_mock     0.93223   43.79182    0.34153   43.97902
jla_mock     0.82210   43.44673    0.25791   43.64395
jla_mock     0.55380   42.56031    0.13545   42.60122
jla_mock     0.12530   38.98086    0.13709   38.92294
jla_mock     0.84212   43.92931    0.28303   43.70800
jla_mock     0.44367   42.26759    0.15187   42.02605
jla_mock     0.72767   43.64613    0.24978   43.31996
jla_mock     0.68366   43.19584    0.41253   43.15487
jla_mock     0.44255   42.30688    0.13368   42.01954
jla_mock     0.72668   43.42452    0.20022   43.31634
jla_mock     0.28251   41.13193    0.12748   40.88366
jla_mock     0.40455   41.88504    0.12965   41.78921
jla_mock     0.51961   42.61143    0.13964   42.43507
jla_mock     0.69065   43.45414    0.23215   43.18177
jla_mock     1.06080   44.70389    0.27869   44.32423
jla_mock     0.57661   42.97367    0.15376   42.70683
jla_mock     0.26849   40.85144    0.12614   40.75735
jla_mock     0.72068   43.51881    0.25107   43.29438
jla_mock     0.25050   40.87214    0.13111   40.58606
jla_mock     0.76069   43.44230    0.27664   43.43763
jla_mock     0.69817   43.40247    0.26129   43.21038
jla_mock     0.55031   42.46289    0.16854   42.58475
jla_mock     0.73013   43.11703    0.23525   43.32888
jla_mock     0.84798   43.84160    0.24703   43.72647
jla_mock     0.99783   44.10427    0.24706   44.16064
jla_mock     0.43545   42.19951    0.13052   41.97792
jla_mock     0.40947   41.83253    0.12922   41.82014
jla_mock     0.30159   41.15023    0.12599   41.04659
jla_mock     1.29911   44.96450    0.19341   44.86622
jla_mock     1.02081   44.55095    0.23668   44.22149
jla_mock     0.83973   43.85375    0.19265   43.70043
jla_mock     1.12085   44.34469    0.20807   44.47149
jla_mock     1.23089   44.41229    0.23900   44.72199
jla_mock     0.97423   44.10187    0.18427   44.09670
jla_mock     0.97078   43.95620    0.33863   44.08723
jla_mock     0.06423   37.44553    0.15073   37.38367
jla_mock     0.12903   39.30421    0.16417   38.99182
jla_mock     0.10289   38.77242    0.14984   38.46361
jla_mock     0.04413   36.77116    0.17360   36.53791
jla_mock     0.11304   38.78707    0.15277   38.68229
jla_mock     0.25611   40.56056    0.20496   40.64067
jla_mock     0.38026   41.24360    0.28703   41.63124
jla_mock     0.14547   39.39431    0.16219   39.27457
jla_mock     0.08889   38.09365    0.14637   38.12583
jla_mock     0.26059   40.85000    0.18294   40.68349
jla_mock     0.07891   38.11308    0.15603   37.85259
jla_mock     0.08304   38.19110    0.15332   37.96945
jla_mock     0.16565   39.50445    0.13854   39.58339
jla_mock     0.16817   39.75280    0.16196   39.61946
jla_mock     0.17063   39.82308    0.16521   39.65419
jla_mock     0.17028   39.70563    0.17036   39.64928
jla_mock     0.12044   39.02954    0.15110   38.83033
jla_mock     0.27653   40.64743    0.21444   40.83051
jla_mock     0.23160   40.56342    0.18253   40.39347
jla_mock     0.30569   40.82797    0.26735   41.08035
jla_mock     0.07997   38.01935    0.16566   37.88313
jla_mock     0.17415   39.66506    0.15831   39.70309
jla_mock     0.13868   39.50948    0.16605   39.16161
jla_mock     0.14607   39.40979    0.16392   39.28432
jla_mock     0.08133   37.90418    0.14393   37.92176
jla_mock     0.23380   40.75985    0.17178   40.41662
jla_mock     0.25655   40.81985    0.17733   40.64491
jla_mock     0.24562   40.60134    0.20041   40.53766
jla_mock     0.12593   39.03546    0.19133   38.93474
jla_mock     0.22351   40.23600    0.21583   40.30655
jla_mock     0.10264   38.60873    0.14664   38.45798
jla_mock     0.11967   38.95428    0.14567   38.81533
jla_mock     0.18055   40.08248    0.16851   39.78968
jla_mock     0.19709   39.94774    0.17390   40.00094
jla_mock     0.22916   40.24227    0.19939   40.36755
jla_mock     0.26451   40.64491    0.19876   40.72040
jla_mock     0.10337   38.53356    0.12264   38.47441
jla_mock     0.36441   41.49400    0.23043   41.52305
jla_mock     0.20560   40.10696    0.15584   40.10331
jla_mock     0.17981   40.06766    0.19620   39.77982
jla_mock     0.19959   40.42066    0.18224   40.03143
jla_mock     0.15653   39.58910    0.15013   39.44844
jla_mock     0.16180   39.50636    0.14761   39.52729
jla_mock     0.20953   40.19642    0.20608   40.14927
jla_mock     0.24179   40.51357    0.19813   40.49904
jla_mock     0.23646   40.35414    0.16266   40.44434
jla_mock     0.22668   40.82215    0.21051   40.34095
jla_mock     0.29678   41.24601    0.19716   41.00643
jla_mock     0.20852   40.12195    0.16317   40.13754
jla_mock     0.25104   40.43318    0.22086   40.59138
jla_mock     0.25012   40.81402    0.17967   40.58234
jla_mock     0.11771   39.05292    0.14551   38.77674
jla_mock     0.21971   40.56716    0.16999   40.26472
jla_mock     0.14901   39.46487    0.14890   39.33153
jla_mock     0.28742   40.90964    0.18840   40.92654
jla_mock     0.14360   39.25853    0.16640   39.24396
jla_mock     0.32837   41.27613    0.19601   41.25993
jla_mock     0.24625   40.70554    0.16507   40.54396
jla_mock     0.11966   39.04054    0.15027   38.81514
jla_mock     0.32838   41.34687    0.27642   41.26001
jla_mock     0.21513   40.43154    0.18367   40.21341
jla_mock     0.14478   39.12269    0.13617   39.26332
jla_mock     0.13243   38.92214    0.12839   39.05296
jla_mock     0.21082   40.17233    0.16235   40.16418
jla_mock     0.20399   40.28202    0.15781   40.08425
jla_mock     0.27952   40.90778    0.16701   40.85722
jla_mock     0.04428   36.90213    0.15510   36.54551
jla_mock     0.18037   40.08624    0.15078   39.78729
jla_mock     0.26070   40.55932    0.18972   40.68453
jla_mock     0.05654   37.32716    0.18697   37.09513
jla_mock     0.21260   40.43104    0.19195   40.18462
jla_mock     0.36941   41.37244    0.23700   41.55764
jla_mock     0.17386   39.73623    0.13052   39.69910
jla_mock     0.14265   39.34005    0.16863   39.22827
jla_mock     0.17789   39.96310    0.17323   39.75404
jla_mock     0.32837   41.55023    0.20656   41.25993
jla_mock     0.25351   40.63924    0.19561   40.61551
jla_mock     0.30001   41.56400    0.19320   41.03346
jla_mock     0.10589   38.81557    0.14608   38.53030
jla_mock     0.22328   40.66879    0.16844   40.30404
jla_mock     0.11845   38.93279    0.12252   38.79138
jla_mock     0.17653   39.90967    0.17119   39.73563
jla_mock     0.18280   39.74619    0.18907   39.81945
jla_mock     0.29762   41.23380    0.22708   41.01348
jla_mock     0.19699   40.20988    0.16337   39.99971
jla_mock     0.15295   39.50936    0.14755   39.39345
jla_mock     0.24850   40.55574    0.17448   40.56634
jla_mock     0.13818   39.52362    0.12409   39.15309
jla_mock     0.20704   40.14147    0.17045   40.12025
jla_mock     0.21468   40.52889    0.18060   40.20831
jla_mock     0.30632   41.37982    0.21503   41.08550
jla_mock     0.24695   40.66409    0.17120   40.55095
jla_mock     0.19801   40.17634    0.14490   40.01220
jla_mock     0.22256   40.35801    0.15195   40.29616
jla_mock     0.13508   39.10843    0.15131   39.09960
jla_mock     0.21054   40.23220    0.18261   40.16096
jla_mock     0.27258   40.98236    0.16911   40.79482
jla_mock     0.24660   40.72276    0.16169   40.54746
jla_mock     0.22068   40.34926    0.19429   40.27546
jla_mock     0.27447   41.04373    0.19147   40.81196
jla_mock     0.17656   40.14911    0.15540   39.73604
jla_mock     0.31088   41.05305    0.22016   41.12250
jla_mock     0.18435   39.91137    0.17308   39.83976
jla_mock     0.15935   39.63755    0.14827   39.49093
jla_mock     0.21976   40.43197    0.16605   40.26527
jla_mock     0.25205   40.63837    0.18410   40.60127
jla_mock     0.18122   40.00820    0.14940   39.79858
jla_mock     0.17373   39.59499    0.13336   39.69730
jla_mock     0.38047   41.54727    0.24246   41.63265
jla_mock     0.17865   39.79411    0.17172   39.76428
jla_mock     0.24568   40.85019    0.18910   40.53826
jla_mock     0.20910   40.25479    0.16102   40.14428
jla_mock     0.24947   40.85570    0.20971   40.57593
jla_mock     0.13392   39.07756    0.16606   39.07929
jla_mock     0.17706   39.68543    0.16040   39.74282
jla_mock     0.28111   40.97947    0.18775   40.87131
jla_mock     0.17383   39.65499    0.15187   39.69868
jla_mock     0.19654   39.89759    0.16513   39.99418
jla_mock     0.36397   41.81805    0.22725   41.51999
jla_mock     0.37835   42.07475    0.26733   41.61843
jla_mock     0.31646   41.39613    0.21039   41.16711
jla_mock     0.18322   39.60682    0.13519   39.82497
jla_mock     0.24102   40.41891    0.16774   40.49121
jla_mock     0.20203   39.60651    0.19953   40.06085
jla_mock     0.16869   39.76567    0.16512   39.62684
jla_mock     0.19794   40.14560    0.17492   40.01135
jla_mock     0.12276   39.11690    0.14575   38.87499
jla_mock     0.20318   39.96607    0.16105   40.07461
jla_mock     0.12739   39.17344    0.14896   38.96178
jla_mock     0.27549   40.80808    0.19973   40.82116
jla_mock     0.14468   39.56511    0.14722   39.26169
jla_mock     0.33436   41.65757    0.24978   41.30545
jla_mock     0.19580   40.15404    0.15393   39.98507
jla_mock     0.19392   40.33884    0.16375   39.96176
jla_mock     0.24973   40.79436    0.18581   40.57850
jla_mock     0.14860   39.33759    0.14880   39.32499
jla_mock     0.15596   39.61890    0.14872   39.43976
jla_mock     0.09582   38.27844    0.15035   38.29889
jla_mock     0.15065   39.49191    0.15873   39.35748
jla_mock     0.30933   41.02510    0.24716   41.10998
jla_mock     0.24857   40.64952    0.17340   40.56704
jla_mock     0.36554   41.79477    0.24312   41.53091
jla_mock     0.11771   38.60962    0.12848   38.77674
jla_mock     0.19176   40.11442    0.14428   39.93472
jla_mock     0.18255   40.02116    0.16171   39.81616
jla_mock     0.23472   40.63739    0.18445   40.42624
jla_mock     0.24647   40.69903    0.19928   40.54616
jla_mock     0.28845   40.96810    0.18873   40.93544
jla_mock     0.20960   40.31047    0.19927   40.15008
jla_mock     0.19198   39.97421    0.17965   39.93748
jla_mock     0.11402   38.62062    0.12215   38.70241
jla_mock     0.11389   39.05200    0.18397   38.69975
jla_mock     0.19880   40.46249    0.20967   40.02183
jla_mock     0.22058   40.11144    0.22796   40.27436
jla_mock     0.18257   39.73873    0.16454   39.81642
jla_mock     0.15895   39.63515    0.16373   39.48495
jla_mock     0.07849   37.92281    0.14912   37.84038
jla_mock     0.13864   39.45394    0.13217   39.16093
jla_mock     0.18079   39.92083    0.15446   39.79287
jla_mock     0.17757   40.11224    0.18629   39.74972
jla_mock     0.17066   40.02884    0.16102   39.65461
jla_mock     0.23381   40.52583    0.20859   40.41672
jla_mock     0.07153   37.80821    0.17411   37.62842
jla_mock     0.15463   39.20530    0.18792   39.41940
jla_mock     0.09010   38.17917    0.15951   38.15695
jla_mock     0.17658   39.79036    0.20449   39.73631
jla_mock     0.13045   39.37528    0.16441   39.01753
jla_mock     0.18204   39.94822    0.17167   39.80943
jla_mock     0.25617   40.52289    0.17261   40.64125
jla_mock     0.13811   39.46365    0.14854   39.15189
jla_mock     0.17070   39.60992    0.16750   39.65518
jla_mock     0.21674   40.08083    0.14793   40.23156
jla_mock     0.24555   40.69753    0.17888   40.53696
jla_mock     0.14382   39.37282    0.16710   39.24758
jla_mock     0.24862   40.80075    0.18856   40.56753
jla_mock     0.14533   39.44276    0.17139   39.27229
jla_mock     0.13588   39.10718    0.12760   39.11351
jla_mock     0.05874   37.14127    0.12754   37.18137
jla_mock     0.03652   36.18451    0.15192   36.11500
jla_mock     0.27749   40.59438    0.22703   40.83912
jla_mock     0.20515   39.81322    0.29701   40.09800
jla_mock     0.28051   41.15413    0.20079   40.86600
jla_mock     0.19867   39.95842    0.16216   40.02025
jla_mock     0.15999   39.53508    0.15164   39.50048
jla_mock     0.21075   40.49331    0.18113   40.16338
jla_mock     0.07195   37.93991    0.17246   37.64176
jla_mock     0.23782   40.86144    0.19074   40.45841
jla_mock     0.14139   39.35533    0.17359   39.20730
jla_mock     0.15506   39.45317    0.15761   39.42600
jla_mock     0.37013   41.97632    0.22887   41.56259
jla_mock     0.09391   38.61393    0.17056   38.25241
jla_mock     0.11863   39.18967    0.17058   38.79493
jla_mock     0.15363   39.35784    0.15381   39.40398
jla_mock     0.25356   40.39669    0.16810   40.61600
jla_mock     0.10725   38.86488    0.14420   38.55994
jla_mock     0.12961   39.15225    0.15302   39.00235
jla_mock     0.26665   41.08153    0.19376   40.74033
jla_mock     0.21226   40.39789    0.16263   40.18073
jla_mock     0.27822   40.65243    0.18167   40.84564
jla_mock     0.24540   40.97217    0.16812   40.53546
jla_mock     0.13362   39.38420    0.15059   39.07401
jla_mock     0.17656   40.02006    0.16208   39.73604
jla_mock     0.11368   38.97297    0.14584   38.69545
jla_mock     0.32038   41.10467    0.26368   41.19801
jla_mock     0.11271   38.71780    0.12253   38.67548
jla_mock     0.10602   38.66739    0.14473   38.53314
jla_mock     0.39135   41.92334    0.26610   41.70449
jla_mock     0.15575   39.43411    0.14612   39.43656
jla_mock     0.18667   39.89099    0.16762   39.86986
jla_mock     0.19671   39.71494    0.16670   39.99627
jla_mock     0.19191   40.19361    0.17339   39.93660
jla_mock     0.19084   39.86513    0.15088   39.92311
jla_mock     0.17625   39.99712    0.15361   39.73182
jla_mock     0.12837   39.11744    0.15036   38.97977
jla_mock     0.12262   38.87080    0.14734   38.87232
jla_mock     0.12715   39.13650    0.14706   38.95736
jla_mock     0.21323   40.38273    0.17621   40.19182
jla_mock     0.21861   40.66819    0.18110   40.25249
jla_mock     0.26856   40.54899    0.19152   40.75800
jla_mock     0.20466   40.24685    0.16519   40.09220
jla_mock     0.26710   40.87443    0.17378   40.74451
jla_mock     0.21757   40.56239    0.17265   40.24087
jla_mock     0.24185   40.23459    0.17151   40.49965
jla_mock     0.29350   40.97322    0.20072   40.97870
jla_mock     0.35346   41.54755    0.23114   41.44575
jla_mock     0.18563   39.94326    0.15495   39.85641
jla_mock     0.28543   40.97859    0.19928   40.90924
jla_mock     0.19494   39.86573    0.16836   39.97443
jla_mock     0.07592   37.87372    0.14500   37.76429
jla_mock     0.16357   40.00076    0.15778   39.55323
jla_mock     0.25721   40.45182    0.20821   40.65125
jla_mock     0.21955   40.54371    0.18725   40.26294
jla_mock     0.17558   40.00779    0.15163   39.72269
jla_mock     0.22667   40.74914    0.18608   40.34084
jla_mock     0.15322   39.69620    0.15082   39.39764
jla_mock     0.21025   40.31738    0.19550   40.15761
jla_mock     0.12164   38.82337    0.12361   38.85353
jla_mock     0.29135   40.87621    0.19905   40.96037
jla_mock     0.29448   41.51858    0.27860   40.98701
jla_mock     0.16455   39.55235    0.12599   39.56749
jla_mock     0.30702   41.02133    0.20907   41.09122
jla_mock     0.19863   40.10314    0.16158   40.01976
jla_mock     0.26821   40.91838    0.21540   40.75477
jla_mock     0.40128   41.62974    0.24823   41.76846
jla_mock     0.13668   39.38907    0.15334   39.12735
jla_mock     0.29542   41.41111    0.24720   40.99496
jla_mock     0.29192   41.19719    0.19220   40.96524
jla_mock     0.09007   38.17878    0.12097   38.15619
jla_mock     0.20557   39.98513    0.18293   40.10296
jla_mock     0.14582   39.31225    0.14935   39.28026
jla_mock     0.11767   38.84904    0.14487   38.77595
jla_mock     0.05499   37.17096    0.14998   37.03240
jla_mock     0.17420   39.82909    0.15143   39.70378
jla_mock     0.24495   40.78726    0.18021   40.53095
jla_mock     0.22452   40.52266    0.18250   40.31756
jla_mock     0.24558   40.53273    0.16228   40.53726
jla_mock     0.28351   40.89363    0.21250   40.89245
jla_mock     0.18056   39.96530    0.17619   39.78982
jla_mock     0.10391   38.58596    0.12352   38.48649
jla_mock     0.12961   39.16417    0.15327   39.00235
jla_mock     0.24352   40.68777    0.16046   40.51656
jla_mock     0.33136   41.40993    0.26935   41.28275
jla_mock     0.24348   40.54747    0.19048   40.51615
jla_mock     0.31468   41.30418    0.17578   41.15296
jla_mock     0.21865   40.17293    0.18935   40.25293
jla_mock     0.26014   40.76429    0.21926   40.67922
jla_mock     0.28243   41.05865    0.19831   40.88296
jla_mock     0.30041   41.06780    0.20582   41.03679
jla_mock     0.15186   39.51747    0.14864   39.37647
jla_mock     0.26357   40.78163    0.18937   40.71159
jla_mock     0.21382   40.13703    0.20621   40.19854
jla_mock     0.16284   40.06225    0.16762   39.54256
jla_mock     0.12440   39.06966    0.17141   38.90608
jla_mock     0.19465   39.94185    0.13939   39.97083
jla_mock     0.20554   39.94046    0.18299   40.10260
jla_mock     0.10667   38.74869    0.14589   38.54734
jla_mock     0.18772   40.00892    0.18725   39.88338
jla_mock     0.16387   39.82145    0.15682   39.55760
jla_mock     0.29021   40.84531    0.19470   40.95060
jla_mock     0.09401   38.18988    0.12498   38.25487
jla_mock     0.22786   40.72062    0.18010   40.35364
jla_mock     0.10751   38.75823    0.14765   38.56556
jla_mock     0.31065   41.35846    0.22259   41.12065
jla_mock     0.14564   39.33181    0.15576   39.27734
jla_mock     0.08784   38.10269    0.12610   38.09850
jla_mock     0.14839   39.57985    0.15573   39.32164
jla_mock     0.28662   40.91214    0.19366   40.91960
jla_mock     0.12281   38.91158    0.13329   38.87594
jla_mock     0.18655   40.00878    0.20280   39.86832
jla_mock     0.12893   39.15154    0.15504   38.99000
jla_mock     0.19422   39.91102    0.16864   39.96549
jla_mock     0.14800   39.52975    0.14676   39.31541
jla_mock     0.21179   40.25406    0.22866   40.17534
jla_mock     0.17962   39.95575    0.17351   39.77728
jla_mock     0.26349   40.52885    0.18130   40.71084
jla_mock     0.19215   40.03244    0.15957   39.93962
jla_mock     0.33880   41.03460    0.22988   41.33871
jla_mock     0.11741   39.02922    0.14767   38.77078
jla_mock     0.14310   39.34749    0.16842   39.23571
jla_mock     0.16035   39.38651    0.13218   39.50583
jla_mock     0.28872   40.81318    0.21130   40.93777
jla_mock     0.12303   38.83621    0.15465   38.88013
jla_mock     0.26405   40.63343    0.18534   40.71609
jla_mock     0.12608   38.74654    0.17183   38.93753
jla_mock     0.17374   40.05755    0.14981   39.69744
jla_mock     0.16440   39.71802    0.14973   39.56531
jla_mock     0.24961   40.41455    0.16242   40.57731
jla_mock     0.15999   39.75038    0.15137   39.50048
jla_mock     0.24448   40.38029    0.15150   40.52623
jla_mock     0.24851   40.48639    0.17708   40.56644
jla_mock     0.22893   40.32225    0.16848   40.36509
jla_mock     0.08528   38.17064    0.14385   38.03054
jla_mock     0.06282   37.41744    0.14855   37.33331
jla_mock     0.27745   41.06923    0.23370   40.83876
jla_mock     0.27544   41.03750    0.21508   40.82071
jla_mock     0.33051   41.39962    0.21088   41.27628
jla_mock     0.36193   41.52883    0.24565   41.50573
jla_mock     0.33103   41.63708    0.21801   41.28024
jla_mock     0.16050   39.53481    0.12715   39.50806
jla_mock     0.30021   41.06792    0.20430   41.03513
jla_mock     0.11635   38.78850    0.12231   38.74960
jla_mock     0.21829   40.18018    0.16062   40.24892
jla_mock     0.11967   38.87489    0.12046   38.81533
jla_mock     0.15473   39.37631    0.12395   39.42094
jla_mock     0.17810   39.56001    0.16563   39.75688
jla_mock     0.25037   40.84940    0.16561   40.58480
jla_mock     0.25174   40.40104    0.14466   40.59824
jla_mock     0.12953   39.26337    0.14519   39.00090
jla_mock     0.30929   41.09730    0.18811   41.10966
jla_mock     0.27852   41.20965    0.17882   40.84832
jla_mock     0.18581   39.98225    0.13606   39.85875
jla_mock     0.06651   37.52295    0.17228   37.46289
jla_mock     0.25800   40.60117    0.18757   40.65882
jla_mock     0.29888   40.96198    0.21609   41.02403
jla_mock     0.27044   40.68528    0.22437   40.77528
jla_mock     0.27916   40.69911    0.17184   40.85402
jla_mock     0.29287   41.17584    0.21554   40.97334
jla_mock     0.18965   39.89879    0.15711   39.90803
jla_mock     0.26576   40.63849    0.19291   40.73206
jla_mock     0.12376   38.92338    0.14509   38.89399
jla_mock     0.18255   40.09758    0.14972   39.81616
jla_mock     0.05634   37.25436    0.14895   37.08713
jla_mock     0.31288   41.02586    0.18264   41.13858
jla_mock     0.30915   41.44870    0.22329   41.10853
jla_mock     0.20061   39.75911    0.15588   40.04377
jla_mock     0.32640   41.53535    0.20549   41.24480
jla_mock     0.21163   40.23380    0.13899   40.17351
jla_mock     0.17969   39.88551    0.15636   39.77821
jla_mock     0.30240   40.96406    0.19662   41.05329
jla_mock     0.10924   38.37148    0.14870   38.60268
jla_mock     0.08522   38.35558    0.15002   38.02892
jla_mock     0.20231   40.20578    0.16132   40.06421
jla_mock     0.12649   39.08763    0.15585   38.94515
jla_mock     0.21457   40.10043    0.16813   40.20706
jla_mock     0.32045   41.09697    0.19169   41.19856
jla_mock     0.21835   40.30834    0.17273   40.24959
jla_mock     0.19010   40.08472    0.15982   39.91374
jla_mock     0.09243   38.51872    0.15614   38.21577
jla_mock     0.37986   41.63981    0.18489   41.62856
jla_mock     0.21134   40.64210    0.16608   40.17017
jla_mock     0.25833   40.80699    0.18012   40.66198
jla_mock     0.18327   39.91265    0.16856   39.82563
jla_mock     0.21295   40.60044    0.17785   40.18862
jla_mock     0.11651   38.78586    0.15544   38.75281
jla_mock     0.14401   39.66029    0.17186   39.25071
jla_mock     0.25249   40.53141    0.18600   40.60557
jla_mock     0.25539   40.81171    0.21320   40.63373
jla_mock     0.21698   40.45472    0.18861   40.23425
jla_mock     1.26590   44.88080    0.22380   44.79699
jla_mock     0.93577   44.14036    0.22959   43.98915
jla_mock     0.04952   36.68870    0.20229   36.79644
jla_mock     0.03033   35.80999    0.18208   35.70157
jla_mock     0.07458   37.35915    0.21873   37.72360
jla_mock     0.02520   35.64414    0.22034   35.29123
jla_mock     0.01441   34.20024    0.20528   34.06048
jla_mock     0.02079   34.87793    0.19750   34.86681
jla_mock     0.03522   36.35909    0.20378   36.03412
jla_mock     0.04166   36.66731    0.21523   36.40883
jla_mock     0.04240   36.23952    0.20619   36.44838
jla_mock     0.01890   34.75172    0.18362   34.65682
jla_mock     0.07884   37.99854    0.21534   37.85056
jla_mock     0.06334   37.52261    0.20759   37.35224
jla_mock     0.02764   35.38075    0.23142   35.49574
jla_mock     0.04933   37.00828    0.21068   36.78762
jla_mock     0.07015   38.01957    0.22041   37.58415
jla_mock     0.02391   35.48438    0.18368   35.17514
jla_mock     0.05313   37.17507    0.22336   36.95466
jla_mock     0.02495   35.47147    0.18978   35.26944
jla_mock     0.01566   34.40558    0.20165   34.24356
jla_mock     0.04898   36.79820    0.15986   36.77203
jla_mock     0.02240   35.11757    0.18928   35.03106
jla_mock     0.03485   36.28090    0.23666   36.01099
jla_mock     0.01697   34.59658    0.20291   34.41905
jla_mock     0.03072   36.00260    0.18172   35.73037
jla_mock     0.03048   35.80619    0.18204   35.71303
jla_mock     0.01055   33.48344    0.21945   33.37697
jla_mock     0.01426   33.88258    0.17171   34.03675
jla_mock     0.02769   35.89062    0.18125   35.49983
jla_mock     0.05386   36.97970    0.15904   36.98558
jla_mock     0.01767   34.97160    0.19251   34.50873
jla_mock     0.01745   34.77258    0.17037   34.48092
jla_mock     0.01557   34.39190    0.20220   34.23076
jla_mock     0.01006   33.25763    0.23113   33.27290
jla_mock     0.05493   37.09938    0.18431   37.02998
jla_mock     0.03908   36.54087    0.16317   36.26630
jla_mock     0.07832   37.95122    0.18392   37.83534
jla_mock     0.03176   35.79930    0.15356   35.80452
jla_mock     0.01444   34.59457    0.22581   34.06489
jla_mock     0.01353   33.86599    0.22079   33.92255
jla_mock     0.02668   35.71319    0.19350   35.41745
jla_mock     0.02336   35.16637    0.17881   35.12382
jla_mock     0.03693   36.75105    0.19002   36.14013
jla_mock     0.02355   35.23607    0.17820   35.14190
jla_mock     0.01748   34.54763    0.19212   34.48507
jla_mock     0.04026   36.63505    0.17448   36.33252
jla_mock     0.03038   35.93564    0.20408   35.70566
jla_mock     0.01550   34.64573    0.20028   34.22101
jla_mock     0.01415   34.30277    0.18788   34.02052
jla_mock     0.01549   34.34384    0.18431   34.21860
jla_mock     0.01555   34.29617    0.19852   34.22808
jla_mock     0.03707   36.45686    0.15485   36.14862
jla_mock     0.01548   34.32968    0.20250   34.21789
jla_mock     0.01332   33.87896    0.18644   33.88842
jla_mock     0.01457   33.87030    0.20791   34.08532
jla_mock     0.01579   34.33840    0.19847   34.26130
jla_mock     0.02475   35.20372    0.17955   35.25120
jla_mock     0.02775   35.85304    0.17503   35.50463
jla_mock     0.01089   33.79409    0.25478   33.44601
jla_mock     0.01365   34.00794    0.18671   33.94176
jla_mock     0.03576   35.97224    0.16296   36.06783
jla_mock     0.02473   35.44096    0.17711   35.24932
jla_mock     0.03809   36.35543    0.17052   36.20863
jla_mock     0.02154   35.22951    0.17712   34.94487
jla_mock     0.01958   35.03510    0.17899   34.73456
jla_mock     0.03042   35.93004    0.17572   35.70822
jla_mock     0.03922   36.32028    0.17021   36.27406
jla_mock     0.03497   36.30999    0.15988   36.01845
jla_mock     0.02856   35.79873    0.17650   35.56863
jla_mock     0.02100   34.89349    0.18823   34.88845
jla_mock     0.03254   35.91391    0.18232   35.85802
jla_mock     0.01547   34.17315    0.19319   34.21604
jla_mock     0.01568   33.90299    0.20748   34.24552
jla_mock     0.02750   35.26684    0.15599   35.48465
jla_mock     0.04686   36.88063    0.17135   36.67229
jla_mock     0.03317   35.99571    0.18296   35.90099
jla_mock     0.01029   33.58815    0.23550   33.32258
jla_mock     0.08010   38.02404    0.17116   37.88694
jla_mock     0.01232   34.01742    0.20021   33.71613
jla_mock     0.02459   35.34186    0.20631   35.23686
jla_mock     0.01447   34.21124    0.20828   34.06899
jla_mock     0.01515   34.18368    0.18400   34.17085
jla_mock     0.02909   35.65018    0.17337   35.60902
jla_mock     0.03478   36.01473    0.17929   36.00632
jla_mock     0.04492   36.71322    0.14071   36.57766
jla_mock     0.03407   35.96445    0.16958   35.96061
jla_mock     0.07487   37.86708    0.14386   37.73249
jla_mock     0.01496   34.25040    0.19783   34.14256
jla_mock     0.02040   34.42289    0.17104   34.82442
jla_mock     0.04069   36.67775    0.17468   36.35626
jla_mock     0.02657   35.51523    0.18033   35.40830
jla_mock     0.02688   35.41231    0.15331   35.43431
jla_mock     0.02347   35.60612    0.17598   35.13429
jla_mock     0.06912   37.80037    0.19118   37.55045
jla_mock     0.06519   37.25090    0.15880   37.41747
jla_mock     0.02298   35.50697    0.17791   35.08760
jla_mock     0.01739   34.07826    0.19829   34.47296
jla_mock     0.03148   35.77827    0.15109   35.78492
jla_mock     0.01118   33.85369    0.19448   33.50474
jla_mock     0.02196   35.18249    0.17567   34.98697
jla_mock     0.03148   35.89120    0.15081   35.78485
jla_mock     0.02332   35.06369    0.20285   35.12013
jla_mock     0.02039   34.81844    0.18301   34.82377
jla_mock     0.02247   35.21469    0.18141   35.03765
jla_mock     0.03361   35.89280    0.18044   35.93037
jla_mock     0.03697   36.52477    0.17917   36.14224
jla_mock     0.02263   35.00458    0.18007   35.05361
jla_mock     0.01470   34.09508    0.18462   34.10407
jla_mock     0.03695   36.27915    0.14876   36.14109
jla_mock     0.06096   37.23863    0.12531   37.26526
jla_mock     0.05929   36.99625    0.12136   37.20241
jla_mock     0.06975   37.68505    0.15874   37.57107
jla_mock     0.02953   36.19145    0.17470   35.64232
jla_mock     0.03325   36.03421    0.17565   35.90649
jla_mock     0.02416   35.43625    0.18124   35.19813
jla_mock     0.01600   34.29157    0.19156   34.29005
jla_mock     0.06296   37.07757    0.16531   37.33846
jla_mock     0.02171   35.16178    0.19186   34.96170
jla_mock     0.03164   35.76788    0.18944   35.79569
jla_mock     0.01860   34.88339    0.17305   34.62124
jla_mock     0.02706   35.80435    0.17333   35.44934
jla_mock     0.02547   35.31807    0.18470   35.31480
jla_mock     0.02381   35.31623    0.19337   35.16597
jla_mock     0.02387   35.12713    0.18298   35.17126
jla_mock     0.02207   35.06157    0.16678   34.99820
