  jla_mock 0.503084 42.49692568 0.14571158 42.35104191
  jla_mock 0.580724 42.58483446 0.16122778 42.72544420
  jla_mock 0.494795 42.21203151 0.12070859 42.30792132
  jla_mock 0.345928 41.52655814 0.13253081 41.39127679
  jla_mock 0.677662 43.07975956 0.22871689 43.13159771
  jla_mock 0.610712 43.16901194 0.22548733 42.85755119
  jla_mock 0.866494 44.63858732 0.25803499 43.78399511
  jla_mock 0.330932 41.09194577 0.12801230 41.27949682
  jla_mock 0.798566 43.46825349 0.25919990 43.56669516
  jla_mock 0.449562 42.07233073 0.16139765 42.06004102
  jla_mock 0.371443 41.54853177 0.14921889 41.57158328
  jla_mock 0.291718 41.08861022 0.14231442 40.96351391
  jla_mock 0.355820 41.32033290 0.14101044 41.46259197
  jla_mock 0.461274 42.25497331 0.15587207 42.12637684
  jla_mock 0.283610 40.93107554 0.13055630 40.89332726
  jla_mock 0.632234 42.64442996 0.22182909 42.94863350
  jla_mock 0.466414 42.20292406 0.17243727 42.15499621
  jla_mock 0.268624 40.52420381 0.12820280 40.75859431
  jla_mock 0.946890 44.05350520 0.29224985 44.02068105
  jla_mock 0.924917 44.07726772 0.31213110 43.95800648
  jla_mock 0.693165 42.87404848 0.29243158 43.19137081
  jla_mock 0.625233 42.88520631 0.19088816 42.91933154
  jla_mock 0.896944 43.73009473 0.26745476 43.87607256
  jla_mock 0.608261 43.11454611 0.15987482 42.84698635
  jla_mock 0.789054 43.34650161 0.26932700 43.53484560
  jla_mock 0.578292 42.56058936 0.14637659 42.71444998
  jla_mock 0.590280 42.79031406 0.18966931 42.76822720
  jla_mock 0.719626 43.64079764 0.25305179 43.29050179
  jla_mock 0.210032 40.18744771 0.13132256 40.15508565
  jla_mock 0.766590 43.44807497 0.22576765 43.45813147
  jla_mock 0.858513 43.72698120 0.22289539 43.75933955
  jla_mock 0.367904 41.36421201 0.09931133 41.54726971
  jla_mock 0.558746 42.34952366 0.15678156 42.62447408
  jla_mock 0.848509 43.65738187 0.21739327 43.72811733
  jla_mock 0.996390 44.49072808 0.24266005 44.15678878
  jla_mock 0.776594 43.40386215 0.26449227 43.49255925
  jla_mock 0.582932 42.72677729 0.13306958 42.73538825
  jla_mock 0.583743 42.93336190 0.16752875 42.73903180
  jla_mock 0.796552 43.48032610 0.22887969 43.55998229
  jla_mock 0.588721 42.65617415 0.15579306 42.76129222
  jla_mock 0.913473 43.97084584 0.24294053 43.92478371
  jla_mock 0.768587 43.38223078 0.23905376 43.46503842
  jla_mock 0.948455 44.13933457 0.26528102 44.02509035
  jla_mock 0.513793 42.34702386 0.15287930 42.40577946
  jla_mock 0.733609 43.48923730 0.19294483 43.34148483
  jla_mock 0.637701 42.83429997 0.27010736 42.97130188
  jla_mock 0.765588 43.18319751 0.21113574 43.45465935
  jla_mock 0.434861 41.93208963 0.15772880 41.97446567
  jla_mock 0.983407 44.60888276 0.25879722 44.12174547
  jla_mock 0.583743 42.69085175 0.16232669 42.73903180
  jla_mock 0.700631 42.85807478 0.21687358 43.21970245
  jla_mock 0.662058 43.24852422 0.21294856 43.07010358
  jla_mock 0.838126 43.43994007 0.28077453 43.69533139
  jla_mock 0.621874 42.64563192 0.17546981 42.90516222
  jla_mock 0.370586 41.54384884 0.14291643 41.56571521
  jla_mock 0.416632 42.02240706 0.13815441 41.86454678
  jla_mock 0.358570 41.48844539 0.10704088 41.48209300
  jla_mock 0.451681 42.31814706 0.15278703 42.07216096
  jla_mock 0.522762 42.50253050 0.16112888 42.45080836
  jla_mock 0.733996 43.23366943 0.30408870 43.34288256
  jla_mock 0.701965 42.87979311 0.31176741 43.22473424
  jla_mock 0.742008 43.75360290 0.29013165 43.37166168
  jla_mock 0.746118 43.33112163 0.21822021 43.38630913
  jla_mock 0.349560 41.66819705 0.13472825 41.41767712
  jla_mock 0.591835 42.83390572 0.15357327 42.77512718
  jla_mock 0.514746 42.54365994 0.15561143 42.41059876
  jla_mock 0.620632 42.94381195 0.18447364 42.89990471
  jla_mock 0.643646 42.99621426 0.24392132 42.99574384
  jla_mock 1.002795 44.04872673 0.33216844 44.17391138
  jla_mock 0.470586 42.07271251 0.14420733 42.17801083
  jla_mock 0.610643 42.92093706 0.15877872 42.85725432
  jla_mock 0.263487 40.79505842 0.12804977 40.71081308
  jla_mock 0.358336 41.50909924 0.12918713 41.48043901
  jla_mock 0.742697 43.17318164 0.25908753 43.37412260
  jla_mock 0.451556 41.97604207 0.11538935 42.07144747
  jla_mock 0.910752 43.97853506 0.26164869 43.91682448
  jla_mock 0.552605 42.67778232 0.15821060 42.59559344
  jla_mock 0.337534 41.28128042 0.12813367 41.32927134
  jla_mock 0.750681 43.13703835 0.24281434 43.40248043
  jla_mock 0.983777 44.57310204 0.34665096 44.12275046
  jla_mock 0.822697 43.77978125 0.22175759 43.64587597
  jla_mock 0.813696 43.35991628 0.24256727 43.61660738
  jla_mock 0.950763 44.04112030 0.26472927 44.03158000
  jla_mock 0.817732 44.01630150 0.24643394 43.62976987
  jla_mock 0.340520 41.39481695 0.12574260 41.35148976
  jla_mock 0.960751 43.69677200 0.28766046 44.05948701
  jla_mock 0.810720 43.47533007 0.27275574 43.60686128
  jla_mock 0.756687 43.04742679 0.24755189 43.42362217
  jla_mock 0.611252 42.94775142 0.18572910 42.85987342
  jla_mock 0.877971 43.52272556 0.22378685 43.81906566
  jla_mock 0.548325 42.39631843 0.14258079 42.57528608
  jla_mock 0.809032 43.79366170 0.23222084 43.60131782
  jla_mock 1.028800 44.06067605 0.28337345 44.24233887
  jla_mock 0.627239 42.68675611 0.17555461 42.92775911
  jla_mock 0.422452 41.81982330 0.15606690 41.90011713
  jla_mock 0.933900 43.15635830 0.34999950 43.98380379
  jla_mock 0.701158 43.66042754 0.22740618 43.22169137
  jla_mock 0.697164 43.06175889 0.20952266 43.20658211
  jla_mock 0.685179 43.12813175 0.27044472 43.16074133
  jla_mock 0.767075 43.25858150 0.25233801 43.45981051
  jla_mock 0.931901 44.22273719 0.25136810 43.97808419
  jla_mock 0.863978 43.80616407 0.24510246 43.77624644
  jla_mock 0.749100 43.35451879 0.22590126 43.39688808
  jla_mock 0.514353 42.51786084 0.15357466 42.40861238
  jla_mock 0.468406 42.16131209 0.11440416 42.16600877
  jla_mock 0.470398 42.20765989 0.15654577 42.17697783
  jla_mock 0.958871 43.71715979 0.27681249 44.05425605
  jla_mock 0.927909 44.11634626 0.29724149 43.96662606
  jla_mock 0.840522 43.56752795 0.21913135 43.70293203
  jla_mock 0.630699 42.75648037 0.17083127 42.94223535
  jla_mock 0.562751 42.58957452 0.14440652 42.64314895
  jla_mock 0.615698 43.09555798 0.16969222 42.87891969
  jla_mock 0.828528 42.93673436 0.22446355 43.66467138
  jla_mock 0.564741 42.44937653 0.16042692 42.65238167
  jla_mock 0.578745 42.68794023 0.14758356 42.71650114
  jla_mock 0.557743 42.64505959 0.15831963 42.61977749
  jla_mock 0.864497 43.94854413 0.22870035 43.77784663
  jla_mock 0.735608 43.36195401 0.23468503 43.34869704
  jla_mock 0.858507 43.61932344 0.28336591 43.75932093
  jla_mock 0.261984 40.79357456 0.10443414 40.69667086
  jla_mock 0.585743 42.68024693 0.18660838 42.74799676
  jla_mock 0.761580 43.27281458 0.21598834 43.44072697
  jla_mock 0.488800 42.34317086 0.11155101 42.27631225
  jla_mock 0.858516 44.28698912 0.27431051 43.75934886
  jla_mock 0.688656 43.32615153 0.18053033 43.17411869
  jla_mock 0.558743 42.74770861 0.15491557 42.62446004
  jla_mock 0.324532 41.28828846 0.12601850 41.23036431
  jla_mock 0.480704 42.32208138 0.10839252 42.23304676
  jla_mock 0.185371 39.89607714 0.13095679 39.85305148
  jla_mock 0.922221 44.24418624 0.33854809 43.95021620
  jla_mock 0.681942 43.23178829 0.19640351 43.14822898
  jla_mock 0.475707 42.02300405 0.10811298 42.20600231
  jla_mock 0.922210 43.71692003 0.27644363 43.95018437
  jla_mock 0.893183 43.73685809 0.25783329 43.86486632
  jla_mock 0.428646 42.01845294 0.14143599 41.93747792
  jla_mock 0.631882 43.08575997 0.23474045 42.94716761
  jla_mock 0.699960 43.31468347 0.25834877 43.21716801
  jla_mock 0.736007 43.03399949 0.26468680 43.35013433
  jla_mock 0.575823 42.45993973 0.15953941 42.70324385
  jla_mock 0.418633 41.59403502 0.10651651 41.87682801
  jla_mock 0.511746 42.32271799 0.12000546 42.39539947
  jla_mock 0.535771 42.40737837 0.12653138 42.51485102
  jla_mock 0.641893 43.11287020 0.21547239 42.98855901
  jla_mock 0.734996 43.62545163 0.22720400 43.34649100
  jla_mock 0.351560 41.51456236 0.13079492 41.43210698
  jla_mock 0.609860 43.00295217 0.17401244 42.85388326
  jla_mock 0.349557 41.18647484 0.13436921 41.41765542
  jla_mock 0.701969 43.55527717 0.18819535 43.22474932
  jla_mock 0.355261 41.32535603 0.10427939 41.45861096
  jla_mock 0.983280 44.17153196 0.25756994 44.12140043
  jla_mock 0.872152 44.12753660 0.26597542 43.80134063
  jla_mock 0.759030 43.58818981 0.20819082 43.43182601
  jla_mock 0.926220 43.75012818 0.24599386 43.96176361
  jla_mock 0.643642 42.71739344 0.22846121 42.99572746
  jla_mock 0.419569 42.07365995 0.13772753 41.88255410
  jla_mock 0.515587 42.29665705 0.20313602 42.41484477
  jla_mock 0.890729 43.66715664 0.21057911 43.85752952
  jla_mock 0.805696 43.61677150 0.22987004 43.59032927
  jla_mock 0.480568 42.20201211 0.10874993 42.23231419
  jla_mock 0.800697 43.63154729 0.24546005 43.57378020
  jla_mock 0.580604 42.74400082 0.18881444 42.72490274
  jla_mock 0.715652 43.47246053 0.24396561 43.27583891
  jla_mock 0.805695 43.60287148 0.23276535 43.59032597
  jla_mock 0.766684 43.28337680 0.25283777 43.45845698
  jla_mock 0.664638 43.13831834 0.19578546 43.08036579
  jla_mock 0.901736 44.08125174 0.25190507 43.89028441
  jla_mock 0.745665 43.37624418 0.21142864 43.38469852
  jla_mock 0.718680 43.24194453 0.20380008 43.28701838
  jla_mock 0.736690 43.49223488 0.19636251 43.35259294
  jla_mock 0.579600 42.69858511 0.12084594 42.72036839
  jla_mock 0.370531 41.36792659 0.10256736 41.56533819
  jla_mock 0.960740 44.04667059 0.23956115 44.05945643
  jla_mock 0.850729 43.72994103 0.21179952 43.73507669
  jla_mock 0.648640 42.99184418 0.19254569 43.01611076
  jla_mock 0.219462 40.05173637 0.13036783 40.26196681
  jla_mock 0.936755 44.02219922 0.24129989 43.99195180
  jla_mock 0.647639 43.21310376 0.17876349 43.01204038
  jla_mock 0.461564 42.04397564 0.13341110 42.12799943
  jla_mock 0.600603 43.01301994 0.17945434 42.81371586
  jla_mock 0.670654 43.08532528 0.23100742 43.10414845
  jla_mock 0.760698 43.09687767 0.20946016 43.43765154
  jla_mock 0.246492 40.50537708 0.13212126 40.54637902
  jla_mock 0.470573 42.13454985 0.14759396 42.17793941
  jla_mock 0.169455 39.44984739 0.11209573 39.63766354
  jla_mock 0.497379 42.35329493 0.12912927 42.32143557
  jla_mock 0.638234 43.00667064 0.19688575 42.97350203
  jla_mock 0.507371 42.38775988 0.14542671 42.37308383
  jla_mock 0.535327 42.75685543 0.14229510 42.51268936
  jla_mock 0.587285 42.62675687 0.16639385 42.75488905
  jla_mock 0.773081 43.18208297 0.25620999 43.48051857
  jla_mock 0.699166 43.14791184 0.22210270 43.21416597
  jla_mock 0.370511 41.57677114 0.12736057 41.56520108
  jla_mock 0.761089 43.62870666 0.22808946 43.43901534
  jla_mock 0.699169 43.50724206 0.21959570 43.21417732
  jla_mock 0.788060 43.29037744 0.19242158 43.53149594
  jla_mock 0.373513 41.62176953 0.13202741 41.58570563
  jla_mock 0.405478 41.69703127 0.13198879 41.79507130
  jla_mock 0.852994 43.58318504 0.25729076 43.74215894
  jla_mock 0.808048 44.01303363 0.24185374 43.59808117
  jla_mock 0.603272 43.11157940 0.18397635 42.82535672
  jla_mock 0.583290 43.05628315 0.17902789 42.73699721
  jla_mock 0.534335 42.45081401 0.14774220 42.50785365
  jla_mock 0.720140 43.14406290 0.24070231 43.29239263
  jla_mock 0.400485 42.03205204 0.21060605 41.76339635
  jla_mock 0.837004 43.94859679 0.21502566 43.69176490
  jla_mock 0.371508 41.43000206 0.10193219 41.57202784
  jla_mock 0.806041 43.91102829 0.25907683 43.59146772
  jla_mock 0.840005 43.78202862 0.23506835 43.70129378
  jla_mock 0.500728 42.12251082 0.12981336 42.33885355
  jla_mock 0.532765 42.75274972 0.17422186 42.50018312
  jla_mock 0.533766 42.55913360 0.18215335 42.50507613
  jla_mock 0.932229 43.29646579 0.34152943 43.97902349
  jla_mock 0.822103 43.53606863 0.25790730 43.64395405
  jla_mock 0.553797 42.43525447 0.13544877 42.60122283
  jla_mock 0.125298 38.78558566 0.13709229 38.92293877
  jla_mock 0.842123 43.61308984 0.28302626 43.70799902
  jla_mock 0.443668 41.99294680 0.15186631 42.02604821
  jla_mock 0.727675 43.56822696 0.24978201 43.31996388
  jla_mock 0.683659 43.54446940 0.41253064 43.15487294
  jla_mock 0.442548 42.02612253 0.13367762 42.01954139
  jla_mock 0.726679 43.38486050 0.20021505 43.31633517
  jla_mock 0.282510 40.93214216 0.12747632 40.88366322
  jla_mock 0.404549 41.69805496 0.12965359 41.78920526
  jla_mock 0.519611 42.52269526 0.13964385 42.43507170
  jla_mock 0.690652 42.92273438 0.23214813 43.18176896
  jla_mock 1.060801 43.99010464 0.27869308 44.32423223
  jla_mock 0.576612 42.47675589 0.15376326 42.70682983
  jla_mock 0.268489 40.80523593 0.12614174 40.75734943
  jla_mock 0.720680 43.25923457 0.25106936 43.29437771
  jla_mock 0.250498 40.62268595 0.13111277 40.58605882
  jla_mock 0.760691 43.69164567 0.27664014 43.43762712
  jla_mock 0.698167 43.38642033 0.26129048 43.21038422
  jla_mock 0.550315 42.58434310 0.16854352 42.58474650
  jla_mock 0.730128 43.28799280 0.23524622 43.32888057
  jla_mock 0.847985 43.87345347 0.24702775 43.72647209
  jla_mock 0.997826 44.09393429 0.24705649 44.16063709
  jla_mock 0.435446 41.75057651 0.13052406 41.97792194
  jla_mock 0.409470 41.81232427 0.12922369 41.82013748
  jla_mock 0.301590 41.05460248 0.12598595 41.04658579
  jla_mock 1.299106 44.60849623 0.19340708 44.86622170
  jla_mock 1.020807 44.26207618 0.23668119 44.22149044
  jla_mock 0.839734 43.58678270 0.19264717 43.70043465
  jla_mock 1.120850 44.01860237 0.20807086 44.47149026
  jla_mock 1.230892 44.69934286 0.23900250 44.72198803
  jla_mock 0.974230 44.07588167 0.18427047 44.09669905
  jla_mock 0.970782 43.89856351 0.33863365 44.08722847
  jla_mock 0.064229 37.49500369 0.15072784 37.38367208
  jla_mock 0.129030 39.07671011 0.16416611 38.99181609
  jla_mock 0.102890 38.35752900 0.14983539 38.46361443
  jla_mock 0.044130 36.62240089 0.17359564 36.53790737
  jla_mock 0.113040 38.55875579 0.15276523 38.68228835
  jla_mock 0.256110 40.56063970 0.20496122 40.64067411
  jla_mock 0.380260 41.68587692 0.28702753 41.63124000
  jla_mock 0.145470 39.13037822 0.16218924 39.27457233
  jla_mock 0.088890 38.33203786 0.14636771 38.12583382
  jla_mock 0.260590 40.60088989 0.18294429 40.68348731
  jla_mock 0.078910 37.64448803 0.15602647 37.85259413
  jla_mock 0.083040 37.97457340 0.15331705 37.96945274
  jla_mock 0.165650 39.65592592 0.13854363 39.58339248
  jla_mock 0.168170 39.47005303 0.16196037 39.61946333
  jla_mock 0.170630 39.74354542 0.16520984 39.65419380
  jla_mock 0.170280 39.68448275 0.17035518 39.64928098
  jla_mock 0.120440 38.90050461 0.15109792 38.83033422
  jla_mock 0.276530 40.89877704 0.21443501 40.83051212
  jla_mock 0.231600 40.40147747 0.18253328 40.39346548
  jla_mock 0.305690 41.08055173 0.26735001 41.08035322
  jla_mock 0.079970 38.04246288 0.16566195 37.88313388
  jla_mock 0.174150 39.65804182 0.15831009 39.70308864
  jla_mock 0.138680 39.01725818 0.16604939 39.16160914
  jla_mock 0.146070 39.41434626 0.16391832 39.28431597
  jla_mock 0.081330 37.87947177 0.14393418 37.92175604
  jla_mock 0.233800 40.24299126 0.17178002 40.41661639
  jla_mock 0.256550 40.65290898 0.17733386 40.64490939
  jla_mock 0.245620 40.49091567 0.20041043 40.53766308
  jla_mock 0.125930 39.09113743 0.19132506 38.93473721
  jla_mock 0.223510 40.36973509 0.21582750 40.30655156
  jla_mock 0.102640 38.24378430 0.14663754 38.45797501
  jla_mock 0.119670 38.89005253 0.14566661 38.81533475
  jla_mock 0.180550 40.02320893 0.16851019 39.78968278
  jla_mock 0.197090 40.08300688 0.17389574 40.00093917
  jla_mock 0.229160 40.44512533 0.19939442 40.36755056
  jla_mock 0.264510 41.12362707 0.19876199 40.72039640
  jla_mock 0.103370 38.65408769 0.12264053 38.47440587
  jla_mock 0.364410 41.36749464 0.23042794 41.52305266
  jla_mock 0.205600 40.11942771 0.15584351 40.10331215
  jla_mock 0.179810 39.57816277 0.19620482 39.77981734
  jla_mock 0.199590 40.11391789 0.18224440 40.03143112
  jla_mock 0.156530 39.38479617 0.15012954 39.44843626
  jla_mock 0.161800 39.61292276 0.14760764 39.52728616
  jla_mock 0.209530 40.41497708 0.20608020 40.14927240
  jla_mock 0.241790 40.69611691 0.19813238 40.49904000
  jla_mock 0.236460 40.29475563 0.16266354 40.44434112
  jla_mock 0.226680 40.46050267 0.21050732 40.34094863
  jla_mock 0.296780 41.04092693 0.19716042 41.00642792
  jla_mock 0.208520 40.39646863 0.16317028 40.13753731
  jla_mock 0.251040 40.92492758 0.22085837 40.59138241
  jla_mock 0.250120 40.74517943 0.17967388 40.58233978
  jla_mock 0.117710 38.75540817 0.14551100 38.77674059
  jla_mock 0.219710 40.29374343 0.16999397 40.26472003
  jla_mock 0.149010 39.30381663 0.14890457 39.33152597
  jla_mock 0.287420 40.81036123 0.18840122 40.92653533
  jla_mock 0.143600 39.29287377 0.16639625 39.24396193
  jla_mock 0.328370 41.49279294 0.19601268 41.25993440
  jla_mock 0.246250 40.31927967 0.16506508 40.54396300
  jla_mock 0.119660 38.85561113 0.15026680 38.81513935
  jla_mock 0.328380 41.55663906 0.27642285 41.26001103
  jla_mock 0.215130 39.84678088 0.18366862 40.21340500
  jla_mock 0.144780 39.33058912 0.13616902 39.26332062
  jla_mock 0.132430 39.36797272 0.12839376 39.05295780
  jla_mock 0.210820 40.32047501 0.16235031 40.16418499
  jla_mock 0.203990 39.98256196 0.15780808 40.08424872
  jla_mock 0.279520 40.80023685 0.16701092 40.85721851
  jla_mock 0.044280 36.59444474 0.15509722 36.54550888
  jla_mock 0.180370 39.62270505 0.15078404 39.78728654
  jla_mock 0.260700 40.67232868 0.18972170 40.68452998
  jla_mock 0.056540 37.08901708 0.18696980 37.09512776
  jla_mock 0.212600 40.47011373 0.19194689 40.18462419
  jla_mock 0.369410 41.45429337 0.23700047 41.55764247
  jla_mock 0.173860 39.63362635 0.13051969 39.69909525
  jla_mock 0.142650 39.20108076 0.16862649 39.22826819
  jla_mock 0.177890 39.88108602 0.17323466 39.75404371
  jla_mock 0.328370 41.02820689 0.20656404 41.25993440
  jla_mock 0.253510 40.49511178 0.19560920 40.61550974
  jla_mock 0.300010 41.17303627 0.19320267 41.03346007
  jla_mock 0.105890 38.39224921 0.14607715 38.53029502
  jla_mock 0.223280 40.35476575 0.16843887 40.30403838
  jla_mock 0.118450 38.95679991 0.12252294 38.79138243
  jla_mock 0.176530 39.67375353 0.17118858 39.73563069
  jla_mock 0.182800 39.58720277 0.18906536 39.81945031
  jla_mock 0.297620 41.39770995 0.22708191 41.01348391
  jla_mock 0.196990 40.09476847 0.16336648 39.99971206
  jla_mock 0.152950 39.31290325 0.14755004 39.39344849
  jla_mock 0.248500 40.35150163 0.17447627 40.56634213
  jla_mock 0.138180 39.26286490 0.12408786 39.15308754
  jla_mock 0.207040 40.37417900 0.17044837 40.12024608
  jla_mock 0.214680 40.29199403 0.18059604 40.20830882
  jla_mock 0.306320 40.78601419 0.21502986 41.08550488
  jla_mock 0.246950 40.51787325 0.17120148 40.55094551
  jla_mock 0.198010 39.86916682 0.14489973 40.01220161
  jla_mock 0.222560 40.28100635 0.15195110 40.29615558
  jla_mock 0.135080 39.14356607 0.15130600 39.09960029
  jla_mock 0.210540 40.49313557 0.18260591 40.16095532
  jla_mock 0.272580 40.88367430 0.16910743 40.79482057
  jla_mock 0.246600 40.64302594 0.16168519 40.54745654
  jla_mock 0.220680 40.57327085 0.19428942 40.27546119
  jla_mock 0.274470 41.03055035 0.19147108 40.81195729
  jla_mock 0.176560 39.76458089 0.15540451 39.73603828
  jla_mock 0.310880 41.24559892 0.22015615 41.12250493
  jla_mock 0.184350 39.82941090 0.17307932 39.83975978
  jla_mock 0.159350 39.51825968 0.14827050 39.49093145
  jla_mock 0.219760 40.19575397 0.16604587 40.26527477
  jla_mock 0.252050 40.87933405 0.18410044 40.60127456
  jla_mock 0.181220 39.94341223 0.14940352 39.79858271
  jla_mock 0.173730 39.52200827 0.13336424 39.69730310
  jla_mock 0.380470 41.61019394 0.24246083 41.63264525
  jla_mock 0.178650 39.68825760 0.17172186 39.76427650
  jla_mock 0.245680 40.35857501 0.18910008 40.53826371
  jla_mock 0.209100 40.33959046 0.16102286 40.14428268
  jla_mock 0.249470 40.64314268 0.20970726 40.57593247
  jla_mock 0.133920 38.90299008 0.16606211 39.07928968
  jla_mock 0.177060 39.73131070 0.16039966 39.74282196
  jla_mock 0.281110 40.87737915 0.18775324 40.87131332
  jla_mock 0.173830 39.43631962 0.15186906 39.69868179
  jla_mock 0.196540 40.05831463 0.16513423 39.99418292
  jla_mock 0.363970 41.87642893 0.22724835 41.51998782
  jla_mock 0.378350 41.69313100 0.26733097 41.61842592
  jla_mock 0.316460 41.33747627 0.21038880 41.16710744
  jla_mock 0.183220 39.76602707 0.13519430 39.82496925
  jla_mock 0.241020 40.51986974 0.16773658 40.49120702
  jla_mock 0.202030 40.23023728 0.19953174 40.06085237
  jla_mock 0.168690 39.60572451 0.16511959 39.62684391
  jla_mock 0.197940 39.99406816 0.17492454 40.01134639
  jla_mock 0.122760 38.86046984 0.14574653 38.87498830
  jla_mock 0.203180 40.07769265 0.16105255 40.07460514
  jla_mock 0.127390 38.84468429 0.14895509 38.96178192
  jla_mock 0.275490 40.99842155 0.19972760 40.82116060
  jla_mock 0.144680 39.13319496 0.14721731 39.26168579
  jla_mock 0.334360 41.33161228 0.24977783 41.30545460
  jla_mock 0.195800 40.13504576 0.15392559 39.98506502
  jla_mock 0.193920 39.84962362 0.16374737 39.96175638
  jla_mock 0.249730 40.39703089 0.18580683 40.57849724
  jla_mock 0.148600 39.49114122 0.14879989 39.32499474
  jla_mock 0.155960 39.64046296 0.14872192 39.43976020
  jla_mock 0.095820 38.38408793 0.15034816 38.29888959
  jla_mock 0.150650 39.53615495 0.15872946 39.35748429
  jla_mock 0.309330 41.16553710 0.24715745 41.10998454
  jla_mock 0.248570 40.53098519 0.17340396 40.56703537
  jla_mock 0.365540 41.87466572 0.24311996 41.53090809
  jla_mock 0.117710 38.62259997 0.12847626 38.77674059
  jla_mock 0.191760 39.92380448 0.14428474 39.93471648
  jla_mock 0.182550 40.00182597 0.16171197 39.81615965
  jla_mock 0.234720 40.57210962 0.18444964 40.42623815
  jla_mock 0.246470 40.78050294 0.19927669 40.54615947
  jla_mock 0.288450 40.78654967 0.18873457 40.93544325
  jla_mock 0.209600 40.35697530 0.19927022 40.15008378
  jla_mock 0.191980 39.88311223 0.17965405 39.93748342
  jla_mock 0.114020 38.72035094 0.12215388 38.70241012
  jla_mock 0.113890 38.86428912 0.18397194 38.69975030
  jla_mock 0.198800 40.42441322 0.20967258 40.02183405
  jla_mock 0.220580 40.33993283 0.22796022 40.27435587
  jla_mock 0.182570 39.77503576 0.16453718 39.81642306
  jla_mock 0.158950 39.35720273 0.16372575 39.48494661
  jla_mock 0.078490 38.00617054 0.14911597 37.84038499
  jla_mock 0.138640 38.99191018 0.13217046 39.16092847
  jla_mock 0.180790 39.86999586 0.15445548 39.79287433
  jla_mock 0.177570 39.85666941 0.18629282 39.74972302
  jla_mock 0.170660 39.98040233 0.16102003 39.65461446
  jla_mock 0.233810 40.31595215 0.20858516 40.41672116
  jla_mock 0.071530 37.99950175 0.17410666 37.62841570
  jla_mock 0.154630 39.28846636 0.18791656 39.41940058
  jla_mock 0.090100 38.24057829 0.15950858 38.15695339
  jla_mock 0.176580 39.77105660 0.20448697 39.73630997
  jla_mock 0.130450 38.78466385 0.16440638 39.01753336
  jla_mock 0.182040 39.57535903 0.17166998 39.80943370
  jla_mock 0.256170 40.69356967 0.17261330 40.64125204
  jla_mock 0.138110 39.13490467 0.14854031 39.15189221
  jla_mock 0.170700 39.52686276 0.16749506 39.65517524
  jla_mock 0.216740 40.24927932 0.14793120 40.23155770
  jla_mock 0.245550 40.31141462 0.17887642 40.53696217
  jla_mock 0.143820 39.33382632 0.16709807 39.24758242
  jla_mock 0.248620 40.58496994 0.18856198 40.56753043
  jla_mock 0.145330 39.15823118 0.17138622 39.27229342
  jla_mock 0.135880 39.12504965 0.12760365 39.11351263
  jla_mock 0.058740 37.10353030 0.12754402 37.18137021
  jla_mock 0.036520 36.18689072 0.15191506 36.11499823
  jla_mock 0.277490 40.99994787 0.22703402 40.83911561
  jla_mock 0.205150 39.84724189 0.29701418 40.09799780
  jla_mock 0.280510 40.81125908 0.20078942 40.86600318
  jla_mock 0.198670 40.04137500 0.16215673 40.02025140
  jla_mock 0.159990 39.17209238 0.15164286 39.50047815
  jla_mock 0.210750 40.26946213 0.18113105 40.16337794
  jla_mock 0.071950 37.60797313 0.17245857 37.64175542
  jla_mock 0.237820 40.48120946 0.19074175 40.45840525
  jla_mock 0.141390 39.21357225 0.17359013 39.20730191
  jla_mock 0.155060 39.43738830 0.15760876 39.42600081
  jla_mock 0.370130 41.96118948 0.22886799 41.56258778
  jla_mock 0.093910 38.42270111 0.17056414 38.25241093
  jla_mock 0.118630 38.83118986 0.17057943 38.79493094
  jla_mock 0.153630 39.48997041 0.15381057 39.40398478
  jla_mock 0.253560 40.76302063 0.16809525 40.61599591
  jla_mock 0.107250 38.51655324 0.14420228 38.55993725
  jla_mock 0.129610 38.96461860 0.15302154 39.00235225
  jla_mock 0.266650 40.77638887 0.19376454 40.74033372
  jla_mock 0.212260 40.30650108 0.16262819 40.18073232
  jla_mock 0.278220 40.80847203 0.18167466 40.84563951
  jla_mock 0.245400 40.72538395 0.16811689 40.53545960
  jla_mock 0.133620 39.18033185 0.15059378 39.07401011
  jla_mock 0.176560 39.50721014 0.16208219 39.73603828
  jla_mock 0.113680 38.62017834 0.14584429 38.69544762
  jla_mock 0.320380 41.18569374 0.26368273 41.19801010
  jla_mock 0.112710 38.83461850 0.12253270 38.67547563
  jla_mock 0.106020 38.58963951 0.14472955 38.53314397
  jla_mock 0.391350 41.56976599 0.26610488 41.70448789
  jla_mock 0.155750 39.51346065 0.14611530 39.43655631
  jla_mock 0.186670 39.78394301 0.16762102 39.86986452
  jla_mock 0.196710 39.78815148 0.16669908 39.99627308
  jla_mock 0.191910 40.10618365 0.17339098 39.93660335
  jla_mock 0.190840 40.02760378 0.15087610 39.92311374
  jla_mock 0.176250 39.92450727 0.15361286 39.73182344
  jla_mock 0.128370 38.98041345 0.15035584 38.97977249
  jla_mock 0.122620 38.73880105 0.14734428 38.87231625
  jla_mock 0.127150 38.96633380 0.14706216 38.95735627
  jla_mock 0.213230 40.24414228 0.17620944 40.19182042
  jla_mock 0.218610 40.23433575 0.18110338 40.25248623
  jla_mock 0.268560 40.80283271 0.19152223 40.75800422
  jla_mock 0.204660 40.13269105 0.16518790 40.09219879
  jla_mock 0.267100 40.94035671 0.17377576 40.74450740
  jla_mock 0.217570 40.03137029 0.17264916 40.24086733
  jla_mock 0.241850 40.47649416 0.17151433 40.49964940
  jla_mock 0.293500 41.30061484 0.20071643 40.97869876
  jla_mock 0.353460 41.20579558 0.23113786 41.44574541
  jla_mock 0.185630 39.89470456 0.15494760 39.85641243
  jla_mock 0.285430 41.32240795 0.19928385 40.90924132
  jla_mock 0.194940 40.10505570 0.16836015 39.97442839
  jla_mock 0.075920 37.92165179 0.14499851 37.76428887
  jla_mock 0.163570 39.78703586 0.15777754 39.55323307
  jla_mock 0.257210 40.64105704 0.20821329 40.65124979
  jla_mock 0.219550 40.03260024 0.18725136 40.26294408
  jla_mock 0.175580 39.92322510 0.15163366 39.72269036
  jla_mock 0.226670 40.87586642 0.18608202 40.34084082
  jla_mock 0.153220 39.42872706 0.15082218 39.39763723
  jla_mock 0.210250 40.32694505 0.19550076 40.15760614
  jla_mock 0.121640 38.85266894 0.12361443 38.85353115
  jla_mock 0.291350 41.42716704 0.19904915 40.96036745
  jla_mock 0.294480 40.86472408 0.27859702 40.98701345
  jla_mock 0.164550 39.52354688 0.12599124 39.56748698
  jla_mock 0.307020 41.20930058 0.20906564 41.09121752
  jla_mock 0.198630 40.01474804 0.16157737 40.01976424
  jla_mock 0.268210 40.79891036 0.21539519 40.75477485
  jla_mock 0.401280 41.86298107 0.24823001 41.76846410
  jla_mock 0.136680 39.35165724 0.15334431 39.12734848
  jla_mock 0.295420 40.70178187 0.24720467 40.99496487
  jla_mock 0.291920 41.25789476 0.19219946 40.96523948
  jla_mock 0.090070 38.14881956 0.12096556 38.15618664
  jla_mock 0.205570 40.03478126 0.18292629 40.10295819
  jla_mock 0.145820 39.48088206 0.14934529 39.28026067
  jla_mock 0.117670 38.91413053 0.14486540 38.77594667
  jla_mock 0.054990 37.05385110 0.14997934 37.03239938
  jla_mock 0.174200 39.65098301 0.15142908 39.70377654
  jla_mock 0.244950 40.34849938 0.18020903 40.53094681
  jla_mock 0.224520 39.97698464 0.18249954 40.31755948
  jla_mock 0.245580 40.61773150 0.16228277 40.53726258
  jla_mock 0.283510 40.99769331 0.21250233 40.89245014
  jla_mock 0.180560 39.76696377 0.17619167 39.78981584
  jla_mock 0.103910 38.51151379 0.12352191 38.48648974
  jla_mock 0.129610 38.81837215 0.15326847 39.00235225
  jla_mock 0.243520 40.60448878 0.16045597 40.51655525
  jla_mock 0.331360 41.33812676 0.26935111 41.28275125
  jla_mock 0.243480 40.38566463 0.19048000 40.51615157
  jla_mock 0.314680 41.20194645 0.17577640 41.15295859
  jla_mock 0.218650 39.94914945 0.18935500 40.25293209
  jla_mock 0.260140 40.56816800 0.21925656 40.67921764
  jla_mock 0.282430 40.74597303 0.19830733 40.88295904
  jla_mock 0.300410 41.11172603 0.20581539 41.03678905
  jla_mock 0.151860 39.34810553 0.14864409 39.37646794
  jla_mock 0.263570 40.89823864 0.18936772 40.71159189
  jla_mock 0.213820 40.53726872 0.20621233 40.19854195
  jla_mock 0.162840 39.62243558 0.16761662 39.54256362
  jla_mock 0.124400 39.21904651 0.17140549 38.90607803
  jla_mock 0.194650 40.11531519 0.13938689 39.97083181
  jla_mock 0.205540 40.18948317 0.18299408 40.10260419
  jla_mock 0.106670 38.70364260 0.14588621 38.54733939
  jla_mock 0.187720 39.85497572 0.18724598 39.88337565
  jla_mock 0.163870 39.52283363 0.15682059 39.55760493
  jla_mock 0.290210 40.72154998 0.19470283 40.95059702
  jla_mock 0.094010 38.26876659 0.12497638 38.25486653
  jla_mock 0.227860 40.26832822 0.18009820 40.35363931
  jla_mock 0.107510 38.64889596 0.14764565 38.56556368
  jla_mock 0.310650 41.35952224 0.22259423 41.12065070
  jla_mock 0.145640 39.00778359 0.15575872 39.27733684
  jla_mock 0.087840 37.97994934 0.12609586 38.09850103
  jla_mock 0.148390 39.30157957 0.15572534 39.32164294
  jla_mock 0.286620 41.01063858 0.19365541 40.91959626
  jla_mock 0.122810 38.81608087 0.13329108 38.87594191
  jla_mock 0.186550 39.95531140 0.20280242 39.86831590
  jla_mock 0.128930 39.13143584 0.15503539 38.98999503
  jla_mock 0.194220 40.03325215 0.16863568 39.96548983
  jla_mock 0.148000 39.27079545 0.14676099 39.31540643
  jla_mock 0.211790 40.22758141 0.22866165 40.17534289
  jla_mock 0.179620 39.82805232 0.17351314 39.77727823
  jla_mock 0.263490 40.92405915 0.18130204 40.71084123
  jla_mock 0.192150 40.05167428 0.15956887 39.93961949
  jla_mock 0.338800 41.33692823 0.22987627 41.33871350
  jla_mock 0.117410 38.78953505 0.14766783 38.77078001
  jla_mock 0.143100 39.48473985 0.16841647 39.23571421
  jla_mock 0.160350 39.28992642 0.13218212 39.50583255
  jla_mock 0.288720 41.10295950 0.21129560 40.93777350
  jla_mock 0.123030 38.94266003 0.15464992 38.88013347
  jla_mock 0.264050 40.91656725 0.18533646 40.71609141
  jla_mock 0.126080 38.97609777 0.17182656 38.93752932
  jla_mock 0.173740 39.77230376 0.14981160 39.69744100
  jla_mock 0.164400 39.78840026 0.14972618 39.56531039
  jla_mock 0.249610 40.41755760 0.16242204 40.57731380
  jla_mock 0.159990 39.31205345 0.15136580 39.50047815
  jla_mock 0.244480 40.60267808 0.15150476 40.52622528
  jla_mock 0.248510 40.63271269 0.17707716 40.56644117
  jla_mock 0.228930 40.43157216 0.16847625 40.36509465
  jla_mock 0.085280 38.03681316 0.14384543 38.03053562
  jla_mock 0.062818 37.29233105 0.14854713 37.33330552
  jla_mock 0.277450 40.57102524 0.23370164 40.83875768
  jla_mock 0.275440 41.01852111 0.21508178 40.82071019
  jla_mock 0.330510 41.26534894 0.21087893 41.27628421
  jla_mock 0.361930 41.66310743 0.24565378 41.50573334
  jla_mock 0.331030 41.17838873 0.21800830 41.28024234
  jla_mock 0.160500 39.39792695 0.12714994 39.50806025
  jla_mock 0.300210 41.26409354 0.20430208 41.03512507
  jla_mock 0.116350 38.68459556 0.12231010 38.74960383
  jla_mock 0.218290 40.26953977 0.16062208 40.24891663
  jla_mock 0.119670 38.75510446 0.12046332 38.81533475
  jla_mock 0.154730 39.27756984 0.12395445 39.42093704
  jla_mock 0.178100 39.82731069 0.16562813 39.75687524
  jla_mock 0.250370 40.44101270 0.16560962 40.58480004
  jla_mock 0.251740 40.25731004 0.14466362 40.59824225
  jla_mock 0.129530 39.09226628 0.14518911 39.00090162
  jla_mock 0.309290 41.14701922 0.18810950 41.10966066
  jla_mock 0.278520 40.66160483 0.17881943 40.84831601
  jla_mock 0.185810 39.96805849 0.13605911 39.85874567
  jla_mock 0.066510 37.63624317 0.17228058 37.46288716
  jla_mock 0.258000 40.73088154 0.18756945 40.65881939
  jla_mock 0.298880 41.00923957 0.21609463 41.02403360
  jla_mock 0.270440 40.94098634 0.22437165 40.77528452
  jla_mock 0.279160 40.82512501 0.17183675 40.85401700
  jla_mock 0.292870 40.98294403 0.21554431 40.97334010
  jla_mock 0.189650 39.70459530 0.15711153 39.90802874
  jla_mock 0.265760 40.58158822 0.19291042 40.73205999
  jla_mock 0.123760 38.79424514 0.14509081 38.89399154
  jla_mock 0.182550 39.74896563 0.14971699 39.81615965
  jla_mock 0.056340 37.17492099 0.14895035 37.08712772
  jla_mock 0.312880 40.79883813 0.18264477 41.13857562
  jla_mock 0.309150 40.79276561 0.22328713 41.10852682
  jla_mock 0.200610 40.45586297 0.15587566 40.04377042
  jla_mock 0.326400 41.42154674 0.20549386 41.24479642
  jla_mock 0.211630 40.43583158 0.13899445 40.17350567
  jla_mock 0.179690 39.97127287 0.15636245 39.77821398
  jla_mock 0.302400 40.92693782 0.19662226 41.05329027
  jla_mock 0.109240 38.77656820 0.14870399 38.60267717
  jla_mock 0.085220 38.05333990 0.15002378 38.02891950
  jla_mock 0.202310 40.26130007 0.16131988 40.06420752
  jla_mock 0.126490 38.87119959 0.15584855 38.94514516
  jla_mock 0.214570 40.11240938 0.16812914 40.20706159
  jla_mock 0.320450 41.55215444 0.19168742 41.19855877
  jla_mock 0.218350 40.39333162 0.17273249 40.24958630
  jla_mock 0.190100 39.80428866 0.15982384 39.91374343
  jla_mock 0.092430 38.33158652 0.15614025 38.21577494
  jla_mock 0.379860 41.61802927 0.18489314 41.62856135
  jla_mock 0.211340 40.04140893 0.16607978 40.17017243
  jla_mock 0.258330 40.92140383 0.18011571 40.66197505
  jla_mock 0.183270 39.83725090 0.16855779 39.82562548
  jla_mock 0.212950 40.14695405 0.17784935 40.18862452
  jla_mock 0.116510 38.79710194 0.15544019 38.75281185
  jla_mock 0.144010 39.34675950 0.17185674 39.25070505
  jla_mock 0.252490 40.53628817 0.18599877 40.60557260
  jla_mock 0.255390 40.63890954 0.21319916 40.63372916
  jla_mock 0.216980 40.22744943 0.18860575 40.23425302
  jla_mock 1.265901 44.73085256 0.22380442 44.79698974
  jla_mock 0.935774 43.60732271 0.22958872 43.98915483
  jla_mock 0.049519 36.80734659 0.20228994 36.79643881
  jla_mock 0.030325 35.70385566 0.18207848 35.70156680
  jla_mock 0.074579 37.50405715 0.21872943 37.72359936
  jla_mock 0.025198 35.58610442 0.22034080 35.29122886
  jla_mock 0.014411 34.09345607 0.20528439 34.06048197
  jla_mock 0.020792 34.64561571 0.19750056 34.86681304
  jla_mock 0.035218 35.94219866 0.20378488 36.03411951
  jla_mock 0.041657 36.35342688 0.21523275 36.40882742
  jla_mock 0.042400 36.35301443 0.20618664 36.44837502
  jla_mock 0.018902 34.93639218 0.18361956 34.65682456
  jla_mock 0.078840 37.63923946 0.21534076 37.85056359
  jla_mock 0.063345 37.51055274 0.20758765 37.35224323
  jla_mock 0.027637 35.12056196 0.23141589 35.49574473
  jla_mock 0.049325 36.88239704 0.21068097 36.78761579
  jla_mock 0.070153 37.79805699 0.22041411 37.58414793
  jla_mock 0.023909 35.04376978 0.18367797 35.17514301
  jla_mock 0.053126 37.03493824 0.22335947 36.95466158
  jla_mock 0.024951 35.26938170 0.18978288 35.26944337
  jla_mock 0.015664 34.05719004 0.20165316 34.24355971
  jla_mock 0.048984 36.68608898 0.15985830 36.77202553
  jla_mock 0.022399 35.06114229 0.18927946 35.03105780
  jla_mock 0.034854 36.56130878 0.23666209 36.01098585
  jla_mock 0.016966 34.52892108 0.20291443 34.41905369
  jla_mock 0.030721 35.84407179 0.18171781 35.73036747
  jla_mock 0.030482 36.24154514 0.18203752 35.71302906
  jla_mock 0.010550 33.44317642 0.21945028 33.37697498
  jla_mock 0.014256 33.72656161 0.17170736 34.03674778
  jla_mock 0.027688 35.28214694 0.18124529 35.49982939
  jla_mock 0.053860 37.00701328 0.15903793 36.98558282
  jla_mock 0.017672 34.51776520 0.19251135 34.50872719
  jla_mock 0.017450 34.65723886 0.17037052 34.48091679
  jla_mock 0.015573 34.56628129 0.20219934 34.23076011
  jla_mock 0.010060 33.03801974 0.23112569 33.27290010
  jla_mock 0.054931 36.93372090 0.18431298 37.02997807
  jla_mock 0.039083 36.23336370 0.16317419 36.26630443
  jla_mock 0.078317 37.69171817 0.18391968 37.83533784
  jla_mock 0.031764 36.10753959 0.15356487 35.80451887
  jla_mock 0.014440 34.22238860 0.22581465 34.06489449
  jla_mock 0.013533 34.12645057 0.22079334 33.92255325
  jla_mock 0.026677 35.38565696 0.19349962 35.41744509
  jla_mock 0.023360 35.25329024 0.17880596 35.12382045
  jla_mock 0.036934 35.95725903 0.19001518 36.14012659
  jla_mock 0.023552 35.28893842 0.17819828 35.14190296
  jla_mock 0.017483 34.59204743 0.19211831 34.48507280
  jla_mock 0.040259 36.44432792 0.17447686 36.33251957
  jla_mock 0.030381 35.43547532 0.20408145 35.70566190
  jla_mock 0.015504 34.54223641 0.20027602 34.22100552
  jla_mock 0.014151 34.18191680 0.18788306 34.02052423
  jla_mock 0.015487 34.19358699 0.18431337 34.21859562
  jla_mock 0.015554 34.38044893 0.19852180 34.22807833
  jla_mock 0.037075 36.05986042 0.15485493 36.14862211
  jla_mock 0.015482 34.40127903 0.20249750 34.21788633
  jla_mock 0.013324 33.86324701 0.18643777 33.88841558
  jla_mock 0.014575 34.27906005 0.20791179 34.08532079
  jla_mock 0.015791 33.91886827 0.19846605 34.26130051
  jla_mock 0.024746 35.38221669 0.17954713 35.25120075
  jla_mock 0.027748 35.65700953 0.17503344 35.50462544
  jla_mock 0.010888 33.66245257 0.25477943 33.44600638
  jla_mock 0.013652 34.23420575 0.18670962 33.94175799
  jla_mock 0.035755 36.01539747 0.16295663 36.06782528
  jla_mock 0.024725 35.23428719 0.17710562 35.24932362
  jla_mock 0.038086 36.26017420 0.17051564 36.20862960
  jla_mock 0.021541 35.07863942 0.17711857 34.94486566
  jla_mock 0.019581 34.51472372 0.17898631 34.73455541
  jla_mock 0.030416 35.72732176 0.17571774 35.70821759
  jla_mock 0.039219 36.43433427 0.17021381 36.27406046
  jla_mock 0.034971 36.06458065 0.15987848 36.01844730
  jla_mock 0.028561 35.56599511 0.17650121 35.56862791
  jla_mock 0.020997 34.78657155 0.18822756 34.88844780
  jla_mock 0.032538 35.86108631 0.18232286 35.85802163
  jla_mock 0.015469 34.45900886 0.19318910 34.21604112
  jla_mock 0.015678 34.45273385 0.20747940 34.24552235
  jla_mock 0.027499 35.55742767 0.15598630 35.48465493
  jla_mock 0.046856 36.85278388 0.17134850 36.67229170
  jla_mock 0.033173 36.03350569 0.18295753 35.90099459
  jla_mock 0.010291 33.18787689 0.23549671 33.32257649
  jla_mock 0.080103 37.71950472 0.17116407 37.88693845
  jla_mock 0.012317 33.85768947 0.20020781 33.71612539
  jla_mock 0.024586 35.54232851 0.20631378 35.23685912
  jla_mock 0.014467 33.96870104 0.20827809 34.06899482
  jla_mock 0.015154 34.25566391 0.18399751 34.17085499
  jla_mock 0.029086 35.85635081 0.17337203 35.60901553
  jla_mock 0.034781 35.97872722 0.17928903 36.00631801
  jla_mock 0.044920 36.47271866 0.14070569 36.57766347
  jla_mock 0.034074 35.99551871 0.16958177 35.96060864
  jla_mock 0.074870 37.66623795 0.14386215 37.73248819
  jla_mock 0.014960 34.41479326 0.19782876 34.14256149
  jla_mock 0.020396 34.31920938 0.17103812 34.82441926
  jla_mock 0.040689 36.24813288 0.17468105 36.35626161
  jla_mock 0.026567 35.58586522 0.18033141 35.40829726
  jla_mock 0.026881 35.41923444 0.15330990 35.43431258
  jla_mock 0.023471 35.16815647 0.17597781 35.13429215
  jla_mock 0.069122 37.49082327 0.19117659 37.55045468
  jla_mock 0.065193 37.66273856 0.15879632 37.41747470
  jla_mock 0.022980 35.18239122 0.17790505 35.08759706
  jla_mock 0.017387 34.57766806 0.19829162 34.47296098
  jla_mock 0.031485 35.69210377 0.15108749 35.78491972
  jla_mock 0.011184 33.66995786 0.19447979 33.50473574
  jla_mock 0.021956 35.09725888 0.17567209 34.98696935
  jla_mock 0.031484 35.85447677 0.15080691 35.78484917
  jla_mock 0.023321 34.99746602 0.20285194 35.12012958
  jla_mock 0.020390 34.88354446 0.18300723 34.82377071
  jla_mock 0.022466 35.12758653 0.18140785 35.03765097
  jla_mock 0.033614 35.79657165 0.18044129 35.93036816
  jla_mock 0.036969 36.36131526 0.17916902 36.14223835
  jla_mock 0.022629 35.29198134 0.18007478 35.05361062
  jla_mock 0.014700 33.91652832 0.18462322 34.10406779
  jla_mock 0.036950 36.31806319 0.14876338 36.14109221
  jla_mock 0.060959 37.13752721 0.12531329 37.26525946
  jla_mock 0.059289 37.09309521 0.12135718 37.20240586
  jla_mock 0.069751 37.57405518 0.15873536 37.57106733
  jla_mock 0.029526 35.88278614 0.17470465 35.64231764
  jla_mock 0.033255 35.78009223 0.17565362 35.90648512
  jla_mock 0.024159 35.19166595 0.18124182 35.19813107
  jla_mock 0.015999 34.23022855 0.19155982 34.29005387
  jla_mock 0.062961 37.45911540 0.16530929 37.33845928
  jla_mock 0.021706 34.80912828 0.19186355 34.96170055
  jla_mock 0.031638 35.93403555 0.18943844 35.79568859
  jla_mock 0.018599 34.41002455 0.17304818 34.62124460
  jla_mock 0.027064 35.64351829 0.17332763 35.44933715
  jla_mock 0.025468 35.47196779 0.18469991 35.31480424
  jla_mock 0.023810 35.28974882 0.19336693 35.16597435
  jla_mock 0.023867 35.11344750 0.18298494 35.17125784
  jla_mock 0.022068 34.73396166 0.16678206 34.99819802
