  jla_mock 0.503084 42.14672062 0.14571158 42.35104191
  jla_mock 0.580724 42.54286533 0.16122778 42.72544420
  jla_mock 0.494795 42.32195553 0.12070859 42.30792132
  jla_mock 0.345928 41.67293292 0.13253081 41.39127679
  jla_mock 0.677662 42.82757832 0.22871689 43.13159771
  jla_mock 0.610712 43.00461298 0.22548733 42.85755119
  jla_mock 0.866494 43.82935330 0.25803499 43.78399511
  jla_mock 0.330932 41.38541536 0.12801230 41.27949682
  jla_mock 0.798566 43.84971102 0.25919990 43.56669516
  jla_mock 0.449562 42.13098382 0.16139765 42.06004102
  jla_mock 0.371443 41.58586745 0.14921889 41.57158328
  jla_mock 0.291718 40.93019565 0.14231442 40.96351391
  jla_mock 0.355820 41.51950761 0.14101044 41.46259197
  jla_mock 0.461274 41.79412815 0.15587207 42.12637684
  jla_mock 0.283610 40.85507148 0.13055630 40.89332726
  jla_mock 0.632234 42.71467198 0.22182909 42.94863350
  jla_mock 0.466414 42.19652240 0.17243727 42.15499621
  jla_mock 0.268624 40.82866240 0.12820280 40.75859431
  jla_mock 0.946890 44.20333171 0.29224985 44.02068105
  jla_mock 0.924917 44.30583459 0.31213110 43.95800648
  jla_mock 0.693165 43.59209484 0.29243158 43.19137081
  jla_mock 0.625233 42.60081238 0.19088816 42.91933154
  jla_mock 0.896944 44.22643243 0.26745476 43.87607256
  jla_mock 0.608261 42.96439388 0.15987482 42.84698635
  jla_mock 0.789054 43.16552667 0.26932700 43.53484560
  jla_mock 0.578292 42.51440467 0.14637659 42.71444998
  jla_mock 0.590280 42.80856390 0.18966931 42.76822720
  jla_mock 0.719626 42.74907636 0.25305179 43.29050179
  jla_mock 0.210032 40.42263365 0.13132256 40.15508565
  jla_mock 0.766590 43.56089897 0.22576765 43.45813147
  jla_mock 0.858513 43.70130340 0.22289539 43.75933955
  jla_mock 0.367904 41.49590514 0.09931133 41.54726971
  jla_mock 0.558746 42.53237503 0.15678156 42.62447408
  jla_mock 0.848509 43.82191224 0.21739327 43.72811733
  jla_mock 0.996390 43.97967072 0.24266005 44.15678878
  jla_mock 0.776594 43.25254248 0.26449227 43.49255925
  jla_mock 0.582932 42.73465947 0.13306958 42.73538825
  jla_mock 0.583743 42.54473183 0.16752875 42.73903180
  jla_mock 0.796552 43.77919007 0.22887969 43.55998229
  jla_mock 0.588721 42.49365340 0.15579306 42.76129222
  jla_mock 0.913473 43.65550749 0.24294053 43.92478371
  jla_mock 0.768587 43.31283892 0.23905376 43.46503842
  jla_mock 0.948455 44.26905829 0.26528102 44.02509035
  jla_mock 0.513793 42.14580098 0.15287930 42.40577946
  jla_mock 0.733609 43.83547303 0.19294483 43.34148483
  jla_mock 0.637701 43.10511660 0.27010736 42.97130188
  jla_mock 0.765588 43.60203863 0.21113574 43.45465935
  jla_mock 0.434861 41.79930919 0.15772880 41.97446567
  jla_mock 0.983407 44.09777395 0.25879722 44.12174547
  jla_mock 0.583743 42.91286276 0.16232669 42.73903180
  jla_mock 0.700631 43.17689646 0.21687358 43.21970245
  jla_mock 0.662058 43.26603914 0.21294856 43.07010358
  jla_mock 0.838126 43.78546595 0.28077453 43.69533139
  jla_mock 0.621874 43.01017112 0.17546981 42.90516222
  jla_mock 0.370586 41.79719619 0.14291643 41.56571521
  jla_mock 0.416632 41.86111134 0.13815441 41.86454678
  jla_mock 0.358570 41.52091403 0.10704088 41.48209300
  jla_mock 0.451681 42.20780233 0.15278703 42.07216096
  jla_mock 0.522762 42.36694472 0.16112888 42.45080836
  jla_mock 0.733996 43.40505113 0.30408870 43.34288256
  jla_mock 0.701965 43.51598173 0.31176741 43.22473424
  jla_mock 0.742008 43.61940577 0.29013165 43.37166168
  jla_mock 0.746118 43.34433117 0.21822021 43.38630913
  jla_mock 0.349560 41.56412622 0.13472825 41.41767712
  jla_mock 0.591835 42.58238261 0.15357327 42.77512718
  jla_mock 0.514746 42.40579050 0.15561143 42.41059876
  jla_mock 0.620632 42.41813311 0.18447364 42.89990471
  jla_mock 0.643646 43.15607257 0.24392132 42.99574384
  jla_mock 1.002795 44.16047749 0.33216844 44.17391138
  jla_mock 0.470586 41.91456203 0.14420733 42.17801083
  jla_mock 0.610643 43.13252438 0.15877872 42.85725432
  jla_mock 0.263487 40.68568155 0.12804977 40.71081308
  jla_mock 0.358336 41.44773311 0.12918713 41.48043901
  jla_mock 0.742697 42.84179393 0.25908753 43.37412260
  jla_mock 0.451556 42.07611282 0.11538935 42.07144747
  jla_mock 0.910752 44.03687164 0.26164869 43.91682448
  jla_mock 0.552605 42.83827610 0.15821060 42.59559344
  jla_mock 0.337534 41.27358979 0.12813367 41.32927134
  jla_mock 0.750681 43.30538222 0.24281434 43.40248043
  jla_mock 0.983777 44.67786594 0.34665096 44.12275046
  jla_mock 0.822697 43.86867697 0.22175759 43.64587597
  jla_mock 0.813696 44.02035466 0.24256727 43.61660738
  jla_mock 0.950763 43.99330655 0.26472927 44.03158000
  jla_mock 0.817732 43.66869715 0.24643394 43.62976987
  jla_mock 0.340520 41.43533948 0.12574260 41.35148976
  jla_mock 0.960751 44.49169921 0.28766046 44.05948701
  jla_mock 0.810720 43.86879046 0.27275574 43.60686128
  jla_mock 0.756687 43.48654101 0.24755189 43.42362217
  jla_mock 0.611252 42.92434702 0.18572910 42.85987342
  jla_mock 0.877971 43.93964059 0.22378685 43.81906566
  jla_mock 0.548325 42.54500645 0.14258079 42.57528608
  jla_mock 0.809032 43.71522859 0.23222084 43.60131782
  jla_mock 1.028800 44.94285424 0.28337345 44.24233887
  jla_mock 0.627239 42.96704921 0.17555461 42.92775911
  jla_mock 0.422452 42.09981837 0.15606690 41.90011713
  jla_mock 0.933900 43.91772014 0.34999950 43.98380379
  jla_mock 0.701158 42.94477122 0.22740618 43.22169137
  jla_mock 0.697164 43.18370625 0.20952266 43.20658211
  jla_mock 0.685179 43.05193172 0.27044472 43.16074133
  jla_mock 0.767075 43.63132921 0.25233801 43.45981051
  jla_mock 0.931901 44.21165016 0.25136810 43.97808419
  jla_mock 0.863978 43.59292026 0.24510246 43.77624644
  jla_mock 0.749100 43.21145132 0.22590126 43.39688808
  jla_mock 0.514353 42.11115987 0.15357466 42.40861238
  jla_mock 0.468406 42.19935546 0.11440416 42.16600877
  jla_mock 0.470398 41.92039175 0.15654577 42.17697783
  jla_mock 0.958871 43.85360784 0.27681249 44.05425605
  jla_mock 0.927909 43.99686536 0.29724149 43.96662606
  jla_mock 0.840522 43.61842446 0.21913135 43.70293203
  jla_mock 0.630699 43.07365660 0.17083127 42.94223535
  jla_mock 0.562751 42.38505502 0.14440652 42.64314895
  jla_mock 0.615698 42.50369589 0.16969222 42.87891969
  jla_mock 0.828528 43.96236283 0.22446355 43.66467138
  jla_mock 0.564741 42.63624427 0.16042692 42.65238167
  jla_mock 0.578745 42.69537005 0.14758356 42.71650114
  jla_mock 0.557743 42.70915562 0.15831963 42.61977749
  jla_mock 0.864497 43.63448410 0.22870035 43.77784663
  jla_mock 0.735608 43.13495970 0.23468503 43.34869704
  jla_mock 0.858507 43.70431540 0.28336591 43.75932093
  jla_mock 0.261984 40.64967716 0.10443414 40.69667086
  jla_mock 0.585743 42.61762247 0.18660838 42.74799676
  jla_mock 0.761580 43.57539939 0.21598834 43.44072697
  jla_mock 0.488800 42.39232189 0.11155101 42.27631225
  jla_mock 0.858516 44.03503217 0.27431051 43.75934886
  jla_mock 0.688656 43.17615334 0.18053033 43.17411869
  jla_mock 0.558743 42.76992327 0.15491557 42.62446004
  jla_mock 0.324532 41.29592803 0.12601850 41.23036431
  jla_mock 0.480704 42.18029010 0.10839252 42.23304676
  jla_mock 0.185371 39.86757164 0.13095679 39.85305148
  jla_mock 0.922221 43.39239148 0.33854809 43.95021620
  jla_mock 0.681942 43.20849522 0.19640351 43.14822898
  jla_mock 0.475707 42.17878547 0.10811298 42.20600231
  jla_mock 0.922210 43.40770141 0.27644363 43.95018437
  jla_mock 0.893183 43.39310417 0.25783329 43.86486632
  jla_mock 0.428646 41.64595106 0.14143599 41.93747792
  jla_mock 0.631882 43.35052775 0.23474045 42.94716761
  jla_mock 0.699960 43.53041535 0.25834877 43.21716801
  jla_mock 0.736007 43.44733484 0.26468680 43.35013433
  jla_mock 0.575823 42.66543278 0.15953941 42.70324385
  jla_mock 0.418633 41.86969448 0.10651651 41.87682801
  jla_mock 0.511746 42.41744639 0.12000546 42.39539947
  jla_mock 0.535771 42.69921902 0.12653138 42.51485102
  jla_mock 0.641893 43.22678616 0.21547239 42.98855901
  jla_mock 0.734996 43.53371601 0.22720400 43.34649100
  jla_mock 0.351560 41.37391534 0.13079492 41.43210698
  jla_mock 0.609860 42.59855341 0.17401244 42.85388326
  jla_mock 0.349557 41.31085681 0.13436921 41.41765542
  jla_mock 0.701969 43.30360339 0.18819535 43.22474932
  jla_mock 0.355261 41.38500112 0.10427939 41.45861096
  jla_mock 0.983280 44.32809147 0.25756994 44.12140043
  jla_mock 0.872152 43.64056513 0.26597542 43.80134063
  jla_mock 0.759030 43.35132612 0.20819082 43.43182601
  jla_mock 0.926220 44.20051434 0.24599386 43.96176361
  jla_mock 0.643642 42.83411836 0.22846121 42.99572746
  jla_mock 0.419569 41.87777828 0.13772753 41.88255410
  jla_mock 0.515587 42.19959481 0.20313602 42.41484477
  jla_mock 0.890729 44.16752006 0.21057911 43.85752952
  jla_mock 0.805696 43.55983698 0.22987004 43.59032927
  jla_mock 0.480568 42.30408428 0.10874993 42.23231419
  jla_mock 0.800697 43.23411189 0.24546005 43.57378020
  jla_mock 0.580604 42.54425531 0.18881444 42.72490274
  jla_mock 0.715652 43.54485834 0.24396561 43.27583891
  jla_mock 0.805695 43.72144525 0.23276535 43.59032597
  jla_mock 0.766684 43.88678737 0.25283777 43.45845698
  jla_mock 0.664638 42.80975035 0.19578546 43.08036579
  jla_mock 0.901736 43.28794606 0.25190507 43.89028441
  jla_mock 0.745665 43.67857911 0.21142864 43.38469852
  jla_mock 0.718680 43.59264872 0.20380008 43.28701838
  jla_mock 0.736690 43.31145315 0.19636251 43.35259294
  jla_mock 0.579600 42.67696903 0.12084594 42.72036839
  jla_mock 0.370531 41.42972305 0.10256736 41.56533819
  jla_mock 0.960740 44.08574373 0.23956115 44.05945643
  jla_mock 0.850729 43.97180417 0.21179952 43.73507669
  jla_mock 0.648640 42.77189800 0.19254569 43.01611076
  jla_mock 0.219462 40.28935927 0.13036783 40.26196681
  jla_mock 0.936755 43.97845411 0.24129989 43.99195180
  jla_mock 0.647639 43.09643155 0.17876349 43.01204038
  jla_mock 0.461564 42.32044942 0.13341110 42.12799943
  jla_mock 0.600603 42.95078350 0.17945434 42.81371586
  jla_mock 0.670654 43.46452025 0.23100742 43.10414845
  jla_mock 0.760698 43.37525660 0.20946016 43.43765154
  jla_mock 0.246492 40.56481689 0.13212126 40.54637902
  jla_mock 0.470573 42.16710646 0.14759396 42.17793941
  jla_mock 0.169455 39.74678837 0.11209573 39.63766354
  jla_mock 0.497379 42.13722402 0.12912927 42.32143557
  jla_mock 0.638234 43.05684739 0.19688575 42.97350203
  jla_mock 0.507371 42.50815135 0.14542671 42.37308383
  jla_mock 0.535327 42.45992850 0.14229510 42.51268936
  jla_mock 0.587285 43.11679288 0.16639385 42.75488905
  jla_mock 0.773081 42.90601032 0.25620999 43.48051857
  jla_mock 0.699166 43.59320207 0.22210270 43.21416597
  jla_mock 0.370511 41.48461561 0.12736057 41.56520108
  jla_mock 0.761089 43.18158511 0.22808946 43.43901534
  jla_mock 0.699169 43.39397489 0.21959570 43.21417732
  jla_mock 0.788060 43.44849477 0.19242158 43.53149594
  jla_mock 0.373513 41.78556906 0.13202741 41.58570563
  jla_mock 0.405478 41.79342057 0.13198879 41.79507130
  jla_mock 0.852994 43.45251435 0.25729076 43.74215894
  jla_mock 0.808048 43.53287650 0.24185374 43.59808117
  jla_mock 0.603272 42.66807900 0.18397635 42.82535672
  jla_mock 0.583290 42.77919906 0.17902789 42.73699721
  jla_mock 0.534335 42.62254029 0.14774220 42.50785365
  jla_mock 0.720140 43.46610320 0.24070231 43.29239263
  jla_mock 0.400485 41.81938454 0.21060605 41.76339635
  jla_mock 0.837004 43.79258824 0.21502566 43.69176490
  jla_mock 0.371508 41.65274420 0.10193219 41.57202784
  jla_mock 0.806041 43.88503115 0.25907683 43.59146772
  jla_mock 0.840005 43.49470790 0.23506835 43.70129378
  jla_mock 0.500728 42.33395044 0.12981336 42.33885355
  jla_mock 0.532765 42.48982890 0.17422186 42.50018312
  jla_mock 0.533766 42.66620180 0.18215335 42.50507613
  jla_mock 0.932229 44.01127191 0.34152943 43.97902349
  jla_mock 0.822103 43.72647454 0.25790730 43.64395405
  jla_mock 0.553797 42.26096214 0.13544877 42.60122283
  jla_mock 0.125298 38.87096986 0.13709229 38.92293877
  jla_mock 0.842123 44.01719541 0.28302626 43.70799902
  jla_mock 0.443668 42.13237523 0.15186631 42.02604821
  jla_mock 0.727675 43.01908992 0.24978201 43.31996388
  jla_mock 0.683659 43.23911714 0.41253064 43.15487294
  jla_mock 0.442548 42.06823877 0.13367762 42.01954139
  jla_mock 0.726679 43.36358510 0.20021505 43.31633517
  jla_mock 0.282510 40.82777359 0.12747632 40.88366322
  jla_mock 0.404549 41.64142186 0.12965359 41.78920526
  jla_mock 0.519611 42.34455101 0.13964385 42.43507170
  jla_mock 0.690652 43.13751436 0.23214813 43.18176896
  jla_mock 1.060801 44.52262489 0.27869308 44.32423223
  jla_mock 0.576612 42.66863353 0.15376326 42.70682983
  jla_mock 0.268489 40.57856716 0.12614174 40.75734943
  jla_mock 0.720680 43.11113764 0.25106936 43.29437771
  jla_mock 0.250498 40.70348119 0.13111277 40.58605882
  jla_mock 0.760691 43.73826879 0.27664014 43.43762712
  jla_mock 0.698167 43.56381951 0.26129048 43.21038422
  jla_mock 0.550315 42.68656663 0.16854352 42.58474650
  jla_mock 0.730128 43.19805926 0.23524622 43.32888057
  jla_mock 0.847985 44.08905654 0.24702775 43.72647209
  jla_mock 0.997826 43.80967264 0.24705649 44.16063709
  jla_mock 0.435446 42.12345704 0.13052406 41.97792194
  jla_mock 0.409470 41.63694327 0.12922369 41.82013748
  jla_mock 0.301590 40.98010261 0.12598595 41.04658579
  jla_mock 1.299106 44.70812711 0.19340708 44.86622170
  jla_mock 1.020807 44.60018158 0.23668119 44.22149044
  jla_mock 0.839734 43.66973377 0.19264717 43.70043465
  jla_mock 1.120850 44.78107090 0.20807086 44.47149026
  jla_mock 1.230892 44.64429677 0.23900250 44.72198803
  jla_mock 0.974230 43.92408770 0.18427047 44.09669905
  jla_mock 0.970782 44.13736900 0.33863365 44.08722847
  jla_mock 0.064229 37.51243995 0.15072784 37.38367208
  jla_mock 0.129030 39.10789943 0.16416611 38.99181609
  jla_mock 0.102890 38.79234767 0.14983539 38.46361443
  jla_mock 0.044130 36.12391716 0.17359564 36.53790737
  jla_mock 0.113040 38.56087578 0.15276523 38.68228835
  jla_mock 0.256110 40.69993400 0.20496122 40.64067411
  jla_mock 0.380260 42.18038061 0.28702753 41.63124000
  jla_mock 0.145470 39.22095630 0.16218924 39.27457233
  jla_mock 0.088890 38.22267281 0.14636771 38.12583382
  jla_mock 0.260590 40.74604053 0.18294429 40.68348731
  jla_mock 0.078910 38.20792613 0.15602647 37.85259413
  jla_mock 0.083040 37.94229606 0.15331705 37.96945274
  jla_mock 0.165650 39.42303606 0.13854363 39.58339248
  jla_mock 0.168170 39.71921528 0.16196037 39.61946333
  jla_mock 0.170630 39.58075404 0.16520984 39.65419380
  jla_mock 0.170280 39.75080648 0.17035518 39.64928098
  jla_mock 0.120440 38.93037711 0.15109792 38.83033422
  jla_mock 0.276530 40.86934303 0.21443501 40.83051212
  jla_mock 0.231600 40.29061647 0.18253328 40.39346548
  jla_mock 0.305690 40.70708360 0.26735001 41.08035322
  jla_mock 0.079970 37.74192065 0.16566195 37.88313388
  jla_mock 0.174150 39.74945012 0.15831009 39.70308864
  jla_mock 0.138680 39.34511784 0.16604939 39.16160914
  jla_mock 0.146070 39.46213585 0.16391832 39.28431597
  jla_mock 0.081330 37.83860086 0.14393418 37.92175604
  jla_mock 0.233800 40.45202899 0.17178002 40.41661639
  jla_mock 0.256550 40.42715435 0.17733386 40.64490939
  jla_mock 0.245620 40.51993977 0.20041043 40.53766308
  jla_mock 0.125930 38.93076151 0.19132506 38.93473721
  jla_mock 0.223510 40.36908363 0.21582750 40.30655156
  jla_mock 0.102640 38.30682322 0.14663754 38.45797501
  jla_mock 0.119670 38.65963140 0.14566661 38.81533475
  jla_mock 0.180550 40.06076775 0.16851019 39.78968278
  jla_mock 0.197090 40.01390158 0.17389574 40.00093917
  jla_mock 0.229160 40.58411816 0.19939442 40.36755056
  jla_mock 0.264510 40.87681982 0.19876199 40.72039640
  jla_mock 0.103370 38.50293142 0.12264053 38.47440587
  jla_mock 0.364410 41.46765224 0.23042794 41.52305266
  jla_mock 0.205600 40.13181148 0.15584351 40.10331215
  jla_mock 0.179810 39.25654325 0.19620482 39.77981734
  jla_mock 0.199590 40.09191988 0.18224440 40.03143112
  jla_mock 0.156530 39.42881769 0.15012954 39.44843626
  jla_mock 0.161800 39.43874918 0.14760764 39.52728616
  jla_mock 0.209530 40.31417206 0.20608020 40.14927240
  jla_mock 0.241790 40.63086495 0.19813238 40.49904000
  jla_mock 0.236460 40.54513320 0.16266354 40.44434112
  jla_mock 0.226680 40.44286638 0.21050732 40.34094863
  jla_mock 0.296780 41.28468754 0.19716042 41.00642792
  jla_mock 0.208520 40.29869219 0.16317028 40.13753731
  jla_mock 0.251040 40.66663268 0.22085837 40.59138241
  jla_mock 0.250120 40.51899530 0.17967388 40.58233978
  jla_mock 0.117710 38.82430102 0.14551100 38.77674059
  jla_mock 0.219710 40.33741033 0.16999397 40.26472003
  jla_mock 0.149010 39.20534080 0.14890457 39.33152597
  jla_mock 0.287420 40.56443335 0.18840122 40.92653533
  jla_mock 0.143600 39.48827552 0.16639625 39.24396193
  jla_mock 0.328370 41.34589773 0.19601268 41.25993440
  jla_mock 0.246250 40.67899343 0.16506508 40.54396300
  jla_mock 0.119660 38.66994819 0.15026680 38.81513935
  jla_mock 0.328380 41.52076949 0.27642285 41.26001103
  jla_mock 0.215130 40.49254690 0.18366862 40.21340500
  jla_mock 0.144780 39.45428193 0.13616902 39.26332062
  jla_mock 0.132430 39.35461242 0.12839376 39.05295780
  jla_mock 0.210820 40.32690294 0.16235031 40.16418499
  jla_mock 0.203990 40.25807180 0.15780808 40.08424872
  jla_mock 0.279520 40.63721018 0.16701092 40.85721851
  jla_mock 0.044280 36.61960756 0.15509722 36.54550888
  jla_mock 0.180370 39.66630585 0.15078404 39.78728654
  jla_mock 0.260700 41.20831143 0.18972170 40.68452998
  jla_mock 0.056540 36.83469077 0.18696980 37.09512776
  jla_mock 0.212600 39.99331777 0.19194689 40.18462419
  jla_mock 0.369410 41.70572394 0.23700047 41.55764247
  jla_mock 0.173860 39.53992300 0.13051969 39.69909525
  jla_mock 0.142650 39.27473061 0.16862649 39.22826819
  jla_mock 0.177890 39.80792577 0.17323466 39.75404371
  jla_mock 0.328370 41.30645022 0.20656404 41.25993440
  jla_mock 0.253510 40.33070273 0.19560920 40.61550974
  jla_mock 0.300010 40.76125843 0.19320267 41.03346007
  jla_mock 0.105890 38.57992740 0.14607715 38.53029502
  jla_mock 0.223280 40.61975855 0.16843887 40.30403838
  jla_mock 0.118450 38.78118120 0.12252294 38.79138243
  jla_mock 0.176530 39.69871447 0.17118858 39.73563069
  jla_mock 0.182800 39.76484114 0.18906536 39.81945031
  jla_mock 0.297620 41.04947411 0.22708191 41.01348391
  jla_mock 0.196990 40.13410281 0.16336648 39.99971206
  jla_mock 0.152950 39.36774180 0.14755004 39.39344849
  jla_mock 0.248500 40.35624451 0.17447627 40.56634213
  jla_mock 0.138180 39.11699928 0.12408786 39.15308754
  jla_mock 0.207040 40.12398219 0.17044837 40.12024608
  jla_mock 0.214680 40.37033212 0.18059604 40.20830882
  jla_mock 0.306320 40.93421768 0.21502986 41.08550488
  jla_mock 0.246950 40.53680759 0.17120148 40.55094551
  jla_mock 0.198010 40.15778739 0.14489973 40.01220161
  jla_mock 0.222560 40.42285019 0.15195110 40.29615558
  jla_mock 0.135080 39.34277348 0.15130600 39.09960029
  jla_mock 0.210540 40.13873320 0.18260591 40.16095532
  jla_mock 0.272580 40.70790471 0.16910743 40.79482057
  jla_mock 0.246600 40.49785548 0.16168519 40.54745654
  jla_mock 0.220680 40.10262094 0.19428942 40.27546119
  jla_mock 0.274470 41.10694940 0.19147108 40.81195729
  jla_mock 0.176560 39.78569039 0.15540451 39.73603828
  jla_mock 0.310880 41.31805572 0.22015615 41.12250493
  jla_mock 0.184350 39.86067188 0.17307932 39.83975978
  jla_mock 0.159350 39.74586146 0.14827050 39.49093145
  jla_mock 0.219760 40.23920453 0.16604587 40.26527477
  jla_mock 0.252050 40.60510444 0.18410044 40.60127456
  jla_mock 0.181220 39.82194487 0.14940352 39.79858271
  jla_mock 0.173730 39.58346494 0.13336424 39.69730310
  jla_mock 0.380470 41.64108334 0.24246083 41.63264525
  jla_mock 0.178650 39.89799161 0.17172186 39.76427650
  jla_mock 0.245680 40.90432381 0.18910008 40.53826371
  jla_mock 0.209100 40.36886270 0.16102286 40.14428268
  jla_mock 0.249470 40.63617202 0.20970726 40.57593247
  jla_mock 0.133920 39.09896726 0.16606211 39.07928968
  jla_mock 0.177060 39.27517175 0.16039966 39.74282196
  jla_mock 0.281110 40.89673995 0.18775324 40.87131332
  jla_mock 0.173830 39.62511593 0.15186906 39.69868179
  jla_mock 0.196540 39.79329624 0.16513423 39.99418292
  jla_mock 0.363970 41.50779871 0.22724835 41.51998782
  jla_mock 0.378350 41.56078008 0.26733097 41.61842592
  jla_mock 0.316460 41.28167277 0.21038880 41.16710744
  jla_mock 0.183220 39.56782748 0.13519430 39.82496925
  jla_mock 0.241020 40.38942305 0.16773658 40.49120702
  jla_mock 0.202030 39.57983908 0.19953174 40.06085237
  jla_mock 0.168690 39.53551277 0.16511959 39.62684391
  jla_mock 0.197940 40.06731637 0.17492454 40.01134639
  jla_mock 0.122760 38.89704280 0.14574653 38.87498830
  jla_mock 0.203180 39.93496304 0.16105255 40.07460514
  jla_mock 0.127390 39.13845089 0.14895509 38.96178192
  jla_mock 0.275490 40.84149841 0.19972760 40.82116060
  jla_mock 0.144680 39.30210374 0.14721731 39.26168579
  jla_mock 0.334360 41.22501665 0.24977783 41.30545460
  jla_mock 0.195800 40.26455835 0.15392559 39.98506502
  jla_mock 0.193920 39.91449222 0.16374737 39.96175638
  jla_mock 0.249730 40.45813676 0.18580683 40.57849724
  jla_mock 0.148600 39.11818131 0.14879989 39.32499474
  jla_mock 0.155960 39.45998030 0.14872192 39.43976020
  jla_mock 0.095820 38.16378672 0.15034816 38.29888959
  jla_mock 0.150650 39.66589070 0.15872946 39.35748429
  jla_mock 0.309330 41.15849440 0.24715745 41.10998454
  jla_mock 0.248570 40.84357305 0.17340396 40.56703537
  jla_mock 0.365540 41.72370451 0.24311996 41.53090809
  jla_mock 0.117710 38.98070379 0.12847626 38.77674059
  jla_mock 0.191760 39.76518120 0.14428474 39.93471648
  jla_mock 0.182550 40.10519152 0.16171197 39.81615965
  jla_mock 0.234720 40.37287785 0.18444964 40.42623815
  jla_mock 0.246470 40.68920677 0.19927669 40.54615947
  jla_mock 0.288450 41.05518501 0.18873457 40.93544325
  jla_mock 0.209600 39.85275902 0.19927022 40.15008378
  jla_mock 0.191980 39.97582716 0.17965405 39.93748342
  jla_mock 0.114020 38.73602255 0.12215388 38.70241012
  jla_mock 0.113890 38.83428146 0.18397194 38.69975030
  jla_mock 0.198800 40.57448247 0.20967258 40.02183405
  jla_mock 0.220580 40.29646606 0.22796022 40.27435587
  jla_mock 0.182570 39.48263010 0.16453718 39.81642306
  jla_mock 0.158950 39.56139183 0.16372575 39.48494661
  jla_mock 0.078490 38.01535213 0.14911597 37.84038499
  jla_mock 0.138640 39.16931563 0.13217046 39.16092847
  jla_mock 0.180790 39.83719443 0.15445548 39.79287433
  jla_mock 0.177570 39.40350202 0.18629282 39.74972302
  jla_mock 0.170660 39.68101489 0.16102003 39.65461446
  jla_mock 0.233810 40.38477123 0.20858516 40.41672116
  jla_mock 0.071530 37.79809412 0.17410666 37.62841570
  jla_mock 0.154630 39.60128417 0.18791656 39.41940058
  jla_mock 0.090100 38.12143454 0.15950858 38.15695339
  jla_mock 0.176580 39.71093483 0.20448697 39.73630997
  jla_mock 0.130450 38.97729393 0.16440638 39.01753336
  jla_mock 0.182040 39.77822229 0.17166998 39.80943370
  jla_mock 0.256170 40.60866732 0.17261330 40.64125204
  jla_mock 0.138110 39.28869487 0.14854031 39.15189221
  jla_mock 0.170700 39.45520661 0.16749506 39.65517524
  jla_mock 0.216740 40.07263820 0.14793120 40.23155770
  jla_mock 0.245550 40.47757615 0.17887642 40.53696217
  jla_mock 0.143820 39.61770453 0.16709807 39.24758242
  jla_mock 0.248620 40.83589769 0.18856198 40.56753043
  jla_mock 0.145330 39.33723385 0.17138622 39.27229342
  jla_mock 0.135880 39.40019386 0.12760365 39.11351263
  jla_mock 0.058740 37.12049041 0.12754402 37.18137021
  jla_mock 0.036520 35.99030719 0.15191506 36.11499823
  jla_mock 0.277490 41.00114657 0.22703402 40.83911561
  jla_mock 0.205150 39.85561619 0.29701418 40.09799780
  jla_mock 0.280510 40.64810126 0.20078942 40.86600318
  jla_mock 0.198670 39.98481089 0.16215673 40.02025140
  jla_mock 0.159990 39.46429937 0.15164286 39.50047815
  jla_mock 0.210750 40.37553439 0.18113105 40.16337794
  jla_mock 0.071950 38.23627390 0.17245857 37.64175542
  jla_mock 0.237820 40.15306228 0.19074175 40.45840525
  jla_mock 0.141390 39.07396325 0.17359013 39.20730191
  jla_mock 0.155060 39.33972371 0.15760876 39.42600081
  jla_mock 0.370130 41.51716324 0.22886799 41.56258778
  jla_mock 0.093910 38.18974941 0.17056414 38.25241093
  jla_mock 0.118630 38.87219901 0.17057943 38.79493094
  jla_mock 0.153630 39.28586868 0.15381057 39.40398478
  jla_mock 0.253560 40.60605541 0.16809525 40.61599591
  jla_mock 0.107250 38.87853612 0.14420228 38.55993725
  jla_mock 0.129610 39.11356394 0.15302154 39.00235225
  jla_mock 0.266650 40.87403137 0.19376454 40.74033372
  jla_mock 0.212260 40.14646091 0.16262819 40.18073232
  jla_mock 0.278220 41.12652999 0.18167466 40.84563951
  jla_mock 0.245400 40.58178239 0.16811689 40.53545960
  jla_mock 0.133620 39.02690757 0.15059378 39.07401011
  jla_mock 0.176560 39.92701330 0.16208219 39.73603828
  jla_mock 0.113680 38.74956149 0.14584429 38.69544762
  jla_mock 0.320380 41.02658331 0.26368273 41.19801010
  jla_mock 0.112710 38.74266932 0.12253270 38.67547563
  jla_mock 0.106020 38.44589158 0.14472955 38.53314397
  jla_mock 0.391350 41.92644602 0.26610488 41.70448789
  jla_mock 0.155750 39.46669337 0.14611530 39.43655631
  jla_mock 0.186670 39.90214944 0.16762102 39.86986452
  jla_mock 0.196710 39.94348184 0.16669908 39.99627308
  jla_mock 0.191910 39.92563664 0.17339098 39.93660335
  jla_mock 0.190840 39.75977060 0.15087610 39.92311374
  jla_mock 0.176250 39.87125722 0.15361286 39.73182344
  jla_mock 0.128370 39.07806528 0.15035584 38.97977249
  jla_mock 0.122620 38.95380210 0.14734428 38.87231625
  jla_mock 0.127150 39.15308201 0.14706216 38.95735627
  jla_mock 0.213230 40.43050478 0.17620944 40.19182042
  jla_mock 0.218610 40.28057525 0.18110338 40.25248623
  jla_mock 0.268560 40.91835478 0.19152223 40.75800422
  jla_mock 0.204660 40.40001282 0.16518790 40.09219879
  jla_mock 0.267100 40.81522114 0.17377576 40.74450740
  jla_mock 0.217570 40.09095530 0.17264916 40.24086733
  jla_mock 0.241850 40.64159472 0.17151433 40.49964940
  jla_mock 0.293500 40.84456763 0.20071643 40.97869876
  jla_mock 0.353460 41.46137889 0.23113786 41.44574541
  jla_mock 0.185630 39.94136258 0.15494760 39.85641243
  jla_mock 0.285430 40.65287793 0.19928385 40.90924132
  jla_mock 0.194940 39.83057040 0.16836015 39.97442839
  jla_mock 0.075920 37.73605681 0.14499851 37.76428887
  jla_mock 0.163570 39.43604496 0.15777754 39.55323307
  jla_mock 0.257210 40.74437891 0.20821329 40.65124979
  jla_mock 0.219550 40.23383965 0.18725136 40.26294408
  jla_mock 0.175580 39.70415234 0.15163366 39.72269036
  jla_mock 0.226670 40.30175825 0.18608202 40.34084082
  jla_mock 0.153220 39.51062476 0.15082218 39.39763723
  jla_mock 0.210250 40.05150735 0.19550076 40.15760614
  jla_mock 0.121640 38.93985738 0.12361443 38.85353115
  jla_mock 0.291350 41.04042274 0.19904915 40.96036745
  jla_mock 0.294480 41.19218048 0.27859702 40.98701345
  jla_mock 0.164550 39.35317575 0.12599124 39.56748698
  jla_mock 0.307020 41.28141939 0.20906564 41.09121752
  jla_mock 0.198630 39.83481005 0.16157737 40.01976424
  jla_mock 0.268210 40.61025351 0.21539519 40.75477485
  jla_mock 0.401280 41.78136006 0.24823001 41.76846410
  jla_mock 0.136680 39.06166389 0.15334431 39.12734848
  jla_mock 0.295420 40.68116628 0.24720467 40.99496487
  jla_mock 0.291920 40.90663300 0.19219946 40.96523948
  jla_mock 0.090070 38.34657449 0.12096556 38.15618664
  jla_mock 0.205570 40.12477842 0.18292629 40.10295819
  jla_mock 0.145820 39.40921025 0.14934529 39.28026067
  jla_mock 0.117670 38.52169565 0.14486540 38.77594667
  jla_mock 0.054990 37.13999560 0.14997934 37.03239938
  jla_mock 0.174200 39.74204525 0.15142908 39.70377654
  jla_mock 0.244950 40.79368992 0.18020903 40.53094681
  jla_mock 0.224520 39.77850764 0.18249954 40.31755948
  jla_mock 0.245580 40.36584047 0.16228277 40.53726258
  jla_mock 0.283510 40.68889343 0.21250233 40.89245014
  jla_mock 0.180560 39.78783590 0.17619167 39.78981584
  jla_mock 0.103910 38.36974669 0.12352191 38.48648974
  jla_mock 0.129610 38.94144222 0.15326847 39.00235225
  jla_mock 0.243520 40.50226277 0.16045597 40.51655525
  jla_mock 0.331360 41.59504756 0.26935111 41.28275125
  jla_mock 0.243480 40.39477014 0.19048000 40.51615157
  jla_mock 0.314680 41.25973585 0.17577640 41.15295859
  jla_mock 0.218650 40.12572386 0.18935500 40.25293209
  jla_mock 0.260140 40.81897095 0.21925656 40.67921764
  jla_mock 0.282430 40.94567407 0.19830733 40.88295904
  jla_mock 0.300410 41.20250152 0.20581539 41.03678905
  jla_mock 0.151860 39.15342501 0.14864409 39.37646794
  jla_mock 0.263570 40.37514149 0.18936772 40.71159189
  jla_mock 0.213820 40.20487435 0.20621233 40.19854195
  jla_mock 0.162840 39.78346082 0.16761662 39.54256362
  jla_mock 0.124400 39.10885182 0.17140549 38.90607803
  jla_mock 0.194650 40.40007626 0.13938689 39.97083181
  jla_mock 0.205540 40.02001570 0.18299408 40.10260419
  jla_mock 0.106670 38.57343096 0.14588621 38.54733939
  jla_mock 0.187720 39.78462270 0.18724598 39.88337565
  jla_mock 0.163870 39.59561611 0.15682059 39.55760493
  jla_mock 0.290210 41.02749230 0.19470283 40.95059702
  jla_mock 0.094010 38.01764446 0.12497638 38.25486653
  jla_mock 0.227860 40.15360935 0.18009820 40.35363931
  jla_mock 0.107510 38.56853611 0.14764565 38.56556368
  jla_mock 0.310650 40.89390758 0.22259423 41.12065070
  jla_mock 0.145640 39.30520243 0.15575872 39.27733684
  jla_mock 0.087840 37.90303341 0.12609586 38.09850103
  jla_mock 0.148390 39.64255230 0.15572534 39.32164294
  jla_mock 0.286620 40.56307799 0.19365541 40.91959626
  jla_mock 0.122810 39.18614685 0.13329108 38.87594191
  jla_mock 0.186550 40.07457610 0.20280242 39.86831590
  jla_mock 0.128930 39.06475121 0.15503539 38.98999503
  jla_mock 0.194220 40.01699817 0.16863568 39.96548983
  jla_mock 0.148000 39.50022134 0.14676099 39.31540643
  jla_mock 0.211790 40.50601877 0.22866165 40.17534289
  jla_mock 0.179620 39.67025277 0.17351314 39.77727823
  jla_mock 0.263490 40.54979612 0.18130204 40.71084123
  jla_mock 0.192150 39.96570656 0.15956887 39.93961949
  jla_mock 0.338800 41.32469586 0.22987627 41.33871350
  jla_mock 0.117410 38.83847434 0.14766783 38.77078001
  jla_mock 0.143100 39.22469562 0.16841647 39.23571421
  jla_mock 0.160350 39.69752392 0.13218212 39.50583255
  jla_mock 0.288720 41.05268773 0.21129560 40.93777350
  jla_mock 0.123030 39.03341857 0.15464992 38.88013347
  jla_mock 0.264050 40.59311769 0.18533646 40.71609141
  jla_mock 0.126080 38.83524442 0.17182656 38.93752932
  jla_mock 0.173740 39.79134815 0.14981160 39.69744100
  jla_mock 0.164400 39.52265935 0.14972618 39.56531039
  jla_mock 0.249610 40.31162541 0.16242204 40.57731380
  jla_mock 0.159990 39.36104286 0.15136580 39.50047815
  jla_mock 0.244480 40.80063830 0.15150476 40.52622528
  jla_mock 0.248510 40.90065713 0.17707716 40.56644117
  jla_mock 0.228930 40.33151197 0.16847625 40.36509465
  jla_mock 0.085280 38.15245083 0.14384543 38.03053562
  jla_mock 0.062818 37.37712424 0.14854713 37.33330552
  jla_mock 0.277450 40.86538814 0.23370164 40.83875768
  jla_mock 0.275440 41.04992917 0.21508178 40.82071019
  jla_mock 0.330510 41.12096908 0.21087893 41.27628421
  jla_mock 0.361930 41.12493913 0.24565378 41.50573334
  jla_mock 0.331030 41.32411910 0.21800830 41.28024234
  jla_mock 0.160500 39.66961866 0.12714994 39.50806025
  jla_mock 0.300210 41.13759018 0.20430208 41.03512507
  jla_mock 0.116350 38.62544878 0.12231010 38.74960383
  jla_mock 0.218290 39.88727999 0.16062208 40.24891663
  jla_mock 0.119670 38.95097345 0.12046332 38.81533475
  jla_mock 0.154730 39.24829980 0.12395445 39.42093704
  jla_mock 0.178100 39.59098704 0.16562813 39.75687524
  jla_mock 0.250370 40.52226095 0.16560962 40.58480004
  jla_mock 0.251740 40.39052910 0.14466362 40.59824225
  jla_mock 0.129530 38.86345268 0.14518911 39.00090162
  jla_mock 0.309290 41.21855686 0.18810950 41.10966066
  jla_mock 0.278520 40.90879651 0.17881943 40.84831601
  jla_mock 0.185810 40.09687881 0.13605911 39.85874567
  jla_mock 0.066510 37.15652290 0.17228058 37.46288716
  jla_mock 0.258000 40.54495152 0.18756945 40.65881939
  jla_mock 0.298880 41.16796184 0.21609463 41.02403360
  jla_mock 0.270440 40.71624085 0.22437165 40.77528452
  jla_mock 0.279160 40.75616555 0.17183675 40.85401700
  jla_mock 0.292870 40.90213034 0.21554431 40.97334010
  jla_mock 0.189650 39.98369484 0.15711153 39.90802874
  jla_mock 0.265760 40.68459513 0.19291042 40.73205999
  jla_mock 0.123760 38.93459488 0.14509081 38.89399154
  jla_mock 0.182550 39.40446224 0.14971699 39.81615965
  jla_mock 0.056340 36.85885394 0.14895035 37.08712772
  jla_mock 0.312880 41.12355537 0.18264477 41.13857562
  jla_mock 0.309150 40.84188005 0.22328713 41.10852682
  jla_mock 0.200610 39.85492835 0.15587566 40.04377042
  jla_mock 0.326400 41.61435963 0.20549386 41.24479642
  jla_mock 0.211630 40.15149605 0.13899445 40.17350567
  jla_mock 0.179690 39.95248814 0.15636245 39.77821398
  jla_mock 0.302400 41.09099356 0.19662226 41.05329027
  jla_mock 0.109240 38.72677620 0.14870399 38.60267717
  jla_mock 0.085220 37.96577011 0.15002378 38.02891950
  jla_mock 0.202310 40.17387776 0.16131988 40.06420752
  jla_mock 0.126490 38.85643037 0.15584855 38.94514516
  jla_mock 0.214570 40.23333611 0.16812914 40.20706159
  jla_mock 0.320450 41.62204786 0.19168742 41.19855877
  jla_mock 0.218350 40.17795043 0.17273249 40.24958630
  jla_mock 0.190100 39.93332020 0.15982384 39.91374343
  jla_mock 0.092430 38.28497472 0.15614025 38.21577494
  jla_mock 0.379860 41.21027552 0.18489314 41.62856135
  jla_mock 0.211340 40.50149124 0.16607978 40.17017243
  jla_mock 0.258330 40.66791363 0.18011571 40.66197505
  jla_mock 0.183270 40.14155193 0.16855779 39.82562548
  jla_mock 0.212950 40.31047073 0.17784935 40.18862452
  jla_mock 0.116510 38.59741870 0.15544019 38.75281185
  jla_mock 0.144010 39.17426376 0.17185674 39.25070505
  jla_mock 0.252490 40.74870968 0.18599877 40.60557260
  jla_mock 0.255390 40.72995271 0.21319916 40.63372916
  jla_mock 0.216980 40.07303385 0.18860575 40.23425302
  jla_mock 1.265901 45.54567897 0.22380442 44.79698974
  jla_mock 0.935774 44.09363210 0.22958872 43.98915483
  jla_mock 0.049519 36.85716403 0.20228994 36.79643881
  jla_mock 0.030325 36.09225235 0.18207848 35.70156680
  jla_mock 0.074579 37.99215635 0.21872943 37.72359936
  jla_mock 0.025198 35.80577215 0.22034080 35.29122886
  jla_mock 0.014411 33.97054088 0.20528439 34.06048197
  jla_mock 0.020792 34.70830423 0.19750056 34.86681304
  jla_mock 0.035218 36.14807080 0.20378488 36.03411951
  jla_mock 0.041657 36.09264461 0.21523275 36.40882742
  jla_mock 0.042400 36.77961747 0.20618664 36.44837502
  jla_mock 0.018902 34.99562372 0.18361956 34.65682456
  jla_mock 0.078840 38.10125255 0.21534076 37.85056359
  jla_mock 0.063345 37.24426700 0.20758765 37.35224323
  jla_mock 0.027637 35.42643383 0.23141589 35.49574473
  jla_mock 0.049325 37.12166085 0.21068097 36.78761579
  jla_mock 0.070153 37.74611476 0.22041411 37.58414793
  jla_mock 0.023909 35.20790524 0.18367797 35.17514301
  jla_mock 0.053126 36.97033591 0.22335947 36.95466158
  jla_mock 0.024951 35.21328442 0.18978288 35.26944337
  jla_mock 0.015664 34.30464235 0.20165316 34.24355971
  jla_mock 0.048984 36.96187935 0.15985830 36.77202553
  jla_mock 0.022399 35.15702002 0.18927946 35.03105780
  jla_mock 0.034854 36.36588246 0.23666209 36.01098585
  jla_mock 0.016966 34.22398064 0.20291443 34.41905369
  jla_mock 0.030721 35.59172239 0.18171781 35.73036747
  jla_mock 0.030482 35.59748339 0.18203752 35.71302906
  jla_mock 0.010550 33.11041031 0.21945028 33.37697498
  jla_mock 0.014256 34.01547401 0.17170736 34.03674778
  jla_mock 0.027688 35.47123433 0.18124529 35.49982939
  jla_mock 0.053860 36.92313712 0.15903793 36.98558282
  jla_mock 0.017672 34.84939430 0.19251135 34.50872719
  jla_mock 0.017450 34.79304657 0.17037052 34.48091679
  jla_mock 0.015573 34.44423430 0.20219934 34.23076011
  jla_mock 0.010060 33.44934838 0.23112569 33.27290010
  jla_mock 0.054931 36.96544048 0.18431298 37.02997807
  jla_mock 0.039083 36.57883406 0.16317419 36.26630443
  jla_mock 0.078317 37.95365934 0.18391968 37.83533784
  jla_mock 0.031764 35.84259625 0.15356487 35.80451887
  jla_mock 0.014440 34.45556232 0.22581465 34.06489449
  jla_mock 0.013533 34.07598072 0.22079334 33.92255325
  jla_mock 0.026677 35.39223536 0.19349962 35.41744509
  jla_mock 0.023360 34.86855018 0.17880596 35.12382045
  jla_mock 0.036934 36.35305691 0.19001518 36.14012659
  jla_mock 0.023552 35.47015877 0.17819828 35.14190296
  jla_mock 0.017483 34.59706713 0.19211831 34.48507280
  jla_mock 0.040259 36.46058039 0.17447686 36.33251957
  jla_mock 0.030381 35.83930837 0.20408145 35.70566190
  jla_mock 0.015504 34.72547775 0.20027602 34.22100552
  jla_mock 0.014151 34.28637167 0.18788306 34.02052423
  jla_mock 0.015487 34.51281990 0.18431337 34.21859562
  jla_mock 0.015554 34.12403806 0.19852180 34.22807833
  jla_mock 0.037075 36.22196282 0.15485493 36.14862211
  jla_mock 0.015482 34.40096433 0.20249750 34.21788633
  jla_mock 0.013324 33.72298510 0.18643777 33.88841558
  jla_mock 0.014575 34.18794145 0.20791179 34.08532079
  jla_mock 0.015791 34.37976754 0.19846605 34.26130051
  jla_mock 0.024746 35.28199509 0.17954713 35.25120075
  jla_mock 0.027748 35.57157483 0.17503344 35.50462544
  jla_mock 0.010888 33.84008842 0.25477943 33.44600638
  jla_mock 0.013652 33.87043307 0.18670962 33.94175799
  jla_mock 0.035755 35.74427120 0.16295663 36.06782528
  jla_mock 0.024725 35.47961328 0.17710562 35.24932362
  jla_mock 0.038086 36.02982898 0.17051564 36.20862960
  jla_mock 0.021541 35.27013357 0.17711857 34.94486566
  jla_mock 0.019581 34.49560641 0.17898631 34.73455541
  jla_mock 0.030416 35.71424089 0.17571774 35.70821759
  jla_mock 0.039219 36.18763536 0.17021381 36.27406046
  jla_mock 0.034971 36.01345191 0.15987848 36.01844730
  jla_mock 0.028561 35.45592008 0.17650121 35.56862791
  jla_mock 0.020997 34.90297778 0.18822756 34.88844780
  jla_mock 0.032538 35.71655461 0.18232286 35.85802163
  jla_mock 0.015469 34.18279634 0.19318910 34.21604112
  jla_mock 0.015678 34.42812193 0.20747940 34.24552235
  jla_mock 0.027499 35.38401392 0.15598630 35.48465493
  jla_mock 0.046856 36.52117511 0.17134850 36.67229170
  jla_mock 0.033173 35.84588219 0.18295753 35.90099459
  jla_mock 0.010291 32.99278684 0.23549671 33.32257649
  jla_mock 0.080103 38.12732582 0.17116407 37.88693845
  jla_mock 0.012317 33.68688938 0.20020781 33.71612539
  jla_mock 0.024586 35.18259372 0.20631378 35.23685912
  jla_mock 0.014467 34.06150212 0.20827809 34.06899482
  jla_mock 0.015154 34.30667885 0.18399751 34.17085499
  jla_mock 0.029086 35.74662668 0.17337203 35.60901553
  jla_mock 0.034781 36.23406209 0.17928903 36.00631801
  jla_mock 0.044920 36.42962036 0.14070569 36.57766347
  jla_mock 0.034074 36.29677434 0.16958177 35.96060864
  jla_mock 0.074870 37.88363732 0.14386215 37.73248819
  jla_mock 0.014960 34.18312485 0.19782876 34.14256149
  jla_mock 0.020396 34.89217958 0.17103812 34.82441926
  jla_mock 0.040689 36.60361372 0.17468105 36.35626161
  jla_mock 0.026567 35.40470704 0.18033141 35.40829726
  jla_mock 0.026881 35.17560281 0.15330990 35.43431258
  jla_mock 0.023471 34.94693199 0.17597781 35.13429215
  jla_mock 0.069122 37.24891561 0.19117659 37.55045468
  jla_mock 0.065193 37.36137528 0.15879632 37.41747470
  jla_mock 0.022980 34.83632656 0.17790505 35.08759706
  jla_mock 0.017387 34.43664598 0.19829162 34.47296098
  jla_mock 0.031485 35.88970078 0.15108749 35.78491972
  jla_mock 0.011184 33.48939114 0.19447979 33.50473574
  jla_mock 0.021956 35.30695574 0.17567209 34.98696935
  jla_mock 0.031484 35.81779713 0.15080691 35.78484917
  jla_mock 0.023321 34.99004154 0.20285194 35.12012958
  jla_mock 0.020390 35.13040506 0.18300723 34.82377071
  jla_mock 0.022466 35.27270466 0.18140785 35.03765097
  jla_mock 0.033614 36.21220484 0.18044129 35.93036816
  jla_mock 0.036969 35.96341991 0.17916902 36.14223835
  jla_mock 0.022629 35.27008452 0.18007478 35.05361062
  jla_mock 0.014700 34.28958964 0.18462322 34.10406779
  jla_mock 0.036950 36.03737743 0.14876338 36.14109221
  jla_mock 0.060959 37.46630036 0.12531329 37.26525946
  jla_mock 0.059289 37.09742390 0.12135718 37.20240586
  jla_mock 0.069751 37.85918339 0.15873536 37.57106733
  jla_mock 0.029526 35.55480406 0.17470465 35.64231764
  jla_mock 0.033255 35.99097516 0.17565362 35.90648512
  jla_mock 0.024159 35.43218845 0.18124182 35.19813107
  jla_mock 0.015999 34.27744490 0.19155982 34.29005387
  jla_mock 0.062961 37.55105765 0.16530929 37.33845928
  jla_mock 0.021706 34.86683099 0.19186355 34.96170055
  jla_mock 0.031638 35.90936858 0.18943844 35.79568859
  jla_mock 0.018599 34.44278800 0.17304818 34.62124460
  jla_mock 0.027064 35.28560238 0.17332763 35.44933715
  jla_mock 0.025468 35.30534174 0.18469991 35.31480424
  jla_mock 0.023810 35.17699918 0.19336693 35.16597435
  jla_mock 0.023867 35.27290472 0.18298494 35.17125784
  jla_mock 0.022068 34.78169554 0.16678206 34.99819802
