jla_mock     0.50308   42.54059    0.14571   42.35104
jla_mock     0.58072   42.66508    0.16123   42.72544
jla_mock     0.49479   42.41605    0.12071   42.30792
jla_mock     0.34593   41.51120    0.13253   41.39128
jla_mock     0.67766   42.90766    0.22872   43.13160
jla_mock     0.61071   42.90467    0.22549   42.85755
jla_mock     0.86649   43.59600    0.25803   43.78400
jla_mock     0.33093   41.32462    0.12801   41.27950
jla_mock     0.79857   43.13956    0.25920   43.56670
jla_mock     0.44956   42.25786    0.16140   42.06004
jla_mock     0.37144   41.72173    0.14922   41.57158
jla_mock     0.29172   40.98362    0.14231   40.96351
jla_mock     0.35582   41.37431    0.14101   41.46259
jla_mock     0.46127   42.21225    0.15587   42.12638
jla_mock     0.28361   40.92552    0.13056   40.89333
jla_mock     0.63223   43.06847    0.22183   42.94863
jla_mock     0.46641   42.23171    0.17244   42.15500
jla_mock     0.26862   40.55198    0.12820   40.75859
jla_mock     0.94689   43.65330    0.29225   44.02068
jla_mock     0.92492   44.75899    0.31213   43.95801
jla_mock     0.69317   43.41623    0.29243   43.19137
jla_mock     0.62523   43.36893    0.19089   42.91933
jla_mock     0.89694   43.29118    0.26745   43.87607
jla_mock     0.60826   42.59883    0.15987   42.84699
jla_mock     0.78905   43.29335    0.26933   43.53485
jla_mock     0.57829   42.67647    0.14638   42.71445
jla_mock     0.59028   42.84011    0.18967   42.76823
jla_mock     0.71963   43.39682    0.25305   43.29050
jla_mock     0.21003   40.11621    0.13132   40.15509
jla_mock     0.76659   43.42156    0.22577   43.45813
jla_mock     0.85851   43.45880    0.22290   43.75934
jla_mock     0.36790   41.44404    0.09931   41.54727
jla_mock     0.55875   42.73051    0.15678   42.62447
jla_mock     0.84851   43.79955    0.21739   43.72812
jla_mock     0.99639   44.23830    0.24266   44.15679
jla_mock     0.77659   43.47522    0.26449   43.49256
jla_mock     0.58293   42.82294    0.13307   42.73539
jla_mock     0.58374   42.75028    0.16753   42.73903
jla_mock     0.79655   43.45233    0.22888   43.55998
jla_mock     0.58872   42.98675    0.15579   42.76129
jla_mock     0.91347   44.03245    0.24294   43.92478
jla_mock     0.76859   43.43346    0.23905   43.46504
jla_mock     0.94846   43.96712    0.26528   44.02509
jla_mock     0.51379   42.61109    0.15288   42.40578
jla_mock     0.73361   43.34256    0.19294   43.34148
jla_mock     0.63770   42.99423    0.27011   42.97130
jla_mock     0.76559   43.45185    0.21114   43.45466
jla_mock     0.43486   42.30876    0.15773   41.97447
jla_mock     0.98341   44.36474    0.25880   44.12175
jla_mock     0.58374   42.69775    0.16233   42.73903
jla_mock     0.70063   43.18729    0.21687   43.21970
jla_mock     0.66206   43.43763    0.21295   43.07010
jla_mock     0.83813   43.58848    0.28077   43.69533
jla_mock     0.62187   42.50513    0.17547   42.90516
jla_mock     0.37059   41.46227    0.14292   41.56572
jla_mock     0.41663   41.75225    0.13815   41.86455
jla_mock     0.35857   41.53382    0.10704   41.48209
jla_mock     0.45168   42.14405    0.15279   42.07216
jla_mock     0.52276   42.86481    0.16113   42.45081
jla_mock     0.73400   43.00318    0.30409   43.34288
jla_mock     0.70196   43.04909    0.31177   43.22473
jla_mock     0.74201   43.29194    0.29013   43.37166
jla_mock     0.74612   43.72434    0.21822   43.38631
jla_mock     0.34956   41.40296    0.13473   41.41768
jla_mock     0.59183   42.92033    0.15357   42.77513
jla_mock     0.51475   42.51800    0.15561   42.41060
jla_mock     0.62063   42.94450    0.18447   42.89990
jla_mock     0.64365   43.02448    0.24392   42.99574
jla_mock     1.00280   44.57711    0.33217   44.17391
jla_mock     0.47059   42.28520    0.14421   42.17801
jla_mock     0.61064   42.72893    0.15878   42.85725
jla_mock     0.26349   40.74017    0.12805   40.71081
jla_mock     0.35834   41.29927    0.12919   41.48044
jla_mock     0.74270   43.03786    0.25909   43.37412
jla_mock     0.45156   41.95175    0.11539   42.07145
jla_mock     0.91075   44.34907    0.26165   43.91682
jla_mock     0.55261   42.34987    0.15821   42.59559
jla_mock     0.33753   41.31459    0.12813   41.32927
jla_mock     0.75068   43.60822    0.24281   43.40248
jla_mock     0.98378   43.83808    0.34665   44.12275
jla_mock     0.82270   43.80388    0.22176   43.64588
jla_mock     0.81370   43.82824    0.24257   43.61661
jla_mock     0.95076   44.19519    0.26473   44.03158
jla_mock     0.81773   43.81310    0.24643   43.62977
jla_mock     0.34052   41.39983    0.12574   41.35149
jla_mock     0.96075   43.60938    0.28766   44.05949
jla_mock     0.81072   43.85014    0.27276   43.60686
jla_mock     0.75669   43.18078    0.24755   43.42362
jla_mock     0.61125   42.88953    0.18573   42.85987
jla_mock     0.87797   43.76770    0.22379   43.81907
jla_mock     0.54832   42.63012    0.14258   42.57529
jla_mock     0.80903   43.86288    0.23222   43.60132
jla_mock     1.02880   44.40858    0.28337   44.24234
jla_mock     0.62724   43.10762    0.17555   42.92776
jla_mock     0.42245   41.82751    0.15607   41.90012
jla_mock     0.93390   44.06495    0.35000   43.98380
jla_mock     0.70116   43.12502    0.22741   43.22169
jla_mock     0.69716   43.13968    0.20952   43.20658
jla_mock     0.68518   43.68935    0.27044   43.16074
jla_mock     0.76707   43.39242    0.25234   43.45981
jla_mock     0.93190   43.95111    0.25137   43.97808
jla_mock     0.86398   44.10103    0.24510   43.77625
jla_mock     0.74910   43.81859    0.22590   43.39689
jla_mock     0.51435   42.53635    0.15357   42.40861
jla_mock     0.46841   42.33766    0.11440   42.16601
jla_mock     0.47040   42.41711    0.15655   42.17698
jla_mock     0.95887   44.35341    0.27681   44.05426
jla_mock     0.92791   44.21951    0.29724   43.96663
jla_mock     0.84052   43.69488    0.21913   43.70293
jla_mock     0.63070   43.30494    0.17083   42.94224
jla_mock     0.56275   42.67874    0.14441   42.64315
jla_mock     0.61570   42.85826    0.16969   42.87892
jla_mock     0.82853   43.70599    0.22446   43.66467
jla_mock     0.56474   42.59846    0.16043   42.65238
jla_mock     0.57874   42.89138    0.14758   42.71650
jla_mock     0.55774   42.47934    0.15832   42.61978
jla_mock     0.86450   43.54976    0.22870   43.77785
jla_mock     0.73561   43.57599    0.23469   43.34870
jla_mock     0.85851   43.46579    0.28337   43.75932
jla_mock     0.26198   40.73299    0.10443   40.69667
jla_mock     0.58574   42.88395    0.18661   42.74800
jla_mock     0.76158   43.09457    0.21599   43.44073
jla_mock     0.48880   42.15984    0.11155   42.27631
jla_mock     0.85852   44.08729    0.27431   43.75935
jla_mock     0.68866   43.31682    0.18053   43.17412
jla_mock     0.55874   42.27454    0.15492   42.62446
jla_mock     0.32453   41.13519    0.12602   41.23036
jla_mock     0.48070   42.18877    0.10839   42.23305
jla_mock     0.18537   39.85335    0.13096   39.85305
jla_mock     0.92222   44.10910    0.33855   43.95022
jla_mock     0.68194   43.56151    0.19640   43.14823
jla_mock     0.47571   42.28653    0.10811   42.20600
jla_mock     0.92221   44.09384    0.27644   43.95018
jla_mock     0.89318   43.86660    0.25783   43.86487
jla_mock     0.42865   42.01169    0.14144   41.93748
jla_mock     0.63188   42.95132    0.23474   42.94717
jla_mock     0.69996   43.19872    0.25835   43.21717
jla_mock     0.73601   43.48400    0.26469   43.35013
jla_mock     0.57582   42.84516    0.15954   42.70324
jla_mock     0.41863   41.82993    0.10652   41.87683
jla_mock     0.51175   42.50778    0.12001   42.39540
jla_mock     0.53577   42.65671    0.12653   42.51485
jla_mock     0.64189   43.15530    0.21547   42.98856
jla_mock     0.73500   43.24329    0.22720   43.34649
jla_mock     0.35156   41.35081    0.13079   41.43211
jla_mock     0.60986   43.19688    0.17401   42.85388
jla_mock     0.34956   41.47715    0.13437   41.41766
jla_mock     0.70197   42.96163    0.18820   43.22475
jla_mock     0.35526   41.53595    0.10428   41.45861
jla_mock     0.98328   44.93430    0.25757   44.12140
jla_mock     0.87215   43.49920    0.26598   43.80134
jla_mock     0.75903   43.49263    0.20819   43.43183
jla_mock     0.92622   44.00700    0.24599   43.96176
jla_mock     0.64364   43.13391    0.22846   42.99573
jla_mock     0.41957   42.04657    0.13773   41.88255
jla_mock     0.51559   42.25911    0.20314   42.41484
jla_mock     0.89073   44.06331    0.21058   43.85753
jla_mock     0.80570   43.44387    0.22987   43.59033
jla_mock     0.48057   42.26840    0.10875   42.23231
jla_mock     0.80070   44.44310    0.24546   43.57378
jla_mock     0.58060   42.97314    0.18881   42.72490
jla_mock     0.71565   43.33588    0.24397   43.27584
jla_mock     0.80570   43.51976    0.23277   43.59033
jla_mock     0.76668   43.95487    0.25284   43.45846
jla_mock     0.66464   43.52354    0.19579   43.08037
jla_mock     0.90174   43.80676    0.25191   43.89028
jla_mock     0.74567   43.59910    0.21143   43.38470
jla_mock     0.71868   43.59595    0.20380   43.28702
jla_mock     0.73669   43.56978    0.19636   43.35259
jla_mock     0.57960   42.77625    0.12085   42.72037
jla_mock     0.37053   41.71319    0.10257   41.56534
jla_mock     0.96074   44.01108    0.23956   44.05946
jla_mock     0.85073   43.42330    0.21180   43.73508
jla_mock     0.64864   42.98656    0.19255   43.01611
jla_mock     0.21946   40.35390    0.13037   40.26197
jla_mock     0.93676   44.39972    0.24130   43.99195
jla_mock     0.64764   43.04623    0.17876   43.01204
jla_mock     0.46156   42.31342    0.13341   42.12800
jla_mock     0.60060   42.96168    0.17945   42.81372
jla_mock     0.67065   42.80762    0.23101   43.10415
jla_mock     0.76070   43.43522    0.20946   43.43765
jla_mock     0.24649   40.41078    0.13212   40.54638
jla_mock     0.47057   42.19939    0.14759   42.17794
jla_mock     0.16945   39.59334    0.11210   39.63766
jla_mock     0.49738   42.37580    0.12913   42.32144
jla_mock     0.63823   43.03922    0.19689   42.97350
jla_mock     0.50737   42.29213    0.14543   42.37308
jla_mock     0.53533   42.72135    0.14230   42.51269
jla_mock     0.58728   42.72160    0.16639   42.75489
jla_mock     0.77308   43.43507    0.25621   43.48052
jla_mock     0.69917   43.33427    0.22210   43.21417
jla_mock     0.37051   41.66269    0.12736   41.56520
jla_mock     0.76109   43.29900    0.22809   43.43902
jla_mock     0.69917   43.12566    0.21960   43.21418
jla_mock     0.78806   43.69957    0.19242   43.53150
jla_mock     0.37351   41.70692    0.13203   41.58571
jla_mock     0.40548   41.96254    0.13199   41.79507
jla_mock     0.85299   43.98273    0.25729   43.74216
jla_mock     0.80805   43.68606    0.24185   43.59808
jla_mock     0.60327   42.88875    0.18398   42.82536
jla_mock     0.58329   42.87518    0.17903   42.73700
jla_mock     0.53434   42.50161    0.14774   42.50785
jla_mock     0.72014   43.52111    0.24070   43.29239
jla_mock     0.40048   41.39254    0.21061   41.76340
jla_mock     0.83700   43.72920    0.21503   43.69176
jla_mock     0.37151   41.62527    0.10193   41.57203
jla_mock     0.80604   43.70229    0.25908   43.59147
jla_mock     0.84001   43.88754    0.23507   43.70129
jla_mock     0.50073   42.44994    0.12981   42.33885
jla_mock     0.53277   42.62483    0.17422   42.50018
jla_mock     0.53377   42.78990    0.18215   42.50508
jla_mock     0.93223   43.97214    0.34153   43.97902
jla_mock     0.82210   44.00835    0.25791   43.64395
jla_mock     0.55380   42.41467    0.13545   42.60122
jla_mock     0.12530   38.96289    0.13709   38.92294
jla_mock     0.84212   43.69798    0.28303   43.70800
jla_mock     0.44367   42.30169    0.15187   42.02605
jla_mock     0.72767   42.95023    0.24978   43.31996
jla_mock     0.68366   42.41582    0.41253   43.15487
jla_mock     0.44255   42.08498    0.13368   42.01954
jla_mock     0.72668   43.11476    0.20022   43.31634
jla_mock     0.28251   40.87732    0.12748   40.88366
jla_mock     0.40455   41.85138    0.12965   41.78921
jla_mock     0.51961   42.66201    0.13964   42.43507
jla_mock     0.69065   43.29962    0.23215   43.18177
jla_mock     1.06080   44.04689    0.27869   44.32423
jla_mock     0.57661   42.60013    0.15376   42.70683
jla_mock     0.26849   40.80304    0.12614   40.75735
jla_mock     0.72068   43.62987    0.25107   43.29438
jla_mock     0.25050   40.57755    0.13111   40.58606
jla_mock     0.76069   43.37349    0.27664   43.43763
jla_mock     0.69817   43.10944    0.26129   43.21038
jla_mock     0.55031   42.62262    0.16854   42.58475
jla_mock     0.73013   43.48318    0.23525   43.32888
jla_mock     0.84798   43.91114    0.24703   43.72647
jla_mock     0.99783   44.42463    0.24706   44.16064
jla_mock     0.43545   42.04586    0.13052   41.97792
jla_mock     0.40947   41.72071    0.12922   41.82014
jla_mock     0.30159   41.15847    0.12599   41.04659
jla_mock     1.29911   44.80451    0.19341   44.86622
jla_mock     1.02081   44.66252    0.23668   44.22149
jla_mock     0.83973   43.71996    0.19265   43.70043
jla_mock     1.12085   44.40982    0.20807   44.47149
jla_mock     1.23089   44.80140    0.23900   44.72199
jla_mock     0.97423   44.29267    0.18427   44.09670
jla_mock     0.97078   44.01532    0.33863   44.08723
jla_mock     0.06423   37.31443    0.15073   37.38367
jla_mock     0.12903   39.05818    0.16417   38.99182
jla_mock     0.10289   38.75922    0.14984   38.46361
jla_mock     0.04413   36.55791    0.17360   36.53791
jla_mock     0.11304   38.65575    0.15277   38.68229
jla_mock     0.25611   40.53946    0.20496   40.64067
jla_mock     0.38026   41.11214    0.28703   41.63124
jla_mock     0.14547   39.51645    0.16219   39.27457
jla_mock     0.08889   38.11872    0.14637   38.12583
jla_mock     0.26059   40.83835    0.18294   40.68349
jla_mock     0.07891   37.82658    0.15603   37.85259
jla_mock     0.08304   37.96220    0.15332   37.96945
jla_mock     0.16565   39.98679    0.13854   39.58339
jla_mock     0.16817   39.59930    0.16196   39.61946
jla_mock     0.17063   39.62679    0.16521   39.65419
jla_mock     0.17028   39.69102    0.17036   39.64928
jla_mock     0.12044   38.75977    0.15110   38.83033
jla_mock     0.27653   40.88509    0.21444   40.83051
jla_mock     0.23160   40.77559    0.18253   40.39347
jla_mock     0.30569   40.94360    0.26735   41.08035
jla_mock     0.07997   37.94709    0.16566   37.88313
jla_mock     0.17415   39.84201    0.15831   39.70309
jla_mock     0.13868   38.99074    0.16605   39.16161
jla_mock     0.14607   39.23248    0.16392   39.28432
jla_mock     0.08133   38.11891    0.14393   37.92176
jla_mock     0.23380   40.65161    0.17178   40.41662
jla_mock     0.25655   40.54401    0.17733   40.64491
jla_mock     0.24562   40.29063    0.20041   40.53766
jla_mock     0.12593   38.92184    0.19133   38.93474
jla_mock     0.22351   39.93448    0.21583   40.30655
jla_mock     0.10264   38.50425    0.14664   38.45798
jla_mock     0.11967   38.46464    0.14567   38.81533
jla_mock     0.18055   39.73176    0.16851   39.78968
jla_mock     0.19709   40.17171    0.17390   40.00094
jla_mock     0.22916   40.11186    0.19939   40.36755
jla_mock     0.26451   40.59438    0.19876   40.72040
jla_mock     0.10337   38.52645    0.12264   38.47441
jla_mock     0.36441   41.70584    0.23043   41.52305
jla_mock     0.20560   40.03080    0.15584   40.10331
jla_mock     0.17981   40.08424    0.19620   39.77982
jla_mock     0.19959   39.98835    0.18224   40.03143
jla_mock     0.15653   39.57391    0.15013   39.44844
jla_mock     0.16180   39.73078    0.14761   39.52729
jla_mock     0.20953   39.87015    0.20608   40.14927
jla_mock     0.24179   40.13998    0.19813   40.49904
jla_mock     0.23646   40.26758    0.16266   40.44434
jla_mock     0.22668   40.05182    0.21051   40.34095
jla_mock     0.29678   40.96453    0.19716   41.00643
jla_mock     0.20852   40.08705    0.16317   40.13754
jla_mock     0.25104   40.16750    0.22086   40.59138
jla_mock     0.25012   40.76825    0.17967   40.58234
jla_mock     0.11771   38.92793    0.14551   38.77674
jla_mock     0.21971   40.12472    0.16999   40.26472
jla_mock     0.14901   39.39695    0.14890   39.33153
jla_mock     0.28742   40.77424    0.18840   40.92654
jla_mock     0.14360   39.16518    0.16640   39.24396
jla_mock     0.32837   41.40897    0.19601   41.25993
jla_mock     0.24625   40.64326    0.16507   40.54396
jla_mock     0.11966   39.07858    0.15027   38.81514
jla_mock     0.32838   41.19936    0.27642   41.26001
jla_mock     0.21513   40.13769    0.18367   40.21341
jla_mock     0.14478   39.19688    0.13617   39.26332
jla_mock     0.13243   38.83064    0.12839   39.05296
jla_mock     0.21082   40.12298    0.16235   40.16418
jla_mock     0.20399   40.17705    0.15781   40.08425
jla_mock     0.27952   40.88255    0.16701   40.85722
jla_mock     0.04428   36.42207    0.15510   36.54551
jla_mock     0.18037   39.80285    0.15078   39.78729
jla_mock     0.26070   40.69700    0.18972   40.68453
jla_mock     0.05654   37.08573    0.18697   37.09513
jla_mock     0.21260   40.44504    0.19195   40.18462
jla_mock     0.36941   41.55112    0.23700   41.55764
jla_mock     0.17386   39.68653    0.13052   39.69910
jla_mock     0.14265   39.10618    0.16863   39.22827
jla_mock     0.17789   39.40589    0.17323   39.75404
jla_mock     0.32837   41.16848    0.20656   41.25993
jla_mock     0.25351   40.64540    0.19561   40.61551
jla_mock     0.30001   40.90548    0.19320   41.03346
jla_mock     0.10589   38.37600    0.14608   38.53030
jla_mock     0.22328   40.33118    0.16844   40.30404
jla_mock     0.11845   38.78289    0.12252   38.79138
jla_mock     0.17653   39.80335    0.17119   39.73563
jla_mock     0.18280   40.02501    0.18907   39.81945
jla_mock     0.29762   41.66077    0.22708   41.01348
jla_mock     0.19699   39.84490    0.16337   39.99971
jla_mock     0.15295   39.42205    0.14755   39.39345
jla_mock     0.24850   40.66713    0.17448   40.56634
jla_mock     0.13818   39.28117    0.12409   39.15309
jla_mock     0.20704   40.03810    0.17045   40.12025
jla_mock     0.21468   40.20288    0.18060   40.20831
jla_mock     0.30632   41.09265    0.21503   41.08550
jla_mock     0.24695   40.65198    0.17120   40.55095
jla_mock     0.19801   40.13546    0.14490   40.01220
jla_mock     0.22256   40.30764    0.15195   40.29616
jla_mock     0.13508   39.17319    0.15131   39.09960
jla_mock     0.21054   40.50083    0.18261   40.16096
jla_mock     0.27258   40.73489    0.16911   40.79482
jla_mock     0.24660   40.66410    0.16169   40.54746
jla_mock     0.22068   40.27045    0.19429   40.27546
jla_mock     0.27447   40.93680    0.19147   40.81196
jla_mock     0.17656   40.06495    0.15540   39.73604
jla_mock     0.31088   41.42161    0.22016   41.12250
jla_mock     0.18435   39.95180    0.17308   39.83976
jla_mock     0.15935   39.61006    0.14827   39.49093
jla_mock     0.21976   40.20958    0.16605   40.26527
jla_mock     0.25205   40.59317    0.18410   40.60127
jla_mock     0.18122   39.78518    0.14940   39.79858
jla_mock     0.17373   39.36506    0.13336   39.69730
jla_mock     0.38047   41.79246    0.24246   41.63265
jla_mock     0.17865   39.50498    0.17172   39.76428
jla_mock     0.24568   40.55019    0.18910   40.53826
jla_mock     0.20910   40.11363    0.16102   40.14428
jla_mock     0.24947   40.60331    0.20971   40.57593
jla_mock     0.13392   38.97141    0.16606   39.07929
jla_mock     0.17706   39.58856    0.16040   39.74282
jla_mock     0.28111   40.83351    0.18775   40.87131
jla_mock     0.17383   39.82902    0.15187   39.69868
jla_mock     0.19654   39.75724    0.16513   39.99418
jla_mock     0.36397   41.07008    0.22725   41.51999
jla_mock     0.37835   41.47143    0.26733   41.61843
jla_mock     0.31646   41.18562    0.21039   41.16711
jla_mock     0.18322   39.94319    0.13519   39.82497
jla_mock     0.24102   40.65803    0.16774   40.49121
jla_mock     0.20203   39.82990    0.19953   40.06085
jla_mock     0.16869   39.55059    0.16512   39.62684
jla_mock     0.19794   40.07482    0.17492   40.01135
jla_mock     0.12276   39.01946    0.14575   38.87499
jla_mock     0.20318   39.91831    0.16105   40.07461
jla_mock     0.12739   38.84115    0.14896   38.96178
jla_mock     0.27549   40.62423    0.19973   40.82116
jla_mock     0.14468   39.30812    0.14722   39.26169
jla_mock     0.33436   41.35977    0.24978   41.30545
jla_mock     0.19580   39.63945    0.15393   39.98507
jla_mock     0.19392   40.12363    0.16375   39.96176
jla_mock     0.24973   40.59006    0.18581   40.57850
jla_mock     0.14860   39.32207    0.14880   39.32499
jla_mock     0.15596   39.76573    0.14872   39.43976
jla_mock     0.09582   38.31793    0.15035   38.29889
jla_mock     0.15065   39.36429    0.15873   39.35748
jla_mock     0.30933   41.10246    0.24716   41.10998
jla_mock     0.24857   40.38840    0.17340   40.56704
jla_mock     0.36554   41.74914    0.24312   41.53091
jla_mock     0.11771   38.62265    0.12848   38.77674
jla_mock     0.19176   40.12300    0.14428   39.93472
jla_mock     0.18255   40.01600    0.16171   39.81616
jla_mock     0.23472   40.58669    0.18445   40.42624
jla_mock     0.24647   40.79876    0.19928   40.54616
jla_mock     0.28845   40.65133    0.18873   40.93544
jla_mock     0.20960   40.06937    0.19927   40.15008
jla_mock     0.19198   40.10495    0.17965   39.93748
jla_mock     0.11402   38.95598    0.12215   38.70241
jla_mock     0.11389   38.36841    0.18397   38.69975
jla_mock     0.19880   40.01936    0.20967   40.02183
jla_mock     0.22058   40.24553    0.22796   40.27436
jla_mock     0.18257   40.14407    0.16454   39.81642
jla_mock     0.15895   39.48518    0.16373   39.48495
jla_mock     0.07849   37.94514    0.14912   37.84038
jla_mock     0.13864   39.00599    0.13217   39.16093
jla_mock     0.18079   39.56833    0.15446   39.79287
jla_mock     0.17757   39.96540    0.18629   39.74972
jla_mock     0.17066   39.42854    0.16102   39.65461
jla_mock     0.23381   40.56213    0.20859   40.41672
jla_mock     0.07153   37.69259    0.17411   37.62842
jla_mock     0.15463   39.69479    0.18792   39.41940
jla_mock     0.09010   38.29636    0.15951   38.15695
jla_mock     0.17658   39.87786    0.20449   39.73631
jla_mock     0.13045   39.18609    0.16441   39.01753
jla_mock     0.18204   39.53753    0.17167   39.80943
jla_mock     0.25617   40.35108    0.17261   40.64125
jla_mock     0.13811   39.01285    0.14854   39.15189
jla_mock     0.17070   40.10801    0.16750   39.65518
jla_mock     0.21674   40.26094    0.14793   40.23156
jla_mock     0.24555   40.46555    0.17888   40.53696
jla_mock     0.14382   39.36589    0.16710   39.24758
jla_mock     0.24862   40.61212    0.18856   40.56753
jla_mock     0.14533   39.30662    0.17139   39.27229
jla_mock     0.13588   39.12260    0.12760   39.11351
jla_mock     0.05874   37.39571    0.12754   37.18137
jla_mock     0.03652   36.10066    0.15192   36.11500
jla_mock     0.27749   40.92220    0.22703   40.83912
jla_mock     0.20515   40.41847    0.29701   40.09800
jla_mock     0.28051   40.93766    0.20079   40.86600
jla_mock     0.19867   40.02516    0.16216   40.02025
jla_mock     0.15999   39.71500    0.15164   39.50048
jla_mock     0.21075   40.17583    0.18113   40.16338
jla_mock     0.07195   37.73303    0.17246   37.64176
jla_mock     0.23782   40.17487    0.19074   40.45841
jla_mock     0.14139   39.11466    0.17359   39.20730
jla_mock     0.15506   39.47929    0.15761   39.42600
jla_mock     0.37013   42.05390    0.22887   41.56259
jla_mock     0.09391   38.50234    0.17056   38.25241
jla_mock     0.11863   38.70318    0.17058   38.79493
jla_mock     0.15363   39.65625    0.15381   39.40398
jla_mock     0.25356   40.74479    0.16810   40.61600
jla_mock     0.10725   38.67746    0.14420   38.55994
jla_mock     0.12961   38.93901    0.15302   39.00235
jla_mock     0.26665   40.55667    0.19376   40.74033
jla_mock     0.21226   40.35915    0.16263   40.18073
jla_mock     0.27822   40.75905    0.18167   40.84564
jla_mock     0.24540   40.34565    0.16812   40.53546
jla_mock     0.13362   39.11877    0.15059   39.07401
jla_mock     0.17656   39.75512    0.16208   39.73604
jla_mock     0.11368   38.57387    0.14584   38.69545
jla_mock     0.32038   40.98234    0.26368   41.19801
jla_mock     0.11271   38.76076    0.12253   38.67548
jla_mock     0.10602   38.53594    0.14473   38.53314
jla_mock     0.39135   41.65903    0.26610   41.70449
jla_mock     0.15575   39.27248    0.14612   39.43656
jla_mock     0.18667   39.68643    0.16762   39.86986
jla_mock     0.19671   40.10300    0.16670   39.99627
jla_mock     0.19191   39.94324    0.17339   39.93660
jla_mock     0.19084   39.99147    0.15088   39.92311
jla_mock     0.17625   39.75160    0.15361   39.73182
jla_mock     0.12837   38.78035    0.15036   38.97977
jla_mock     0.12262   38.87801    0.14734   38.87232
jla_mock     0.12715   38.81934    0.14706   38.95736
jla_mock     0.21323   40.02460    0.17621   40.19182
jla_mock     0.21861   40.42858    0.18110   40.25249
jla_mock     0.26856   40.60348    0.19152   40.75800
jla_mock     0.20466   40.01400    0.16519   40.09220
jla_mock     0.26710   40.45348    0.17378   40.74451
jla_mock     0.21757   40.33501    0.17265   40.24087
jla_mock     0.24185   40.36975    0.17151   40.49965
jla_mock     0.29350   41.15661    0.20072   40.97870
jla_mock     0.35346   41.73255    0.23114   41.44575
jla_mock     0.18563   39.77641    0.15495   39.85641
jla_mock     0.28543   40.67629    0.19928   40.90924
jla_mock     0.19494   40.05647    0.16836   39.97443
jla_mock     0.07592   37.87212    0.14500   37.76429
jla_mock     0.16357   39.42753    0.15778   39.55323
jla_mock     0.25721   40.78671    0.20821   40.65125
jla_mock     0.21955   40.19575    0.18725   40.26294
jla_mock     0.17558   39.67374    0.15163   39.72269
jla_mock     0.22667   40.07413    0.18608   40.34084
jla_mock     0.15322   39.13494    0.15082   39.39764
jla_mock     0.21025   40.53664    0.19550   40.15761
jla_mock     0.12164   38.86055    0.12361   38.85353
jla_mock     0.29135   40.81722    0.19905   40.96037
jla_mock     0.29448   40.89193    0.27860   40.98701
jla_mock     0.16455   39.32918    0.12599   39.56749
jla_mock     0.30702   41.25161    0.20907   41.09122
jla_mock     0.19863   39.97826    0.16158   40.01976
jla_mock     0.26821   40.83115    0.21540   40.75477
jla_mock     0.40128   42.02200    0.24823   41.76846
jla_mock     0.13668   39.10691    0.15334   39.12735
jla_mock     0.29542   40.76113    0.24720   40.99496
jla_mock     0.29192   40.85203    0.19220   40.96524
jla_mock     0.09007   38.41028    0.12097   38.15619
jla_mock     0.20557   39.88063    0.18293   40.10296
jla_mock     0.14582   39.45873    0.14935   39.28026
jla_mock     0.11767   38.93623    0.14487   38.77595
jla_mock     0.05499   37.06022    0.14998   37.03240
jla_mock     0.17420   39.61028    0.15143   39.70378
jla_mock     0.24495   40.77359    0.18021   40.53095
jla_mock     0.22452   40.31431    0.18250   40.31756
jla_mock     0.24558   40.26473    0.16228   40.53726
jla_mock     0.28351   40.66131    0.21250   40.89245
jla_mock     0.18056   39.91555    0.17619   39.78982
jla_mock     0.10391   38.55386    0.12352   38.48649
jla_mock     0.12961   38.98039    0.15327   39.00235
jla_mock     0.24352   40.74077    0.16046   40.51656
jla_mock     0.33136   41.75869    0.26935   41.28275
jla_mock     0.24348   40.55696    0.19048   40.51615
jla_mock     0.31468   40.98279    0.17578   41.15296
jla_mock     0.21865   40.32503    0.18935   40.25293
jla_mock     0.26014   40.37890    0.21926   40.67922
jla_mock     0.28243   40.92342    0.19831   40.88296
jla_mock     0.30041   41.00297    0.20582   41.03679
jla_mock     0.15186   39.40979    0.14864   39.37647
jla_mock     0.26357   40.77955    0.18937   40.71159
jla_mock     0.21382   40.37962    0.20621   40.19854
jla_mock     0.16284   39.52697    0.16762   39.54256
jla_mock     0.12440   38.97001    0.17141   38.90608
jla_mock     0.19465   40.08931    0.13939   39.97083
jla_mock     0.20554   40.05478    0.18299   40.10260
jla_mock     0.10667   38.63884    0.14589   38.54734
jla_mock     0.18772   39.79938    0.18725   39.88338
jla_mock     0.16387   39.60039    0.15682   39.55760
jla_mock     0.29021   41.22328    0.19470   40.95060
jla_mock     0.09401   38.03864    0.12498   38.25487
jla_mock     0.22786   40.02361    0.18010   40.35364
jla_mock     0.10751   38.53072    0.14765   38.56556
jla_mock     0.31065   41.10422    0.22259   41.12065
jla_mock     0.14564   39.23481    0.15576   39.27734
jla_mock     0.08784   37.94561    0.12610   38.09850
jla_mock     0.14839   39.15222    0.15573   39.32164
jla_mock     0.28662   40.84738    0.19366   40.91960
jla_mock     0.12281   38.79965    0.13329   38.87594
jla_mock     0.18655   39.95843    0.20280   39.86832
jla_mock     0.12893   38.75343    0.15504   38.99000
jla_mock     0.19422   39.61853    0.16864   39.96549
jla_mock     0.14800   39.49964    0.14676   39.31541
jla_mock     0.21179   40.00528    0.22866   40.17534
jla_mock     0.17962   39.65617    0.17351   39.77728
jla_mock     0.26349   40.76595    0.18130   40.71084
jla_mock     0.19215   39.93708    0.15957   39.93962
jla_mock     0.33880   41.38323    0.22988   41.33871
jla_mock     0.11741   38.97125    0.14767   38.77078
jla_mock     0.14310   39.12777    0.16842   39.23571
jla_mock     0.16035   39.40912    0.13218   39.50583
jla_mock     0.28872   41.28006    0.21130   40.93777
jla_mock     0.12303   38.55760    0.15465   38.88013
jla_mock     0.26405   40.85462    0.18534   40.71609
jla_mock     0.12608   39.15295    0.17183   38.93753
jla_mock     0.17374   39.63677    0.14981   39.69744
jla_mock     0.16440   39.58467    0.14973   39.56531
jla_mock     0.24961   40.75265    0.16242   40.57731
jla_mock     0.15999   39.61490    0.15137   39.50048
jla_mock     0.24448   40.31084    0.15150   40.52623
jla_mock     0.24851   40.32009    0.17708   40.56644
jla_mock     0.22893   40.43407    0.16848   40.36509
jla_mock     0.08528   37.99487    0.14385   38.03054
jla_mock     0.06282   37.31241    0.14855   37.33331
jla_mock     0.27745   40.94621    0.23370   40.83876
jla_mock     0.27544   40.95157    0.21508   40.82071
jla_mock     0.33051   41.40060    0.21088   41.27628
jla_mock     0.36193   41.47837    0.24565   41.50573
jla_mock     0.33103   41.06829    0.21801   41.28024
jla_mock     0.16050   39.58699    0.12715   39.50806
jla_mock     0.30021   41.28253    0.20430   41.03513
jla_mock     0.11635   38.81950    0.12231   38.74960
jla_mock     0.21829   40.19410    0.16062   40.24892
jla_mock     0.11967   39.00165    0.12046   38.81533
jla_mock     0.15473   39.23883    0.12395   39.42094
jla_mock     0.17810   40.00632    0.16563   39.75688
jla_mock     0.25037   40.48935    0.16561   40.58480
jla_mock     0.25174   40.59538    0.14466   40.59824
jla_mock     0.12953   39.15208    0.14519   39.00090
jla_mock     0.30929   40.98909    0.18811   41.10966
jla_mock     0.27852   40.74492    0.17882   40.84832
jla_mock     0.18581   39.98670    0.13606   39.85875
jla_mock     0.06651   37.55790    0.17228   37.46289
jla_mock     0.25800   40.56167    0.18757   40.65882
jla_mock     0.29888   41.53479    0.21609   41.02403
jla_mock     0.27044   40.96716    0.22437   40.77528
jla_mock     0.27916   40.87792    0.17184   40.85402
jla_mock     0.29287   40.89472    0.21554   40.97334
jla_mock     0.18965   39.87841    0.15711   39.90803
jla_mock     0.26576   40.80494    0.19291   40.73206
jla_mock     0.12376   38.86473    0.14509   38.89399
jla_mock     0.18255   39.88711    0.14972   39.81616
jla_mock     0.05634   37.22152    0.14895   37.08713
jla_mock     0.31288   41.16831    0.18264   41.13858
jla_mock     0.30915   41.04557    0.22329   41.10853
jla_mock     0.20061   40.24993    0.15588   40.04377
jla_mock     0.32640   41.70654    0.20549   41.24480
jla_mock     0.21163   40.09499    0.13899   40.17351
jla_mock     0.17969   39.79092    0.15636   39.77821
jla_mock     0.30240   41.09723    0.19662   41.05329
jla_mock     0.10924   38.66393    0.14870   38.60268
jla_mock     0.08522   38.12719    0.15002   38.02892
jla_mock     0.20231   40.29823    0.16132   40.06421
jla_mock     0.12649   38.83523    0.15585   38.94515
jla_mock     0.21457   40.17448    0.16813   40.20706
jla_mock     0.32045   41.35078    0.19169   41.19856
jla_mock     0.21835   40.58230    0.17273   40.24959
jla_mock     0.19010   39.99760    0.15982   39.91374
jla_mock     0.09243   38.31516    0.15614   38.21577
jla_mock     0.37986   41.37143    0.18489   41.62856
jla_mock     0.21134   40.00137    0.16608   40.17017
jla_mock     0.25833   40.66785    0.18012   40.66198
jla_mock     0.18327   39.64819    0.16856   39.82563
jla_mock     0.21295   40.09653    0.17785   40.18862
jla_mock     0.11651   38.87187    0.15544   38.75281
jla_mock     0.14401   39.15596    0.17186   39.25071
jla_mock     0.25249   40.75406    0.18600   40.60557
jla_mock     0.25539   40.85292    0.21320   40.63373
jla_mock     0.21698   40.28323    0.18861   40.23425
jla_mock     1.26590   44.68591    0.22380   44.79699
jla_mock     0.93577   44.17847    0.22959   43.98915
jla_mock     0.04952   36.70079    0.20229   36.79644
jla_mock     0.03033   35.89510    0.18208   35.70157
jla_mock     0.07458   37.76799    0.21873   37.72360
jla_mock     0.02520   35.25295    0.22034   35.29123
jla_mock     0.01441   33.44886    0.20528   34.06048
jla_mock     0.02079   34.96068    0.19750   34.86681
jla_mock     0.03522   35.84259    0.20378   36.03412
jla_mock     0.04166   36.45477    0.21523   36.40883
jla_mock     0.04240   36.62644    0.20619   36.44838
jla_mock     0.01890   34.51432    0.18362   34.65682
jla_mock     0.07884   37.62152    0.21534   37.85056
jla_mock     0.06334   37.12739    0.20759   37.35224
jla_mock     0.02764   35.14986    0.23142   35.49574
jla_mock     0.04933   36.68378    0.21068   36.78762
jla_mock     0.07015   37.49862    0.22041   37.58415
jla_mock     0.02391   35.16660    0.18368   35.17514
jla_mock     0.05313   37.28736    0.22336   36.95466
jla_mock     0.02495   35.39569    0.18978   35.26944
jla_mock     0.01566   34.15355    0.20165   34.24356
jla_mock     0.04898   36.54367    0.15986   36.77203
jla_mock     0.02240   35.15500    0.18928   35.03106
jla_mock     0.03485   35.57249    0.23666   36.01099
jla_mock     0.01697   34.61464    0.20291   34.41905
jla_mock     0.03072   35.82976    0.18172   35.73037
jla_mock     0.03048   35.37292    0.18204   35.71303
jla_mock     0.01055   33.69757    0.21945   33.37697
jla_mock     0.01426   34.04944    0.17171   34.03675
jla_mock     0.02769   35.20061    0.18125   35.49983
jla_mock     0.05386   37.05721    0.15904   36.98558
jla_mock     0.01767   34.49611    0.19251   34.50873
jla_mock     0.01745   34.40654    0.17037   34.48092
jla_mock     0.01557   34.05967    0.20220   34.23076
jla_mock     0.01006   33.22293    0.23113   33.27290
jla_mock     0.05493   37.28575    0.18431   37.02998
jla_mock     0.03908   36.11267    0.16317   36.26630
jla_mock     0.07832   37.60398    0.18392   37.83534
jla_mock     0.03176   35.93964    0.15356   35.80452
jla_mock     0.01444   34.22035    0.22581   34.06489
jla_mock     0.01353   34.32057    0.22079   33.92255
jla_mock     0.02668   35.46260    0.19350   35.41745
jla_mock     0.02336   35.11959    0.17881   35.12382
jla_mock     0.03693   35.82876    0.19002   36.14013
jla_mock     0.02355   34.95362    0.17820   35.14190
jla_mock     0.01748   34.50176    0.19212   34.48507
jla_mock     0.04026   36.58122    0.17448   36.33252
jla_mock     0.03038   35.65042    0.20408   35.70566
jla_mock     0.01550   34.16800    0.20028   34.22101
jla_mock     0.01415   34.12962    0.18788   34.02052
jla_mock     0.01549   34.23613    0.18431   34.21860
jla_mock     0.01555   34.18311    0.19852   34.22808
jla_mock     0.03707   36.38044    0.15485   36.14862
jla_mock     0.01548   34.20595    0.20250   34.21789
jla_mock     0.01332   33.90163    0.18644   33.88842
jla_mock     0.01457   33.98557    0.20791   34.08532
jla_mock     0.01579   34.00659    0.19847   34.26130
jla_mock     0.02475   35.22604    0.17955   35.25120
jla_mock     0.02775   35.40786    0.17503   35.50463
jla_mock     0.01089   33.77061    0.25478   33.44601
jla_mock     0.01365   33.82755    0.18671   33.94176
jla_mock     0.03576   35.94923    0.16296   36.06783
jla_mock     0.02473   35.44846    0.17711   35.24932
jla_mock     0.03809   36.18323    0.17052   36.20863
jla_mock     0.02154   34.99083    0.17712   34.94487
jla_mock     0.01958   34.70138    0.17899   34.73456
jla_mock     0.03042   35.58227    0.17572   35.70822
jla_mock     0.03922   36.24051    0.17021   36.27406
jla_mock     0.03497   35.71385    0.15988   36.01845
jla_mock     0.02856   35.47454    0.17650   35.56863
jla_mock     0.02100   35.24850    0.18823   34.88845
jla_mock     0.03254   35.82951    0.18232   35.85802
jla_mock     0.01547   34.62501    0.19319   34.21604
jla_mock     0.01568   34.47649    0.20748   34.24552
jla_mock     0.02750   35.40571    0.15599   35.48465
jla_mock     0.04686   36.68255    0.17135   36.67229
jla_mock     0.03317   36.05199    0.18296   35.90099
jla_mock     0.01029   33.16773    0.23550   33.32258
jla_mock     0.08010   37.86190    0.17116   37.88694
jla_mock     0.01232   33.51613    0.20021   33.71613
jla_mock     0.02459   35.03815    0.20631   35.23686
jla_mock     0.01447   33.50070    0.20828   34.06899
jla_mock     0.01515   34.53113    0.18400   34.17085
jla_mock     0.02909   35.96530    0.17337   35.60902
jla_mock     0.03478   35.73250    0.17929   36.00632
jla_mock     0.04492   36.55334    0.14071   36.57766
jla_mock     0.03407   35.94795    0.16958   35.96061
jla_mock     0.07487   37.69430    0.14386   37.73249
jla_mock     0.01496   34.33272    0.19783   34.14256
jla_mock     0.02040   34.81986    0.17104   34.82442
jla_mock     0.04069   36.26496    0.17468   36.35626
jla_mock     0.02657   35.12133    0.18033   35.40830
jla_mock     0.02688   35.64002    0.15331   35.43431
jla_mock     0.02347   35.03436    0.17598   35.13429
jla_mock     0.06912   37.53387    0.19118   37.55045
jla_mock     0.06519   37.27108    0.15880   37.41747
jla_mock     0.02298   34.89966    0.17791   35.08760
jla_mock     0.01739   34.32757    0.19829   34.47296
jla_mock     0.03148   35.86207    0.15109   35.78492
jla_mock     0.01118   33.30154    0.19448   33.50474
jla_mock     0.02196   35.33521    0.17567   34.98697
jla_mock     0.03148   35.83274    0.15081   35.78485
jla_mock     0.02332   35.03986    0.20285   35.12013
jla_mock     0.02039   34.83578    0.18301   34.82377
jla_mock     0.02247   35.09394    0.18141   35.03765
jla_mock     0.03361   36.20489    0.18044   35.93037
jla_mock     0.03697   36.25950    0.17917   36.14224
jla_mock     0.02263   35.25158    0.18007   35.05361
jla_mock     0.01470   34.20329    0.18462   34.10407
jla_mock     0.03695   36.10163    0.14876   36.14109
jla_mock     0.06096   37.18543    0.12531   37.26526
jla_mock     0.05929   37.24460    0.12136   37.20241
jla_mock     0.06975   37.74873    0.15874   37.57107
jla_mock     0.02953   35.88140    0.17470   35.64232
jla_mock     0.03325   35.85853    0.17565   35.90649
jla_mock     0.02416   35.32777    0.18124   35.19813
jla_mock     0.01600   34.16377    0.19156   34.29005
jla_mock     0.06296   37.22568    0.16531   37.33846
jla_mock     0.02171   34.99142    0.19186   34.96170
jla_mock     0.03164   35.70044    0.18944   35.79569
jla_mock     0.01860   34.67453    0.17305   34.62124
jla_mock     0.02706   35.44624    0.17333   35.44934
jla_mock     0.02547   35.52271    0.18470   35.31480
jla_mock     0.02381   35.23289    0.19337   35.16597
jla_mock     0.02387   35.20120    0.18298   35.17126
jla_mock     0.02207   35.06650    0.16678   34.99820
