jla_mock     0.50308   42.23889    0.14571   42.35104
jla_mock     0.58072   42.57618    0.16123   42.72544
jla_mock     0.49479   42.43485    0.12071   42.30792
jla_mock     0.34593   41.61955    0.13253   41.39128
jla_mock     0.67766   43.49723    0.22872   43.13160
jla_mock     0.61071   42.97685    0.22549   42.85755
jla_mock     0.86649   43.71088    0.25803   43.78400
jla_mock     0.33093   41.27995    0.12801   41.27950
jla_mock     0.79857   43.94246    0.25920   43.56670
jla_mock     0.44956   42.19273    0.16140   42.06004
jla_mock     0.37144   41.49417    0.14922   41.57158
jla_mock     0.29172   41.03621    0.14231   40.96351
jla_mock     0.35582   41.30111    0.14101   41.46259
jla_mock     0.46127   41.94035    0.15587   42.12638
jla_mock     0.28361   41.07351    0.13056   40.89333
jla_mock     0.63223   42.63706    0.22183   42.94863
jla_mock     0.46641   42.17461    0.17244   42.15500
jla_mock     0.26862   40.83115    0.12820   40.75859
jla_mock     0.94689   44.20744    0.29225   44.02068
jla_mock     0.92492   43.86434    0.31213   43.95801
jla_mock     0.69317   43.72698    0.29243   43.19137
jla_mock     0.62523   42.75342    0.19089   42.91933
jla_mock     0.89694   43.41359    0.26745   43.87607
jla_mock     0.60826   42.73124    0.15987   42.84699
jla_mock     0.78905   43.10682    0.26933   43.53485
jla_mock     0.57829   42.79750    0.14638   42.71445
jla_mock     0.59028   42.62602    0.18967   42.76823
jla_mock     0.71963   43.31298    0.25305   43.29050
jla_mock     0.21003   40.15624    0.13132   40.15509
jla_mock     0.76659   43.32333    0.22577   43.45813
jla_mock     0.85851   44.05389    0.22290   43.75934
jla_mock     0.36790   41.52941    0.09931   41.54727
jla_mock     0.55875   42.73053    0.15678   42.62447
jla_mock     0.84851   43.90133    0.21739   43.72812
jla_mock     0.99639   43.99132    0.24266   44.15679
jla_mock     0.77659   43.57135    0.26449   43.49256
jla_mock     0.58293   42.72819    0.13307   42.73539
jla_mock     0.58374   42.58523    0.16753   42.73903
jla_mock     0.79655   43.51258    0.22888   43.55998
jla_mock     0.58872   42.91590    0.15579   42.76129
jla_mock     0.91347   43.91302    0.24294   43.92478
jla_mock     0.76859   43.28018    0.23905   43.46504
jla_mock     0.94846   43.88319    0.26528   44.02509
jla_mock     0.51379   42.30747    0.15288   42.40578
jla_mock     0.73361   43.50308    0.19294   43.34148
jla_mock     0.63770   43.03026    0.27011   42.97130
jla_mock     0.76559   43.56425    0.21114   43.45466
jla_mock     0.43486   41.97643    0.15773   41.97447
jla_mock     0.98341   44.46046    0.25880   44.12175
jla_mock     0.58374   42.74810    0.16233   42.73903
jla_mock     0.70063   43.44158    0.21687   43.21970
jla_mock     0.66206   43.00619    0.21295   43.07010
jla_mock     0.83813   43.57244    0.28077   43.69533
jla_mock     0.62187   42.83940    0.17547   42.90516
jla_mock     0.37059   41.69769    0.14292   41.56572
jla_mock     0.41663   41.80001    0.13815   41.86455
jla_mock     0.35857   41.53963    0.10704   41.48209
jla_mock     0.45168   42.04989    0.15279   42.07216
jla_mock     0.52276   42.42546    0.16113   42.45081
jla_mock     0.73400   43.37474    0.30409   43.34288
jla_mock     0.70196   43.75208    0.31177   43.22473
jla_mock     0.74201   43.78597    0.29013   43.37166
jla_mock     0.74612   43.22926    0.21822   43.38631
jla_mock     0.34956   41.30851    0.13473   41.41768
jla_mock     0.59183   42.98562    0.15357   42.77513
jla_mock     0.51475   42.21880    0.15561   42.41060
jla_mock     0.62063   43.06398    0.18447   42.89990
jla_mock     0.64365   42.82947    0.24392   42.99574
jla_mock     1.00280   44.88147    0.33217   44.17391
jla_mock     0.47059   42.08382    0.14421   42.17801
jla_mock     0.61064   42.90296    0.15878   42.85725
jla_mock     0.26349   40.78355    0.12805   40.71081
jla_mock     0.35834   41.54669    0.12919   41.48044
jla_mock     0.74270   43.88462    0.25909   43.37412
jla_mock     0.45156   42.12107    0.11539   42.07145
jla_mock     0.91075   44.24164    0.26165   43.91682
jla_mock     0.55261   42.53760    0.15821   42.59559
jla_mock     0.33753   41.36199    0.12813   41.32927
jla_mock     0.75068   43.40227    0.24281   43.40248
jla_mock     0.98378   44.22219    0.34665   44.12275
jla_mock     0.82270   43.41108    0.22176   43.64588
jla_mock     0.81370   43.71661    0.24257   43.61661
jla_mock     0.95076   44.46944    0.26473   44.03158
jla_mock     0.81773   43.20811    0.24643   43.62977
jla_mock     0.34052   41.19845    0.12574   41.35149
jla_mock     0.96075   44.35244    0.28766   44.05949
jla_mock     0.81072   43.42142    0.27276   43.60686
jla_mock     0.75669   43.76067    0.24755   43.42362
jla_mock     0.61125   42.85704    0.18573   42.85987
jla_mock     0.87797   43.58815    0.22379   43.81907
jla_mock     0.54832   42.84936    0.14258   42.57529
jla_mock     0.80903   43.40794    0.23222   43.60132
jla_mock     1.02880   44.69010    0.28337   44.24234
jla_mock     0.62724   42.79808    0.17555   42.92776
jla_mock     0.42245   42.02710    0.15607   41.90012
jla_mock     0.93390   43.73696    0.35000   43.98380
jla_mock     0.70116   43.26922    0.22741   43.22169
jla_mock     0.69716   43.22833    0.20952   43.20658
jla_mock     0.68518   43.04176    0.27044   43.16074
jla_mock     0.76707   43.06495    0.25234   43.45981
jla_mock     0.93190   44.23131    0.25137   43.97808
jla_mock     0.86398   43.74567    0.24510   43.77625
jla_mock     0.74910   43.46336    0.22590   43.39689
jla_mock     0.51435   42.29168    0.15357   42.40861
jla_mock     0.46841   42.29384    0.11440   42.16601
jla_mock     0.47040   42.20699    0.15655   42.17698
jla_mock     0.95887   44.42704    0.27681   44.05426
jla_mock     0.92791   44.03648    0.29724   43.96663
jla_mock     0.84052   43.99421    0.21913   43.70293
jla_mock     0.63070   42.95909    0.17083   42.94224
jla_mock     0.56275   42.73625    0.14441   42.64315
jla_mock     0.61570   42.68491    0.16969   42.87892
jla_mock     0.82853   43.31967    0.22446   43.66467
jla_mock     0.56474   42.78606    0.16043   42.65238
jla_mock     0.57874   42.74222    0.14758   42.71650
jla_mock     0.55774   42.51258    0.15832   42.61978
jla_mock     0.86450   43.66219    0.22870   43.77785
jla_mock     0.73561   43.91787    0.23469   43.34870
jla_mock     0.85851   43.83648    0.28337   43.75932
jla_mock     0.26198   40.69857    0.10443   40.69667
jla_mock     0.58574   42.48784    0.18661   42.74800
jla_mock     0.76158   43.54278    0.21599   43.44073
jla_mock     0.48880   42.46026    0.11155   42.27631
jla_mock     0.85852   43.89393    0.27431   43.75935
jla_mock     0.68866   43.22809    0.18053   43.17412
jla_mock     0.55874   42.59048    0.15492   42.62446
jla_mock     0.32453   41.40539    0.12602   41.23036
jla_mock     0.48070   42.28473    0.10839   42.23305
jla_mock     0.18537   39.76102    0.13096   39.85305
jla_mock     0.92222   44.06656    0.33855   43.95022
jla_mock     0.68194   43.35161    0.19640   43.14823
jla_mock     0.47571   42.26332    0.10811   42.20600
jla_mock     0.92221   44.59966    0.27644   43.95018
jla_mock     0.89318   43.93093    0.25783   43.86487
jla_mock     0.42865   41.81680    0.14144   41.93748
jla_mock     0.63188   42.63601    0.23474   42.94717
jla_mock     0.69996   43.28699    0.25835   43.21717
jla_mock     0.73601   42.77275    0.26469   43.35013
jla_mock     0.57582   42.62362    0.15954   42.70324
jla_mock     0.41863   42.07975    0.10652   41.87683
jla_mock     0.51175   42.57209    0.12001   42.39540
jla_mock     0.53577   42.63267    0.12653   42.51485
jla_mock     0.64189   43.44008    0.21547   42.98856
jla_mock     0.73500   43.24480    0.22720   43.34649
jla_mock     0.35156   41.20808    0.13079   41.43211
jla_mock     0.60986   42.85039    0.17401   42.85388
jla_mock     0.34956   41.41211    0.13437   41.41766
jla_mock     0.70197   43.08288    0.18820   43.22475
jla_mock     0.35526   41.26006    0.10428   41.45861
jla_mock     0.98328   44.10144    0.25757   44.12140
jla_mock     0.87215   43.65841    0.26598   43.80134
jla_mock     0.75903   43.16783    0.20819   43.43183
jla_mock     0.92622   44.38377    0.24599   43.96176
jla_mock     0.64364   43.09017    0.22846   42.99573
jla_mock     0.41957   41.81951    0.13773   41.88255
jla_mock     0.51559   42.27356    0.20314   42.41484
jla_mock     0.89073   44.21339    0.21058   43.85753
jla_mock     0.80570   43.20231    0.22987   43.59033
jla_mock     0.48057   42.12134    0.10875   42.23231
jla_mock     0.80070   43.90846    0.24546   43.57378
jla_mock     0.58060   42.94143    0.18881   42.72490
jla_mock     0.71565   43.64838    0.24397   43.27584
jla_mock     0.80570   43.14322    0.23277   43.59033
jla_mock     0.76668   43.43557    0.25284   43.45846
jla_mock     0.66464   43.32577    0.19579   43.08037
jla_mock     0.90174   44.11896    0.25191   43.89028
jla_mock     0.74567   43.27367    0.21143   43.38470
jla_mock     0.71868   43.19480    0.20380   43.28702
jla_mock     0.73669   43.74862    0.19636   43.35259
jla_mock     0.57960   42.87781    0.12085   42.72037
jla_mock     0.37053   41.43266    0.10257   41.56534
jla_mock     0.96074   43.82334    0.23956   44.05946
jla_mock     0.85073   43.80434    0.21180   43.73508
jla_mock     0.64864   43.23935    0.19255   43.01611
jla_mock     0.21946   40.21347    0.13037   40.26197
jla_mock     0.93676   43.85182    0.24130   43.99195
jla_mock     0.64764   43.21234    0.17876   43.01204
jla_mock     0.46156   42.11029    0.13341   42.12800
jla_mock     0.60060   42.68336    0.17945   42.81372
jla_mock     0.67065   43.10659    0.23101   43.10415
jla_mock     0.76070   43.41125    0.20946   43.43765
jla_mock     0.24649   40.50415    0.13212   40.54638
jla_mock     0.47057   42.22933    0.14759   42.17794
jla_mock     0.16945   39.92964    0.11210   39.63766
jla_mock     0.49738   42.28568    0.12913   42.32144
jla_mock     0.63823   43.14779    0.19689   42.97350
jla_mock     0.50737   42.35352    0.14543   42.37308
jla_mock     0.53533   42.42972    0.14230   42.51269
jla_mock     0.58728   42.73552    0.16639   42.75489
jla_mock     0.77308   43.56605    0.25621   43.48052
jla_mock     0.69917   43.44719    0.22210   43.21417
jla_mock     0.37051   41.56826    0.12736   41.56520
jla_mock     0.76109   43.17534    0.22809   43.43902
jla_mock     0.69917   42.96829    0.21960   43.21418
jla_mock     0.78806   43.86019    0.19242   43.53150
jla_mock     0.37351   41.54943    0.13203   41.58571
jla_mock     0.40548   41.76510    0.13199   41.79507
jla_mock     0.85299   43.82115    0.25729   43.74216
jla_mock     0.80805   43.72303    0.24185   43.59808
jla_mock     0.60327   42.81018    0.18398   42.82536
jla_mock     0.58329   42.49781    0.17903   42.73700
jla_mock     0.53434   42.50360    0.14774   42.50785
jla_mock     0.72014   43.42016    0.24070   43.29239
jla_mock     0.40048   41.79490    0.21061   41.76340
jla_mock     0.83700   43.81744    0.21503   43.69176
jla_mock     0.37151   41.52374    0.10193   41.57203
jla_mock     0.80604   44.03393    0.25908   43.59147
jla_mock     0.84001   43.37843    0.23507   43.70129
jla_mock     0.50073   42.46471    0.12981   42.33885
jla_mock     0.53277   42.20645    0.17422   42.50018
jla_mock     0.53377   42.56150    0.18215   42.50508
jla_mock     0.93223   44.00710    0.34153   43.97902
jla_mock     0.82210   43.39630    0.25791   43.64395
jla_mock     0.55380   42.49573    0.13545   42.60122
jla_mock     0.12530   39.01303    0.13709   38.92294
jla_mock     0.84212   43.76284    0.28303   43.70800
jla_mock     0.44367   42.00305    0.15187   42.02605
jla_mock     0.72767   43.42686    0.24978   43.31996
jla_mock     0.68366   42.95339    0.41253   43.15487
jla_mock     0.44255   41.97920    0.13368   42.01954
jla_mock     0.72668   43.15941    0.20022   43.31634
jla_mock     0.28251   40.89584    0.12748   40.88366
jla_mock     0.40455   42.08208    0.12965   41.78921
jla_mock     0.51961   42.43230    0.13964   42.43507
jla_mock     0.69065   43.15912    0.23215   43.18177
jla_mock     1.06080   44.54715    0.27869   44.32423
jla_mock     0.57661   42.97250    0.15376   42.70683
jla_mock     0.26849   40.71458    0.12614   40.75735
jla_mock     0.72068   43.30186    0.25107   43.29438
jla_mock     0.25050   40.58619    0.13111   40.58606
jla_mock     0.76069   43.99576    0.27664   43.43763
jla_mock     0.69817   43.52271    0.26129   43.21038
jla_mock     0.55031   42.64337    0.16854   42.58475
jla_mock     0.73013   43.44423    0.23525   43.32888
jla_mock     0.84798   43.81719    0.24703   43.72647
jla_mock     0.99783   44.31545    0.24706   44.16064
jla_mock     0.43545   41.91812    0.13052   41.97792
jla_mock     0.40947   41.85843    0.12922   41.82014
jla_mock     0.30159   40.88585    0.12599   41.04659
jla_mock     1.29911   45.04052    0.19341   44.86622
jla_mock     1.02081   43.98957    0.23668   44.22149
jla_mock     0.83973   43.90632    0.19265   43.70043
jla_mock     1.12085   44.44313    0.20807   44.47149
jla_mock     1.23089   44.55971    0.23900   44.72199
jla_mock     0.97423   44.23856    0.18427   44.09670
jla_mock     0.97078   44.25394    0.33863   44.08723
jla_mock     0.06423   37.30890    0.15073   37.38367
jla_mock     0.12903   39.18420    0.16417   38.99182
jla_mock     0.10289   38.46733    0.14984   38.46361
jla_mock     0.04413   36.92769    0.17360   36.53791
jla_mock     0.11304   38.93545    0.15277   38.68229
jla_mock     0.25611   40.35364    0.20496   40.64067
jla_mock     0.38026   41.89872    0.28703   41.63124
jla_mock     0.14547   39.36399    0.16219   39.27457
jla_mock     0.08889   38.12814    0.14637   38.12583
jla_mock     0.26059   41.21552    0.18294   40.68349
jla_mock     0.07891   37.89632    0.15603   37.85259
jla_mock     0.08304   37.92341    0.15332   37.96945
jla_mock     0.16565   39.82180    0.13854   39.58339
jla_mock     0.16817   39.33921    0.16196   39.61946
jla_mock     0.17063   39.85128    0.16521   39.65419
jla_mock     0.17028   39.59613    0.17036   39.64928
jla_mock     0.12044   38.82815    0.15110   38.83033
jla_mock     0.27653   40.93673    0.21444   40.83051
jla_mock     0.23160   40.43629    0.18253   40.39347
jla_mock     0.30569   41.24376    0.26735   41.08035
jla_mock     0.07997   37.91575    0.16566   37.88313
jla_mock     0.17415   39.65372    0.15831   39.70309
jla_mock     0.13868   39.16730    0.16605   39.16161
jla_mock     0.14607   39.29191    0.16392   39.28432
jla_mock     0.08133   37.85693    0.14393   37.92176
jla_mock     0.23380   40.44028    0.17178   40.41662
jla_mock     0.25655   40.77456    0.17733   40.64491
jla_mock     0.24562   40.57475    0.20041   40.53766
jla_mock     0.12593   38.99462    0.19133   38.93474
jla_mock     0.22351   40.24106    0.21583   40.30655
jla_mock     0.10264   38.41776    0.14664   38.45798
jla_mock     0.11967   38.81409    0.14567   38.81533
jla_mock     0.18055   39.66463    0.16851   39.78968
jla_mock     0.19709   40.15514    0.17390   40.00094
jla_mock     0.22916   40.03691    0.19939   40.36755
jla_mock     0.26451   40.61532    0.19876   40.72040
jla_mock     0.10337   38.56756    0.12264   38.47441
jla_mock     0.36441   41.91580    0.23043   41.52305
jla_mock     0.20560   40.03171    0.15584   40.10331
jla_mock     0.17981   39.91954    0.19620   39.77982
jla_mock     0.19959   40.18797    0.18224   40.03143
jla_mock     0.15653   39.47247    0.15013   39.44844
jla_mock     0.16180   39.51833    0.14761   39.52729
jla_mock     0.20953   40.44988    0.20608   40.14927
jla_mock     0.24179   40.33343    0.19813   40.49904
jla_mock     0.23646   40.44767    0.16266   40.44434
jla_mock     0.22668   40.38572    0.21051   40.34095
jla_mock     0.29678   41.12175    0.19716   41.00643
jla_mock     0.20852   40.07377    0.16317   40.13754
jla_mock     0.25104   40.73127    0.22086   40.59138
jla_mock     0.25012   40.60884    0.17967   40.58234
jla_mock     0.11771   38.77474    0.14551   38.77674
jla_mock     0.21971   40.45378    0.16999   40.26472
jla_mock     0.14901   39.53258    0.14890   39.33153
jla_mock     0.28742   40.99233    0.18840   40.92654
jla_mock     0.14360   39.25439    0.16640   39.24396
jla_mock     0.32837   41.05348    0.19601   41.25993
jla_mock     0.24625   40.74360    0.16507   40.54396
jla_mock     0.11966   38.77584    0.15027   38.81514
jla_mock     0.32838   41.03501    0.27642   41.26001
jla_mock     0.21513   40.47834    0.18367   40.21341
jla_mock     0.14478   39.40835    0.13617   39.26332
jla_mock     0.13243   39.18014    0.12839   39.05296
jla_mock     0.21082   40.30667    0.16235   40.16418
jla_mock     0.20399   40.10985    0.15781   40.08425
jla_mock     0.27952   40.97145    0.16701   40.85722
jla_mock     0.04428   36.68344    0.15510   36.54551
jla_mock     0.18037   39.77008    0.15078   39.78729
jla_mock     0.26070   40.22938    0.18972   40.68453
jla_mock     0.05654   37.02076    0.18697   37.09513
jla_mock     0.21260   40.59189    0.19195   40.18462
jla_mock     0.36941   41.36877    0.23700   41.55764
jla_mock     0.17386   39.79670    0.13052   39.69910
jla_mock     0.14265   39.65182    0.16863   39.22827
jla_mock     0.17789   39.73199    0.17323   39.75404
jla_mock     0.32837   41.00534    0.20656   41.25993
jla_mock     0.25351   40.57675    0.19561   40.61551
jla_mock     0.30001   41.29451    0.19320   41.03346
jla_mock     0.10589   38.51138    0.14608   38.53030
jla_mock     0.22328   40.07351    0.16844   40.30404
jla_mock     0.11845   38.93526    0.12252   38.79138
jla_mock     0.17653   39.84956    0.17119   39.73563
jla_mock     0.18280   39.43688    0.18907   39.81945
jla_mock     0.29762   40.70436    0.22708   41.01348
jla_mock     0.19699   39.99328    0.16337   39.99971
jla_mock     0.15295   39.48218    0.14755   39.39345
jla_mock     0.24850   40.52422    0.17448   40.56634
jla_mock     0.13818   39.29092    0.12409   39.15309
jla_mock     0.20704   40.23848    0.17045   40.12025
jla_mock     0.21468   40.02788    0.18060   40.20831
jla_mock     0.30632   41.25045    0.21503   41.08550
jla_mock     0.24695   40.62431    0.17120   40.55095
jla_mock     0.19801   39.99751    0.14490   40.01220
jla_mock     0.22256   40.36541    0.15195   40.29616
jla_mock     0.13508   39.40009    0.15131   39.09960
jla_mock     0.21054   39.96200    0.18261   40.16096
jla_mock     0.27258   40.91775    0.16911   40.79482
jla_mock     0.24660   40.79785    0.16169   40.54746
jla_mock     0.22068   40.09871    0.19429   40.27546
jla_mock     0.27447   40.88898    0.19147   40.81196
jla_mock     0.17656   39.78770    0.15540   39.73604
jla_mock     0.31088   40.96793    0.22016   41.12250
jla_mock     0.18435   39.89920    0.17308   39.83976
jla_mock     0.15935   39.52372    0.14827   39.49093
jla_mock     0.21976   40.23074    0.16605   40.26527
jla_mock     0.25205   40.60069    0.18410   40.60127
jla_mock     0.18122   39.61300    0.14940   39.79858
jla_mock     0.17373   39.84397    0.13336   39.69730
jla_mock     0.38047   41.49078    0.24246   41.63265
jla_mock     0.17865   39.97979    0.17172   39.76428
jla_mock     0.24568   40.85474    0.18910   40.53826
jla_mock     0.20910   40.20393    0.16102   40.14428
jla_mock     0.24947   40.93364    0.20971   40.57593
jla_mock     0.13392   39.03642    0.16606   39.07929
jla_mock     0.17706   39.64387    0.16040   39.74282
jla_mock     0.28111   41.13667    0.18775   40.87131
jla_mock     0.17383   39.70246    0.15187   39.69868
jla_mock     0.19654   40.14037    0.16513   39.99418
jla_mock     0.36397   41.70449    0.22725   41.51999
jla_mock     0.37835   41.43443    0.26733   41.61843
jla_mock     0.31646   41.46834    0.21039   41.16711
jla_mock     0.18322   39.84277    0.13519   39.82497
jla_mock     0.24102   40.37316    0.16774   40.49121
jla_mock     0.20203   40.00888    0.19953   40.06085
jla_mock     0.16869   39.57346    0.16512   39.62684
jla_mock     0.19794   39.86600    0.17492   40.01135
jla_mock     0.12276   38.84917    0.14575   38.87499
jla_mock     0.20318   39.86598    0.16105   40.07461
jla_mock     0.12739   38.88368    0.14896   38.96178
jla_mock     0.27549   40.75888    0.19973   40.82116
jla_mock     0.14468   39.17063    0.14722   39.26169
jla_mock     0.33436   41.24772    0.24978   41.30545
jla_mock     0.19580   39.98282    0.15393   39.98507
jla_mock     0.19392   39.90801    0.16375   39.96176
jla_mock     0.24973   40.46392    0.18581   40.57850
jla_mock     0.14860   39.14683    0.14880   39.32499
jla_mock     0.15596   39.36638    0.14872   39.43976
jla_mock     0.09582   38.14374    0.15035   38.29889
jla_mock     0.15065   39.22935    0.15873   39.35748
jla_mock     0.30933   41.23995    0.24716   41.10998
jla_mock     0.24857   40.78956    0.17340   40.56704
jla_mock     0.36554   41.19404    0.24312   41.53091
jla_mock     0.11771   38.74951    0.12848   38.77674
jla_mock     0.19176   40.22924    0.14428   39.93472
jla_mock     0.18255   39.73556    0.16171   39.81616
jla_mock     0.23472   40.52024    0.18445   40.42624
jla_mock     0.24647   40.45488    0.19928   40.54616
jla_mock     0.28845   40.96651    0.18873   40.93544
jla_mock     0.20960   40.45800    0.19927   40.15008
jla_mock     0.19198   39.82199    0.17965   39.93748
jla_mock     0.11402   38.84270    0.12215   38.70241
jla_mock     0.11389   38.49578    0.18397   38.69975
jla_mock     0.19880   40.33513    0.20967   40.02183
jla_mock     0.22058   40.61397    0.22796   40.27436
jla_mock     0.18257   40.14841    0.16454   39.81642
jla_mock     0.15895   39.47092    0.16373   39.48495
jla_mock     0.07849   37.80696    0.14912   37.84038
jla_mock     0.13864   39.16462    0.13217   39.16093
jla_mock     0.18079   39.77444    0.15446   39.79287
jla_mock     0.17757   39.73858    0.18629   39.74972
jla_mock     0.17066   39.76412    0.16102   39.65461
jla_mock     0.23381   40.58404    0.20859   40.41672
jla_mock     0.07153   37.63190    0.17411   37.62842
jla_mock     0.15463   39.44603    0.18792   39.41940
jla_mock     0.09010   38.28392    0.15951   38.15695
jla_mock     0.17658   39.77403    0.20449   39.73631
jla_mock     0.13045   39.03612    0.16441   39.01753
jla_mock     0.18204   39.92069    0.17167   39.80943
jla_mock     0.25617   40.71047    0.17261   40.64125
jla_mock     0.13811   39.19572    0.14854   39.15189
jla_mock     0.17070   39.63104    0.16750   39.65518
jla_mock     0.21674   40.35760    0.14793   40.23156
jla_mock     0.24555   40.61891    0.17888   40.53696
jla_mock     0.14382   39.18271    0.16710   39.24758
jla_mock     0.24862   40.73802    0.18856   40.56753
jla_mock     0.14533   39.16782    0.17139   39.27229
jla_mock     0.13588   39.14518    0.12760   39.11351
jla_mock     0.05874   37.05223    0.12754   37.18137
jla_mock     0.03652   36.27487    0.15192   36.11500
jla_mock     0.27749   40.62494    0.22703   40.83912
jla_mock     0.20515   40.09535    0.29701   40.09800
jla_mock     0.28051   40.95657    0.20079   40.86600
jla_mock     0.19867   40.03419    0.16216   40.02025
jla_mock     0.15999   39.23983    0.15164   39.50048
jla_mock     0.21075   40.06648    0.18113   40.16338
jla_mock     0.07195   37.70845    0.17246   37.64176
jla_mock     0.23782   40.54648    0.19074   40.45841
jla_mock     0.14139   39.52336    0.17359   39.20730
jla_mock     0.15506   39.33156    0.15761   39.42600
jla_mock     0.37013   41.63913    0.22887   41.56259
jla_mock     0.09391   38.13060    0.17056   38.25241
jla_mock     0.11863   38.96704    0.17058   38.79493
jla_mock     0.15363   39.61090    0.15381   39.40398
jla_mock     0.25356   40.60230    0.16810   40.61600
jla_mock     0.10725   38.50569    0.14420   38.55994
jla_mock     0.12961   38.83338    0.15302   39.00235
jla_mock     0.26665   40.74397    0.19376   40.74033
jla_mock     0.21226   40.18485    0.16263   40.18073
jla_mock     0.27822   40.91048    0.18167   40.84564
jla_mock     0.24540   40.51281    0.16812   40.53546
jla_mock     0.13362   39.01180    0.15059   39.07401
jla_mock     0.17656   39.72892    0.16208   39.73604
jla_mock     0.11368   38.70238    0.14584   38.69545
jla_mock     0.32038   41.11380    0.26368   41.19801
jla_mock     0.11271   38.47395    0.12253   38.67548
jla_mock     0.10602   38.40973    0.14473   38.53314
jla_mock     0.39135   41.81128    0.26610   41.70449
jla_mock     0.15575   39.54953    0.14612   39.43656
jla_mock     0.18667   39.93269    0.16762   39.86986
jla_mock     0.19671   40.11696    0.16670   39.99627
jla_mock     0.19191   40.02871    0.17339   39.93660
jla_mock     0.19084   40.11167    0.15088   39.92311
jla_mock     0.17625   39.64227    0.15361   39.73182
jla_mock     0.12837   39.04068    0.15036   38.97977
jla_mock     0.12262   38.85324    0.14734   38.87232
jla_mock     0.12715   38.98374    0.14706   38.95736
jla_mock     0.21323   40.37973    0.17621   40.19182
jla_mock     0.21861   40.22077    0.18110   40.25249
jla_mock     0.26856   40.45571    0.19152   40.75800
jla_mock     0.20466   40.17984    0.16519   40.09220
jla_mock     0.26710   40.81197    0.17378   40.74451
jla_mock     0.21757   40.11352    0.17265   40.24087
jla_mock     0.24185   40.83689    0.17151   40.49965
jla_mock     0.29350   40.85099    0.20072   40.97870
jla_mock     0.35346   41.49265    0.23114   41.44575
jla_mock     0.18563   39.99494    0.15495   39.85641
jla_mock     0.28543   41.11150    0.19928   40.90924
jla_mock     0.19494   39.76830    0.16836   39.97443
jla_mock     0.07592   37.68060    0.14500   37.76429
jla_mock     0.16357   39.70441    0.15778   39.55323
jla_mock     0.25721   40.84206    0.20821   40.65125
jla_mock     0.21955   40.02034    0.18725   40.26294
jla_mock     0.17558   40.08510    0.15163   39.72269
jla_mock     0.22667   40.30596    0.18608   40.34084
jla_mock     0.15322   39.38497    0.15082   39.39764
jla_mock     0.21025   40.35093    0.19550   40.15761
jla_mock     0.12164   38.98413    0.12361   38.85353
jla_mock     0.29135   41.30561    0.19905   40.96037
jla_mock     0.29448   41.44471    0.27860   40.98701
jla_mock     0.16455   39.63529    0.12599   39.56749
jla_mock     0.30702   40.93991    0.20907   41.09122
jla_mock     0.19863   40.20037    0.16158   40.01976
jla_mock     0.26821   41.08370    0.21540   40.75477
jla_mock     0.40128   41.90337    0.24823   41.76846
jla_mock     0.13668   39.19908    0.15334   39.12735
jla_mock     0.29542   41.22260    0.24720   40.99496
jla_mock     0.29192   40.85254    0.19220   40.96524
jla_mock     0.09007   38.39009    0.12097   38.15619
jla_mock     0.20557   40.11897    0.18293   40.10296
jla_mock     0.14582   39.54325    0.14935   39.28026
jla_mock     0.11767   38.92847    0.14487   38.77595
jla_mock     0.05499   37.10905    0.14998   37.03240
jla_mock     0.17420   39.94059    0.15143   39.70378
jla_mock     0.24495   40.45300    0.18021   40.53095
jla_mock     0.22452   40.41479    0.18250   40.31756
jla_mock     0.24558   40.81270    0.16228   40.53726
jla_mock     0.28351   40.78027    0.21250   40.89245
jla_mock     0.18056   39.93067    0.17619   39.78982
jla_mock     0.10391   38.57884    0.12352   38.48649
jla_mock     0.12961   39.09041    0.15327   39.00235
jla_mock     0.24352   40.34853    0.16046   40.51656
jla_mock     0.33136   41.29772    0.26935   41.28275
jla_mock     0.24348   40.62722    0.19048   40.51615
jla_mock     0.31468   41.16113    0.17578   41.15296
jla_mock     0.21865   40.64231    0.18935   40.25293
jla_mock     0.26014   40.64611    0.21926   40.67922
jla_mock     0.28243   40.85296    0.19831   40.88296
jla_mock     0.30041   40.67830    0.20582   41.03679
jla_mock     0.15186   39.15250    0.14864   39.37647
jla_mock     0.26357   40.20197    0.18937   40.71159
jla_mock     0.21382   40.18892    0.20621   40.19854
jla_mock     0.16284   39.77734    0.16762   39.54256
jla_mock     0.12440   39.10002    0.17141   38.90608
jla_mock     0.19465   40.10014    0.13939   39.97083
jla_mock     0.20554   40.24197    0.18299   40.10260
jla_mock     0.10667   38.48169    0.14589   38.54734
jla_mock     0.18772   39.62846    0.18725   39.88338
jla_mock     0.16387   39.38750    0.15682   39.55760
jla_mock     0.29021   40.93027    0.19470   40.95060
jla_mock     0.09401   38.42086    0.12498   38.25487
jla_mock     0.22786   40.25566    0.18010   40.35364
jla_mock     0.10751   38.79127    0.14765   38.56556
jla_mock     0.31065   41.16683    0.22259   41.12065
jla_mock     0.14564   39.43769    0.15576   39.27734
jla_mock     0.08784   37.96489    0.12610   38.09850
jla_mock     0.14839   39.40194    0.15573   39.32164
jla_mock     0.28662   40.95021    0.19366   40.91960
jla_mock     0.12281   38.74728    0.13329   38.87594
jla_mock     0.18655   39.92397    0.20280   39.86832
jla_mock     0.12893   39.13166    0.15504   38.99000
jla_mock     0.19422   39.92075    0.16864   39.96549
jla_mock     0.14800   39.38346    0.14676   39.31541
jla_mock     0.21179   40.33919    0.22866   40.17534
jla_mock     0.17962   39.55896    0.17351   39.77728
jla_mock     0.26349   40.63624    0.18130   40.71084
jla_mock     0.19215   39.99319    0.15957   39.93962
jla_mock     0.33880   41.17797    0.22988   41.33871
jla_mock     0.11741   38.86153    0.14767   38.77078
jla_mock     0.14310   39.44942    0.16842   39.23571
jla_mock     0.16035   39.38409    0.13218   39.50583
jla_mock     0.28872   41.01302    0.21130   40.93777
jla_mock     0.12303   38.53348    0.15465   38.88013
jla_mock     0.26405   40.93976    0.18534   40.71609
jla_mock     0.12608   38.93592    0.17183   38.93753
jla_mock     0.17374   39.78685    0.14981   39.69744
jla_mock     0.16440   39.47723    0.14973   39.56531
jla_mock     0.24961   40.51419    0.16242   40.57731
jla_mock     0.15999   39.44839    0.15137   39.50048
jla_mock     0.24448   40.62561    0.15150   40.52623
jla_mock     0.24851   40.64134    0.17708   40.56644
jla_mock     0.22893   40.33272    0.16848   40.36509
jla_mock     0.08528   37.87310    0.14385   38.03054
jla_mock     0.06282   37.17982    0.14855   37.33331
jla_mock     0.27745   40.68064    0.23370   40.83876
jla_mock     0.27544   40.97198    0.21508   40.82071
jla_mock     0.33051   41.27516    0.21088   41.27628
jla_mock     0.36193   41.73992    0.24565   41.50573
jla_mock     0.33103   41.50352    0.21801   41.28024
jla_mock     0.16050   39.68889    0.12715   39.50806
jla_mock     0.30021   41.23442    0.20430   41.03513
jla_mock     0.11635   38.67405    0.12231   38.74960
jla_mock     0.21829   40.24458    0.16062   40.24892
jla_mock     0.11967   38.86928    0.12046   38.81533
jla_mock     0.15473   39.36911    0.12395   39.42094
jla_mock     0.17810   39.79444    0.16563   39.75688
jla_mock     0.25037   40.66146    0.16561   40.58480
jla_mock     0.25174   40.47208    0.14466   40.59824
jla_mock     0.12953   38.85494    0.14519   39.00090
jla_mock     0.30929   41.42366    0.18811   41.10966
jla_mock     0.27852   40.80427    0.17882   40.84832
jla_mock     0.18581   39.86390    0.13606   39.85875
jla_mock     0.06651   37.57391    0.17228   37.46289
jla_mock     0.25800   40.63574    0.18757   40.65882
jla_mock     0.29888   41.07867    0.21609   41.02403
jla_mock     0.27044   40.25766    0.22437   40.77528
jla_mock     0.27916   40.63048    0.17184   40.85402
jla_mock     0.29287   41.02117    0.21554   40.97334
jla_mock     0.18965   39.77060    0.15711   39.90803
jla_mock     0.26576   40.67382    0.19291   40.73206
jla_mock     0.12376   38.96518    0.14509   38.89399
jla_mock     0.18255   39.73049    0.14972   39.81616
jla_mock     0.05634   37.14628    0.14895   37.08713
jla_mock     0.31288   41.29240    0.18264   41.13858
jla_mock     0.30915   41.31824    0.22329   41.10853
jla_mock     0.20061   39.71278    0.15588   40.04377
jla_mock     0.32640   40.82146    0.20549   41.24480
jla_mock     0.21163   40.19214    0.13899   40.17351
jla_mock     0.17969   39.62617    0.15636   39.77821
jla_mock     0.30240   41.24870    0.19662   41.05329
jla_mock     0.10924   38.66234    0.14870   38.60268
jla_mock     0.08522   38.16586    0.15002   38.02892
jla_mock     0.20231   40.34903    0.16132   40.06421
jla_mock     0.12649   38.98817    0.15585   38.94515
jla_mock     0.21457   40.37152    0.16813   40.20706
jla_mock     0.32045   41.47061    0.19169   41.19856
jla_mock     0.21835   40.09998    0.17273   40.24959
jla_mock     0.19010   39.76376    0.15982   39.91374
jla_mock     0.09243   38.25074    0.15614   38.21577
jla_mock     0.37986   41.61865    0.18489   41.62856
jla_mock     0.21134   40.19506    0.16608   40.17017
jla_mock     0.25833   40.32018    0.18012   40.66198
jla_mock     0.18327   39.64560    0.16856   39.82563
jla_mock     0.21295   40.42307    0.17785   40.18862
jla_mock     0.11651   38.88011    0.15544   38.75281
jla_mock     0.14401   39.13451    0.17186   39.25071
jla_mock     0.25249   40.45967    0.18600   40.60557
jla_mock     0.25539   40.44458    0.21320   40.63373
jla_mock     0.21698   40.13870    0.18861   40.23425
jla_mock     1.26590   44.74857    0.22380   44.79699
jla_mock     0.93577   43.93273    0.22959   43.98915
jla_mock     0.04952   36.81542    0.20229   36.79644
jla_mock     0.03033   35.61693    0.18208   35.70157
jla_mock     0.07458   37.46744    0.21873   37.72360
jla_mock     0.02520   35.09394    0.22034   35.29123
jla_mock     0.01441   33.95796    0.20528   34.06048
jla_mock     0.02079   34.71295    0.19750   34.86681
jla_mock     0.03522   36.23428    0.20378   36.03412
jla_mock     0.04166   36.49476    0.21523   36.40883
jla_mock     0.04240   36.30105    0.20619   36.44838
jla_mock     0.01890   34.43991    0.18362   34.65682
jla_mock     0.07884   37.62628    0.21534   37.85056
jla_mock     0.06334   37.03980    0.20759   37.35224
jla_mock     0.02764   35.58248    0.23142   35.49574
jla_mock     0.04933   37.02804    0.21068   36.78762
jla_mock     0.07015   37.53778    0.22041   37.58415
jla_mock     0.02391   35.35585    0.18368   35.17514
jla_mock     0.05313   36.96342    0.22336   36.95466
jla_mock     0.02495   35.13670    0.18978   35.26944
jla_mock     0.01566   34.10034    0.20165   34.24356
jla_mock     0.04898   36.91424    0.15986   36.77203
jla_mock     0.02240   35.09067    0.18928   35.03106
jla_mock     0.03485   35.81387    0.23666   36.01099
jla_mock     0.01697   34.40581    0.20291   34.41905
jla_mock     0.03072   35.66937    0.18172   35.73037
jla_mock     0.03048   35.83571    0.18204   35.71303
jla_mock     0.01055   33.27019    0.21945   33.37697
jla_mock     0.01426   33.89865    0.17171   34.03675
jla_mock     0.02769   35.56059    0.18125   35.49983
jla_mock     0.05386   37.08436    0.15904   36.98558
jla_mock     0.01767   34.36100    0.19251   34.50873
jla_mock     0.01745   34.33932    0.17037   34.48092
jla_mock     0.01557   34.05967    0.20220   34.23076
jla_mock     0.01006   33.35173    0.23113   33.27290
jla_mock     0.05493   36.69234    0.18431   37.02998
jla_mock     0.03908   36.27876    0.16317   36.26630
jla_mock     0.07832   37.89841    0.18392   37.83534
jla_mock     0.03176   36.03199    0.15356   35.80452
jla_mock     0.01444   34.17844    0.22581   34.06489
jla_mock     0.01353   33.96980    0.22079   33.92255
jla_mock     0.02668   35.41951    0.19350   35.41745
jla_mock     0.02336   35.00921    0.17881   35.12382
jla_mock     0.03693   36.31000    0.19002   36.14013
jla_mock     0.02355   35.38333    0.17820   35.14190
jla_mock     0.01748   34.44609    0.19212   34.48507
jla_mock     0.04026   36.35254    0.17448   36.33252
jla_mock     0.03038   35.40942    0.20408   35.70566
jla_mock     0.01550   33.70575    0.20028   34.22101
jla_mock     0.01415   34.17240    0.18788   34.02052
jla_mock     0.01549   34.29945    0.18431   34.21860
jla_mock     0.01555   34.03610    0.19852   34.22808
jla_mock     0.03707   36.10853    0.15485   36.14862
jla_mock     0.01548   34.45139    0.20250   34.21789
jla_mock     0.01332   33.58177    0.18644   33.88842
jla_mock     0.01457   34.21321    0.20791   34.08532
jla_mock     0.01579   34.25320    0.19847   34.26130
jla_mock     0.02475   35.21539    0.17955   35.25120
jla_mock     0.02775   35.73543    0.17503   35.50463
jla_mock     0.01089   33.32835    0.25478   33.44601
jla_mock     0.01365   33.84330    0.18671   33.94176
jla_mock     0.03576   35.85823    0.16296   36.06783
jla_mock     0.02473   35.21992    0.17711   35.24932
jla_mock     0.03809   36.25636    0.17052   36.20863
jla_mock     0.02154   35.06027    0.17712   34.94487
jla_mock     0.01958   34.69945    0.17899   34.73456
jla_mock     0.03042   35.71836    0.17572   35.70822
jla_mock     0.03922   36.01515    0.17021   36.27406
jla_mock     0.03497   35.99123    0.15988   36.01845
jla_mock     0.02856   35.43316    0.17650   35.56863
jla_mock     0.02100   34.98927    0.18823   34.88845
jla_mock     0.03254   35.95405    0.18232   35.85802
jla_mock     0.01547   34.22605    0.19319   34.21604
jla_mock     0.01568   34.17817    0.20748   34.24552
jla_mock     0.02750   35.46482    0.15599   35.48465
jla_mock     0.04686   36.33159    0.17135   36.67229
jla_mock     0.03317   35.80935    0.18296   35.90099
jla_mock     0.01029   33.14117    0.23550   33.32258
jla_mock     0.08010   37.67007    0.17116   37.88694
jla_mock     0.01232   33.53591    0.20021   33.71613
jla_mock     0.02459   35.00869    0.20631   35.23686
jla_mock     0.01447   33.98545    0.20828   34.06899
jla_mock     0.01515   34.25134    0.18400   34.17085
jla_mock     0.02909   35.25689    0.17337   35.60902
jla_mock     0.03478   36.00508    0.17929   36.00632
jla_mock     0.04492   36.67011    0.14071   36.57766
jla_mock     0.03407   35.82984    0.16958   35.96061
jla_mock     0.07487   37.65903    0.14386   37.73249
jla_mock     0.01496   34.39067    0.19783   34.14256
jla_mock     0.02040   34.82482    0.17104   34.82442
jla_mock     0.04069   36.33596    0.17468   36.35626
jla_mock     0.02657   35.32513    0.18033   35.40830
jla_mock     0.02688   35.52991    0.15331   35.43431
jla_mock     0.02347   35.15598    0.17598   35.13429
jla_mock     0.06912   37.48286    0.19118   37.55045
jla_mock     0.06519   37.33445    0.15880   37.41747
jla_mock     0.02298   35.28831    0.17791   35.08760
jla_mock     0.01739   34.34141    0.19829   34.47296
jla_mock     0.03148   35.66026    0.15109   35.78492
jla_mock     0.01118   33.18205    0.19448   33.50474
jla_mock     0.02196   34.57467    0.17567   34.98697
jla_mock     0.03148   35.70432    0.15081   35.78485
jla_mock     0.02332   34.90757    0.20285   35.12013
jla_mock     0.02039   34.79590    0.18301   34.82377
jla_mock     0.02247   35.14444    0.18141   35.03765
jla_mock     0.03361   35.71111    0.18044   35.93037
jla_mock     0.03697   35.90614    0.17917   36.14224
jla_mock     0.02263   34.71548    0.18007   35.05361
jla_mock     0.01470   34.13499    0.18462   34.10407
jla_mock     0.03695   35.93406    0.14876   36.14109
jla_mock     0.06096   37.31539    0.12531   37.26526
jla_mock     0.05929   37.27626    0.12136   37.20241
jla_mock     0.06975   37.64056    0.15874   37.57107
jla_mock     0.02953   35.30914    0.17470   35.64232
jla_mock     0.03325   35.88204    0.17565   35.90649
jla_mock     0.02416   35.16671    0.18124   35.19813
jla_mock     0.01600   34.17721    0.19156   34.29005
jla_mock     0.06296   37.42320    0.16531   37.33846
jla_mock     0.02171   34.87203    0.19186   34.96170
jla_mock     0.03164   35.61737    0.18944   35.79569
jla_mock     0.01860   34.64165    0.17305   34.62124
jla_mock     0.02706   35.77238    0.17333   35.44934
jla_mock     0.02547   35.59691    0.18470   35.31480
jla_mock     0.02381   34.96591    0.19337   35.16597
jla_mock     0.02387   35.05901    0.18298   35.17126
jla_mock     0.02207   35.18246    0.16678   34.99820
