jla_mock     0.50308   42.33698    0.14571   42.35104
jla_mock     0.58072   42.55235    0.16123   42.72544
jla_mock     0.49479   42.35061    0.12071   42.30792
jla_mock     0.34593   41.35549    0.13253   41.39128
jla_mock     0.67766   42.74901    0.22872   43.13160
jla_mock     0.61071   42.36897    0.22549   42.85755
jla_mock     0.86649   44.19092    0.25803   43.78400
jla_mock     0.33093   41.07730    0.12801   41.27950
jla_mock     0.79857   43.77760    0.25920   43.56670
jla_mock     0.44956   41.97948    0.16140   42.06004
jla_mock     0.37144   41.52247    0.14922   41.57158
jla_mock     0.29172   40.87524    0.14231   40.96351
jla_mock     0.35582   41.30894    0.14101   41.46259
jla_mock     0.46127   41.99971    0.15587   42.12638
jla_mock     0.28361   40.89169    0.13056   40.89333
jla_mock     0.63223   42.80449    0.22183   42.94863
jla_mock     0.46641   42.24255    0.17244   42.15500
jla_mock     0.26862   40.77146    0.12820   40.75859
jla_mock     0.94689   43.91588    0.29225   44.02068
jla_mock     0.92492   43.53295    0.31213   43.95801
jla_mock     0.69317   43.06255    0.29243   43.19137
jla_mock     0.62523   42.75974    0.19089   42.91933
jla_mock     0.89694   43.78873    0.26745   43.87607
jla_mock     0.60826   42.89847    0.15987   42.84699
jla_mock     0.78905   43.46842    0.26933   43.53485
jla_mock     0.57829   42.69771    0.14638   42.71445
jla_mock     0.59028   42.81695    0.18967   42.76823
jla_mock     0.71963   43.38308    0.25305   43.29050
jla_mock     0.21003   40.18861    0.13132   40.15509
jla_mock     0.76659   43.46055    0.22577   43.45813
jla_mock     0.85851   43.81861    0.22290   43.75934
jla_mock     0.36790   41.57979    0.09931   41.54727
jla_mock     0.55875   42.77123    0.15678   42.62447
jla_mock     0.84851   43.88150    0.21739   43.72812
jla_mock     0.99639   43.92036    0.24266   44.15679
jla_mock     0.77659   43.68945    0.26449   43.49256
jla_mock     0.58293   42.93348    0.13307   42.73539
jla_mock     0.58374   42.78278    0.16753   42.73903
jla_mock     0.79655   43.68118    0.22888   43.55998
jla_mock     0.58872   42.77692    0.15579   42.76129
jla_mock     0.91347   44.03360    0.24294   43.92478
jla_mock     0.76859   43.67245    0.23905   43.46504
jla_mock     0.94846   44.08362    0.26528   44.02509
jla_mock     0.51379   42.40552    0.15288   42.40578
jla_mock     0.73361   43.43407    0.19294   43.34148
jla_mock     0.63770   43.06969    0.27011   42.97130
jla_mock     0.76559   43.54354    0.21114   43.45466
jla_mock     0.43486   41.53207    0.15773   41.97447
jla_mock     0.98341   44.24356    0.25880   44.12175
jla_mock     0.58374   42.76117    0.16233   42.73903
jla_mock     0.70063   43.01628    0.21687   43.21970
jla_mock     0.66206   43.36385    0.21295   43.07010
jla_mock     0.83813   43.85965    0.28077   43.69533
jla_mock     0.62187   42.89193    0.17547   42.90516
jla_mock     0.37059   41.41837    0.14292   41.56572
jla_mock     0.41663   41.82789    0.13815   41.86455
jla_mock     0.35857   41.46648    0.10704   41.48209
jla_mock     0.45168   42.16436    0.15279   42.07216
jla_mock     0.52276   42.38698    0.16113   42.45081
jla_mock     0.73400   43.48638    0.30409   43.34288
jla_mock     0.70196   43.50855    0.31177   43.22473
jla_mock     0.74201   43.47328    0.29013   43.37166
jla_mock     0.74612   43.62727    0.21822   43.38631
jla_mock     0.34956   41.29730    0.13473   41.41768
jla_mock     0.59183   42.65782    0.15357   42.77513
jla_mock     0.51475   42.21506    0.15561   42.41060
jla_mock     0.62063   43.22375    0.18447   42.89990
jla_mock     0.64365   42.81777    0.24392   42.99574
jla_mock     1.00280   43.91604    0.33217   44.17391
jla_mock     0.47059   42.05265    0.14421   42.17801
jla_mock     0.61064   42.96918    0.15878   42.85725
jla_mock     0.26349   40.72431    0.12805   40.71081
jla_mock     0.35834   41.56761    0.12919   41.48044
jla_mock     0.74270   42.95239    0.25909   43.37412
jla_mock     0.45156   42.17346    0.11539   42.07145
jla_mock     0.91075   44.19618    0.26165   43.91682
jla_mock     0.55261   42.38828    0.15821   42.59559
jla_mock     0.33753   41.13633    0.12813   41.32927
jla_mock     0.75068   43.74766    0.24281   43.40248
jla_mock     0.98378   44.37758    0.34665   44.12275
jla_mock     0.82270   43.71530    0.22176   43.64588
jla_mock     0.81370   43.25269    0.24257   43.61661
jla_mock     0.95076   44.10077    0.26473   44.03158
jla_mock     0.81773   43.76031    0.24643   43.62977
jla_mock     0.34052   41.21913    0.12574   41.35149
jla_mock     0.96075   44.08707    0.28766   44.05949
jla_mock     0.81072   43.88746    0.27276   43.60686
jla_mock     0.75669   43.26807    0.24755   43.42362
jla_mock     0.61125   42.87372    0.18573   42.85987
jla_mock     0.87797   43.70887    0.22379   43.81907
jla_mock     0.54832   42.58837    0.14258   42.57529
jla_mock     0.80903   43.35943    0.23222   43.60132
jla_mock     1.02880   44.26213    0.28337   44.24234
jla_mock     0.62724   43.16520    0.17555   42.92776
jla_mock     0.42245   41.75636    0.15607   41.90012
jla_mock     0.93390   43.95182    0.35000   43.98380
jla_mock     0.70116   43.20969    0.22741   43.22169
jla_mock     0.69716   42.93866    0.20952   43.20658
jla_mock     0.68518   42.87723    0.27044   43.16074
jla_mock     0.76707   43.08295    0.25234   43.45981
jla_mock     0.93190   43.62124    0.25137   43.97808
jla_mock     0.86398   43.70134    0.24510   43.77625
jla_mock     0.74910   43.70781    0.22590   43.39689
jla_mock     0.51435   42.65423    0.15357   42.40861
jla_mock     0.46841   42.35445    0.11440   42.16601
jla_mock     0.47040   41.85511    0.15655   42.17698
jla_mock     0.95887   43.93513    0.27681   44.05426
jla_mock     0.92791   44.23338    0.29724   43.96663
jla_mock     0.84052   43.65808    0.21913   43.70293
jla_mock     0.63070   42.73650    0.17083   42.94224
jla_mock     0.56275   42.35516    0.14441   42.64315
jla_mock     0.61570   42.74167    0.16969   42.87892
jla_mock     0.82853   43.90772    0.22446   43.66467
jla_mock     0.56474   42.66146    0.16043   42.65238
jla_mock     0.57874   42.65474    0.14758   42.71650
jla_mock     0.55774   42.73654    0.15832   42.61978
jla_mock     0.86450   43.60768    0.22870   43.77785
jla_mock     0.73561   43.40306    0.23469   43.34870
jla_mock     0.85851   43.72362    0.28337   43.75932
jla_mock     0.26198   40.68887    0.10443   40.69667
jla_mock     0.58574   42.62729    0.18661   42.74800
jla_mock     0.76158   43.76560    0.21599   43.44073
jla_mock     0.48880   42.31207    0.11155   42.27631
jla_mock     0.85852   43.94196    0.27431   43.75935
jla_mock     0.68866   43.22619    0.18053   43.17412
jla_mock     0.55874   42.43002    0.15492   42.62446
jla_mock     0.32453   41.33226    0.12602   41.23036
jla_mock     0.48070   42.41852    0.10839   42.23305
jla_mock     0.18537   39.81151    0.13096   39.85305
jla_mock     0.92222   44.06878    0.33855   43.95022
jla_mock     0.68194   43.48089    0.19640   43.14823
jla_mock     0.47571   42.11126    0.10811   42.20600
jla_mock     0.92221   44.10603    0.27644   43.95018
jla_mock     0.89318   43.74415    0.25783   43.86487
jla_mock     0.42865   41.70863    0.14144   41.93748
jla_mock     0.63188   42.69649    0.23474   42.94717
jla_mock     0.69996   43.56224    0.25835   43.21717
jla_mock     0.73601   42.83927    0.26469   43.35013
jla_mock     0.57582   42.62092    0.15954   42.70324
jla_mock     0.41863   41.87733    0.10652   41.87683
jla_mock     0.51175   42.45599    0.12001   42.39540
jla_mock     0.53577   42.55657    0.12653   42.51485
jla_mock     0.64189   43.11753    0.21547   42.98856
jla_mock     0.73500   43.27421    0.22720   43.34649
jla_mock     0.35156   41.32204    0.13079   41.43211
jla_mock     0.60986   42.96240    0.17401   42.85388
jla_mock     0.34956   41.26110    0.13437   41.41766
jla_mock     0.70197   43.35769    0.18820   43.22475
jla_mock     0.35526   41.46711    0.10428   41.45861
jla_mock     0.98328   44.11792    0.25757   44.12140
jla_mock     0.87215   43.92500    0.26598   43.80134
jla_mock     0.75903   43.29243    0.20819   43.43183
jla_mock     0.92622   44.30994    0.24599   43.96176
jla_mock     0.64364   42.99074    0.22846   42.99573
jla_mock     0.41957   41.73668    0.13773   41.88255
jla_mock     0.51559   42.39377    0.20314   42.41484
jla_mock     0.89073   43.49067    0.21058   43.85753
jla_mock     0.80570   43.17329    0.22987   43.59033
jla_mock     0.48057   42.16247    0.10875   42.23231
jla_mock     0.80070   43.86652    0.24546   43.57378
jla_mock     0.58060   42.50558    0.18881   42.72490
jla_mock     0.71565   43.09408    0.24397   43.27584
jla_mock     0.80570   43.36727    0.23277   43.59033
jla_mock     0.76668   43.60704    0.25284   43.45846
jla_mock     0.66464   43.01514    0.19579   43.08037
jla_mock     0.90174   43.81710    0.25191   43.89028
jla_mock     0.74567   43.03021    0.21143   43.38470
jla_mock     0.71868   43.25504    0.20380   43.28702
jla_mock     0.73669   42.98350    0.19636   43.35259
jla_mock     0.57960   42.79844    0.12085   42.72037
jla_mock     0.37053   41.64120    0.10257   41.56534
jla_mock     0.96074   43.96484    0.23956   44.05946
jla_mock     0.85073   43.64447    0.21180   43.73508
jla_mock     0.64864   42.85996    0.19255   43.01611
jla_mock     0.21946   40.33159    0.13037   40.26197
jla_mock     0.93676   43.61041    0.24130   43.99195
jla_mock     0.64764   43.03435    0.17876   43.01204
jla_mock     0.46156   42.32072    0.13341   42.12800
jla_mock     0.60060   42.66414    0.17945   42.81372
jla_mock     0.67065   43.24800    0.23101   43.10415
jla_mock     0.76070   43.14822    0.20946   43.43765
jla_mock     0.24649   40.61327    0.13212   40.54638
jla_mock     0.47057   42.30449    0.14759   42.17794
jla_mock     0.16945   39.51228    0.11210   39.63766
jla_mock     0.49738   42.19844    0.12913   42.32144
jla_mock     0.63823   43.01447    0.19689   42.97350
jla_mock     0.50737   42.43816    0.14543   42.37308
jla_mock     0.53533   42.44250    0.14230   42.51269
jla_mock     0.58728   42.41141    0.16639   42.75489
jla_mock     0.77308   43.24946    0.25621   43.48052
jla_mock     0.69917   43.32945    0.22210   43.21417
jla_mock     0.37051   41.43470    0.12736   41.56520
jla_mock     0.76109   43.64518    0.22809   43.43902
jla_mock     0.69917   43.76331    0.21960   43.21418
jla_mock     0.78806   43.44416    0.19242   43.53150
jla_mock     0.37351   41.63071    0.13203   41.58571
jla_mock     0.40548   41.86881    0.13199   41.79507
jla_mock     0.85299   43.63863    0.25729   43.74216
jla_mock     0.80805   43.88755    0.24185   43.59808
jla_mock     0.60327   42.90812    0.18398   42.82536
jla_mock     0.58329   42.55358    0.17903   42.73700
jla_mock     0.53434   42.51575    0.14774   42.50785
jla_mock     0.72014   43.61499    0.24070   43.29239
jla_mock     0.40048   41.90366    0.21061   41.76340
jla_mock     0.83700   43.74555    0.21503   43.69176
jla_mock     0.37151   41.51152    0.10193   41.57203
jla_mock     0.80604   43.61494    0.25908   43.59147
jla_mock     0.84001   43.54316    0.23507   43.70129
jla_mock     0.50073   42.38948    0.12981   42.33885
jla_mock     0.53277   42.46242    0.17422   42.50018
jla_mock     0.53377   42.55873    0.18215   42.50508
jla_mock     0.93223   43.56041    0.34153   43.97902
jla_mock     0.82210   43.28971    0.25791   43.64395
jla_mock     0.55380   42.64037    0.13545   42.60122
jla_mock     0.12530   39.01225    0.13709   38.92294
jla_mock     0.84212   43.47699    0.28303   43.70800
jla_mock     0.44367   42.21908    0.15187   42.02605
jla_mock     0.72767   42.72178    0.24978   43.31996
jla_mock     0.68366   43.68729    0.41253   43.15487
jla_mock     0.44255   41.86810    0.13368   42.01954
jla_mock     0.72668   43.07059    0.20022   43.31634
jla_mock     0.28251   40.91519    0.12748   40.88366
jla_mock     0.40455   41.67615    0.12965   41.78921
jla_mock     0.51961   42.39974    0.13964   42.43507
jla_mock     0.69065   42.84595    0.23215   43.18177
jla_mock     1.06080   44.28616    0.27869   44.32423
jla_mock     0.57661   42.62116    0.15376   42.70683
jla_mock     0.26849   40.56406    0.12614   40.75735
jla_mock     0.72068   43.15637    0.25107   43.29438
jla_mock     0.25050   40.81924    0.13111   40.58606
jla_mock     0.76069   43.65705    0.27664   43.43763
jla_mock     0.69817   43.34587    0.26129   43.21038
jla_mock     0.55031   42.54041    0.16854   42.58475
jla_mock     0.73013   43.18083    0.23525   43.32888
jla_mock     0.84798   43.76074    0.24703   43.72647
jla_mock     0.99783   44.08415    0.24706   44.16064
jla_mock     0.43545   41.81738    0.13052   41.97792
jla_mock     0.40947   41.88292    0.12922   41.82014
jla_mock     0.30159   41.03382    0.12599   41.04659
jla_mock     1.29911   44.70117    0.19341   44.86622
jla_mock     1.02081   44.28632    0.23668   44.22149
jla_mock     0.83973   43.84837    0.19265   43.70043
jla_mock     1.12085   44.59626    0.20807   44.47149
jla_mock     1.23089   44.62416    0.23900   44.72199
jla_mock     0.97423   44.21028    0.18427   44.09670
jla_mock     0.97078   44.20736    0.33863   44.08723
jla_mock     0.06423   37.33655    0.15073   37.38367
jla_mock     0.12903   39.01489    0.16417   38.99182
jla_mock     0.10289   38.46840    0.14984   38.46361
jla_mock     0.04413   36.32412    0.17360   36.53791
jla_mock     0.11304   38.47454    0.15277   38.68229
jla_mock     0.25611   40.59257    0.20496   40.64067
jla_mock     0.38026   41.65321    0.28703   41.63124
jla_mock     0.14547   39.08584    0.16219   39.27457
jla_mock     0.08889   38.18658    0.14637   38.12583
jla_mock     0.26059   40.70926    0.18294   40.68349
jla_mock     0.07891   38.03725    0.15603   37.85259
jla_mock     0.08304   37.83685    0.15332   37.96945
jla_mock     0.16565   39.49536    0.13854   39.58339
jla_mock     0.16817   39.75521    0.16196   39.61946
jla_mock     0.17063   39.77358    0.16521   39.65419
jla_mock     0.17028   39.41733    0.17036   39.64928
jla_mock     0.12044   38.76519    0.15110   38.83033
jla_mock     0.27653   41.11174    0.21444   40.83051
jla_mock     0.23160   40.36078    0.18253   40.39347
jla_mock     0.30569   41.14369    0.26735   41.08035
jla_mock     0.07997   37.99112    0.16566   37.88313
jla_mock     0.17415   39.80781    0.15831   39.70309
jla_mock     0.13868   39.20470    0.16605   39.16161
jla_mock     0.14607   39.30954    0.16392   39.28432
jla_mock     0.08133   37.83601    0.14393   37.92176
jla_mock     0.23380   40.53381    0.17178   40.41662
jla_mock     0.25655   40.57005    0.17733   40.64491
jla_mock     0.24562   40.25070    0.20041   40.53766
jla_mock     0.12593   39.08773    0.19133   38.93474
jla_mock     0.22351   40.30742    0.21583   40.30655
jla_mock     0.10264   38.64136    0.14664   38.45798
jla_mock     0.11967   38.62207    0.14567   38.81533
jla_mock     0.18055   39.92954    0.16851   39.78968
jla_mock     0.19709   39.81292    0.17390   40.00094
jla_mock     0.22916   40.28684    0.19939   40.36755
jla_mock     0.26451   40.70633    0.19876   40.72040
jla_mock     0.10337   38.41197    0.12264   38.47441
jla_mock     0.36441   41.55120    0.23043   41.52305
jla_mock     0.20560   40.12616    0.15584   40.10331
jla_mock     0.17981   39.54197    0.19620   39.77982
jla_mock     0.19959   39.77756    0.18224   40.03143
jla_mock     0.15653   39.62389    0.15013   39.44844
jla_mock     0.16180   39.35158    0.14761   39.52729
jla_mock     0.20953   40.41632    0.20608   40.14927
jla_mock     0.24179   40.62213    0.19813   40.49904
jla_mock     0.23646   40.60201    0.16266   40.44434
jla_mock     0.22668   40.44716    0.21051   40.34095
jla_mock     0.29678   40.83412    0.19716   41.00643
jla_mock     0.20852   40.08170    0.16317   40.13754
jla_mock     0.25104   40.39409    0.22086   40.59138
jla_mock     0.25012   40.64480    0.17967   40.58234
jla_mock     0.11771   38.75819    0.14551   38.77674
jla_mock     0.21971   40.03451    0.16999   40.26472
jla_mock     0.14901   39.28363    0.14890   39.33153
jla_mock     0.28742   40.97569    0.18840   40.92654
jla_mock     0.14360   39.25899    0.16640   39.24396
jla_mock     0.32837   41.07778    0.19601   41.25993
jla_mock     0.24625   40.30286    0.16507   40.54396
jla_mock     0.11966   38.66983    0.15027   38.81514
jla_mock     0.32838   41.16862    0.27642   41.26001
jla_mock     0.21513   40.08059    0.18367   40.21341
jla_mock     0.14478   39.01742    0.13617   39.26332
jla_mock     0.13243   38.96279    0.12839   39.05296
jla_mock     0.21082   40.13684    0.16235   40.16418
jla_mock     0.20399   40.07259    0.15781   40.08425
jla_mock     0.27952   40.74463    0.16701   40.85722
jla_mock     0.04428   36.49197    0.15510   36.54551
jla_mock     0.18037   39.89627    0.15078   39.78729
jla_mock     0.26070   40.57656    0.18972   40.68453
jla_mock     0.05654   36.61456    0.18697   37.09513
jla_mock     0.21260   39.76392    0.19195   40.18462
jla_mock     0.36941   41.69773    0.23700   41.55764
jla_mock     0.17386   39.67918    0.13052   39.69910
jla_mock     0.14265   38.70422    0.16863   39.22827
jla_mock     0.17789   39.83304    0.17323   39.75404
jla_mock     0.32837   41.11566    0.20656   41.25993
jla_mock     0.25351   40.51022    0.19561   40.61551
jla_mock     0.30001   40.96269    0.19320   41.03346
jla_mock     0.10589   38.66539    0.14608   38.53030
jla_mock     0.22328   40.24707    0.16844   40.30404
jla_mock     0.11845   38.96642    0.12252   38.79138
jla_mock     0.17653   39.24175    0.17119   39.73563
jla_mock     0.18280   39.56432    0.18907   39.81945
jla_mock     0.29762   41.17022    0.22708   41.01348
jla_mock     0.19699   40.04834    0.16337   39.99971
jla_mock     0.15295   39.32470    0.14755   39.39345
jla_mock     0.24850   40.54966    0.17448   40.56634
jla_mock     0.13818   39.10944    0.12409   39.15309
jla_mock     0.20704   40.44900    0.17045   40.12025
jla_mock     0.21468   40.18404    0.18060   40.20831
jla_mock     0.30632   41.52882    0.21503   41.08550
jla_mock     0.24695   40.33304    0.17120   40.55095
jla_mock     0.19801   39.94630    0.14490   40.01220
jla_mock     0.22256   40.25782    0.15195   40.29616
jla_mock     0.13508   39.29941    0.15131   39.09960
jla_mock     0.21054   39.98909    0.18261   40.16096
jla_mock     0.27258   40.80732    0.16911   40.79482
jla_mock     0.24660   40.68699    0.16169   40.54746
jla_mock     0.22068   40.15057    0.19429   40.27546
jla_mock     0.27447   40.91306    0.19147   40.81196
jla_mock     0.17656   39.59273    0.15540   39.73604
jla_mock     0.31088   41.12596    0.22016   41.12250
jla_mock     0.18435   39.66722    0.17308   39.83976
jla_mock     0.15935   39.43530    0.14827   39.49093
jla_mock     0.21976   40.24759    0.16605   40.26527
jla_mock     0.25205   40.44491    0.18410   40.60127
jla_mock     0.18122   39.96500    0.14940   39.79858
jla_mock     0.17373   39.83293    0.13336   39.69730
jla_mock     0.38047   41.89464    0.24246   41.63265
jla_mock     0.17865   40.04473    0.17172   39.76428
jla_mock     0.24568   40.06254    0.18910   40.53826
jla_mock     0.20910   40.23953    0.16102   40.14428
jla_mock     0.24947   40.68398    0.20971   40.57593
jla_mock     0.13392   38.81172    0.16606   39.07929
jla_mock     0.17706   39.53364    0.16040   39.74282
jla_mock     0.28111   40.84465    0.18775   40.87131
jla_mock     0.17383   39.73314    0.15187   39.69868
jla_mock     0.19654   40.03812    0.16513   39.99418
jla_mock     0.36397   41.37501    0.22725   41.51999
jla_mock     0.37835   41.53013    0.26733   41.61843
jla_mock     0.31646   40.88963    0.21039   41.16711
jla_mock     0.18322   39.79483    0.13519   39.82497
jla_mock     0.24102   40.27300    0.16774   40.49121
jla_mock     0.20203   39.98479    0.19953   40.06085
jla_mock     0.16869   39.50812    0.16512   39.62684
jla_mock     0.19794   39.72735    0.17492   40.01135
jla_mock     0.12276   38.80118    0.14575   38.87499
jla_mock     0.20318   39.88350    0.16105   40.07461
jla_mock     0.12739   39.03947    0.14896   38.96178
jla_mock     0.27549   40.69045    0.19973   40.82116
jla_mock     0.14468   39.11631    0.14722   39.26169
jla_mock     0.33436   41.08712    0.24978   41.30545
jla_mock     0.19580   39.97091    0.15393   39.98507
jla_mock     0.19392   39.59388    0.16375   39.96176
jla_mock     0.24973   40.54810    0.18581   40.57850
jla_mock     0.14860   39.34727    0.14880   39.32499
jla_mock     0.15596   39.77907    0.14872   39.43976
jla_mock     0.09582   38.16760    0.15035   38.29889
jla_mock     0.15065   39.11406    0.15873   39.35748
jla_mock     0.30933   41.27880    0.24716   41.10998
jla_mock     0.24857   39.98423    0.17340   40.56704
jla_mock     0.36554   41.36880    0.24312   41.53091
jla_mock     0.11771   38.82844    0.12848   38.77674
jla_mock     0.19176   39.78530    0.14428   39.93472
jla_mock     0.18255   39.80033    0.16171   39.81616
jla_mock     0.23472   40.36051    0.18445   40.42624
jla_mock     0.24647   40.65236    0.19928   40.54616
jla_mock     0.28845   41.27699    0.18873   40.93544
jla_mock     0.20960   40.01583    0.19927   40.15008
jla_mock     0.19198   39.73571    0.17965   39.93748
jla_mock     0.11402   38.73029    0.12215   38.70241
jla_mock     0.11389   38.77895    0.18397   38.69975
jla_mock     0.19880   39.83705    0.20967   40.02183
jla_mock     0.22058   40.29492    0.22796   40.27436
jla_mock     0.18257   39.68402    0.16454   39.81642
jla_mock     0.15895   39.14803    0.16373   39.48495
jla_mock     0.07849   37.76032    0.14912   37.84038
jla_mock     0.13864   39.16813    0.13217   39.16093
jla_mock     0.18079   39.73344    0.15446   39.79287
jla_mock     0.17757   39.80307    0.18629   39.74972
jla_mock     0.17066   39.56963    0.16102   39.65461
jla_mock     0.23381   40.59171    0.20859   40.41672
jla_mock     0.07153   37.66027    0.17411   37.62842
jla_mock     0.15463   39.71902    0.18792   39.41940
jla_mock     0.09010   38.04604    0.15951   38.15695
jla_mock     0.17658   39.78922    0.20449   39.73631
jla_mock     0.13045   39.01761    0.16441   39.01753
jla_mock     0.18204   39.77961    0.17167   39.80943
jla_mock     0.25617   40.53715    0.17261   40.64125
jla_mock     0.13811   39.24542    0.14854   39.15189
jla_mock     0.17070   39.43499    0.16750   39.65518
jla_mock     0.21674   40.45718    0.14793   40.23156
jla_mock     0.24555   40.69221    0.17888   40.53696
jla_mock     0.14382   39.20798    0.16710   39.24758
jla_mock     0.24862   40.37517    0.18856   40.56753
jla_mock     0.14533   39.20803    0.17139   39.27229
jla_mock     0.13588   39.30439    0.12760   39.11351
jla_mock     0.05874   37.42583    0.12754   37.18137
jla_mock     0.03652   35.88863    0.15192   36.11500
jla_mock     0.27749   41.18632    0.22703   40.83912
jla_mock     0.20515   39.74371    0.29701   40.09800
jla_mock     0.28051   40.92942    0.20079   40.86600
jla_mock     0.19867   40.00802    0.16216   40.02025
jla_mock     0.15999   39.34433    0.15164   39.50048
jla_mock     0.21075   40.03057    0.18113   40.16338
jla_mock     0.07195   37.40290    0.17246   37.64176
jla_mock     0.23782   40.43149    0.19074   40.45841
jla_mock     0.14139   39.15183    0.17359   39.20730
jla_mock     0.15506   39.57775    0.15761   39.42600
jla_mock     0.37013   42.15036    0.22887   41.56259
jla_mock     0.09391   38.18102    0.17056   38.25241
jla_mock     0.11863   38.78508    0.17058   38.79493
jla_mock     0.15363   39.44153    0.15381   39.40398
jla_mock     0.25356   40.71534    0.16810   40.61600
jla_mock     0.10725   38.54362    0.14420   38.55994
jla_mock     0.12961   39.24387    0.15302   39.00235
jla_mock     0.26665   40.55410    0.19376   40.74033
jla_mock     0.21226   40.10608    0.16263   40.18073
jla_mock     0.27822   41.07928    0.18167   40.84564
jla_mock     0.24540   40.54472    0.16812   40.53546
jla_mock     0.13362   39.01044    0.15059   39.07401
jla_mock     0.17656   39.66240    0.16208   39.73604
jla_mock     0.11368   38.88682    0.14584   38.69545
jla_mock     0.32038   40.62611    0.26368   41.19801
jla_mock     0.11271   38.37723    0.12253   38.67548
jla_mock     0.10602   38.35561    0.14473   38.53314
jla_mock     0.39135   41.65488    0.26610   41.70449
jla_mock     0.15575   39.29294    0.14612   39.43656
jla_mock     0.18667   39.72268    0.16762   39.86986
jla_mock     0.19671   40.17958    0.16670   39.99627
jla_mock     0.19191   39.93767    0.17339   39.93660
jla_mock     0.19084   39.87782    0.15088   39.92311
jla_mock     0.17625   39.59553    0.15361   39.73182
jla_mock     0.12837   38.94706    0.15036   38.97977
jla_mock     0.12262   38.87157    0.14734   38.87232
jla_mock     0.12715   39.07940    0.14706   38.95736
jla_mock     0.21323   40.34466    0.17621   40.19182
jla_mock     0.21861   39.86831    0.18110   40.25249
jla_mock     0.26856   40.58937    0.19152   40.75800
jla_mock     0.20466   39.92278    0.16519   40.09220
jla_mock     0.26710   40.77480    0.17378   40.74451
jla_mock     0.21757   40.32084    0.17265   40.24087
jla_mock     0.24185   40.71878    0.17151   40.49965
jla_mock     0.29350   40.78630    0.20072   40.97870
jla_mock     0.35346   41.89913    0.23114   41.44575
jla_mock     0.18563   40.02782    0.15495   39.85641
jla_mock     0.28543   41.20976    0.19928   40.90924
jla_mock     0.19494   39.94532    0.16836   39.97443
jla_mock     0.07592   37.50631    0.14500   37.76429
jla_mock     0.16357   39.55952    0.15778   39.55323
jla_mock     0.25721   40.97783    0.20821   40.65125
jla_mock     0.21955   40.14447    0.18725   40.26294
jla_mock     0.17558   39.76859    0.15163   39.72269
jla_mock     0.22667   40.25081    0.18608   40.34084
jla_mock     0.15322   39.37799    0.15082   39.39764
jla_mock     0.21025   40.40125    0.19550   40.15761
jla_mock     0.12164   38.63182    0.12361   38.85353
jla_mock     0.29135   40.64653    0.19905   40.96037
jla_mock     0.29448   41.00972    0.27860   40.98701
jla_mock     0.16455   39.66028    0.12599   39.56749
jla_mock     0.30702   41.03722    0.20907   41.09122
jla_mock     0.19863   39.93084    0.16158   40.01976
jla_mock     0.26821   40.67397    0.21540   40.75477
jla_mock     0.40128   41.98038    0.24823   41.76846
jla_mock     0.13668   39.21532    0.15334   39.12735
jla_mock     0.29542   40.64547    0.24720   40.99496
jla_mock     0.29192   40.73560    0.19220   40.96524
jla_mock     0.09007   38.07511    0.12097   38.15619
jla_mock     0.20557   40.13261    0.18293   40.10296
jla_mock     0.14582   39.17894    0.14935   39.28026
jla_mock     0.11767   38.64790    0.14487   38.77595
jla_mock     0.05499   36.84699    0.14998   37.03240
jla_mock     0.17420   39.46625    0.15143   39.70378
jla_mock     0.24495   40.66289    0.18021   40.53095
jla_mock     0.22452   40.29383    0.18250   40.31756
jla_mock     0.24558   40.68718    0.16228   40.53726
jla_mock     0.28351   40.77717    0.21250   40.89245
jla_mock     0.18056   40.13223    0.17619   39.78982
jla_mock     0.10391   38.22201    0.12352   38.48649
jla_mock     0.12961   39.09122    0.15327   39.00235
jla_mock     0.24352   40.53676    0.16046   40.51656
jla_mock     0.33136   41.46700    0.26935   41.28275
jla_mock     0.24348   40.66099    0.19048   40.51615
jla_mock     0.31468   41.16649    0.17578   41.15296
jla_mock     0.21865   40.08171    0.18935   40.25293
jla_mock     0.26014   40.72055    0.21926   40.67922
jla_mock     0.28243   40.99508    0.19831   40.88296
jla_mock     0.30041   40.91954    0.20582   41.03679
jla_mock     0.15186   39.25510    0.14864   39.37647
jla_mock     0.26357   41.14555    0.18937   40.71159
jla_mock     0.21382   40.45454    0.20621   40.19854
jla_mock     0.16284   39.48301    0.16762   39.54256
jla_mock     0.12440   38.88803    0.17141   38.90608
jla_mock     0.19465   40.11051    0.13939   39.97083
jla_mock     0.20554   39.80358    0.18299   40.10260
jla_mock     0.10667   38.48632    0.14589   38.54734
jla_mock     0.18772   40.10703    0.18725   39.88338
jla_mock     0.16387   39.46126    0.15682   39.55760
jla_mock     0.29021   41.16183    0.19470   40.95060
jla_mock     0.09401   38.13848    0.12498   38.25487
jla_mock     0.22786   40.02707    0.18010   40.35364
jla_mock     0.10751   38.34748    0.14765   38.56556
jla_mock     0.31065   41.01457    0.22259   41.12065
jla_mock     0.14564   39.32181    0.15576   39.27734
jla_mock     0.08784   38.12536    0.12610   38.09850
jla_mock     0.14839   39.35587    0.15573   39.32164
jla_mock     0.28662   40.92151    0.19366   40.91960
jla_mock     0.12281   38.97740    0.13329   38.87594
jla_mock     0.18655   39.87355    0.20280   39.86832
jla_mock     0.12893   39.08449    0.15504   38.99000
jla_mock     0.19422   39.87656    0.16864   39.96549
jla_mock     0.14800   39.33237    0.14676   39.31541
jla_mock     0.21179   39.94906    0.22866   40.17534
jla_mock     0.17962   39.57119    0.17351   39.77728
jla_mock     0.26349   40.80088    0.18130   40.71084
jla_mock     0.19215   39.91861    0.15957   39.93962
jla_mock     0.33880   41.29817    0.22988   41.33871
jla_mock     0.11741   38.71825    0.14767   38.77078
jla_mock     0.14310   38.94032    0.16842   39.23571
jla_mock     0.16035   39.55862    0.13218   39.50583
jla_mock     0.28872   40.81237    0.21130   40.93777
jla_mock     0.12303   38.62565    0.15465   38.88013
jla_mock     0.26405   40.95641    0.18534   40.71609
jla_mock     0.12608   38.81250    0.17183   38.93753
jla_mock     0.17374   39.72961    0.14981   39.69744
jla_mock     0.16440   39.60881    0.14973   39.56531
jla_mock     0.24961   40.56096    0.16242   40.57731
jla_mock     0.15999   39.21571    0.15137   39.50048
jla_mock     0.24448   40.61192    0.15150   40.52623
jla_mock     0.24851   40.29724    0.17708   40.56644
jla_mock     0.22893   40.23950    0.16848   40.36509
jla_mock     0.08528   37.97491    0.14385   38.03054
jla_mock     0.06282   37.36575    0.14855   37.33331
jla_mock     0.27745   40.57459    0.23370   40.83876
jla_mock     0.27544   41.01338    0.21508   40.82071
jla_mock     0.33051   41.33515    0.21088   41.27628
jla_mock     0.36193   41.51398    0.24565   41.50573
jla_mock     0.33103   41.39527    0.21801   41.28024
jla_mock     0.16050   39.44893    0.12715   39.50806
jla_mock     0.30021   40.80194    0.20430   41.03513
jla_mock     0.11635   38.54399    0.12231   38.74960
jla_mock     0.21829   40.07747    0.16062   40.24892
jla_mock     0.11967   38.64459    0.12046   38.81533
jla_mock     0.15473   39.42133    0.12395   39.42094
jla_mock     0.17810   39.58626    0.16563   39.75688
jla_mock     0.25037   40.69457    0.16561   40.58480
jla_mock     0.25174   40.38550    0.14466   40.59824
jla_mock     0.12953   39.07051    0.14519   39.00090
jla_mock     0.30929   40.86721    0.18811   41.10966
jla_mock     0.27852   41.07737    0.17882   40.84832
jla_mock     0.18581   39.70665    0.13606   39.85875
jla_mock     0.06651   37.02625    0.17228   37.46289
jla_mock     0.25800   40.69043    0.18757   40.65882
jla_mock     0.29888   41.20939    0.21609   41.02403
jla_mock     0.27044   40.67948    0.22437   40.77528
jla_mock     0.27916   40.85706    0.17184   40.85402
jla_mock     0.29287   40.97361    0.21554   40.97334
jla_mock     0.18965   39.99669    0.15711   39.90803
jla_mock     0.26576   40.63221    0.19291   40.73206
jla_mock     0.12376   38.89878    0.14509   38.89399
jla_mock     0.18255   39.65234    0.14972   39.81616
jla_mock     0.05634   37.02489    0.14895   37.08713
jla_mock     0.31288   41.56198    0.18264   41.13858
jla_mock     0.30915   41.13868    0.22329   41.10853
jla_mock     0.20061   40.06005    0.15588   40.04377
jla_mock     0.32640   41.08948    0.20549   41.24480
jla_mock     0.21163   40.04410    0.13899   40.17351
jla_mock     0.17969   39.81812    0.15636   39.77821
jla_mock     0.30240   41.14670    0.19662   41.05329
jla_mock     0.10924   38.55076    0.14870   38.60268
jla_mock     0.08522   37.97893    0.15002   38.02892
jla_mock     0.20231   39.90162    0.16132   40.06421
jla_mock     0.12649   38.90917    0.15585   38.94515
jla_mock     0.21457   40.34207    0.16813   40.20706
jla_mock     0.32045   41.56710    0.19169   41.19856
jla_mock     0.21835   40.36729    0.17273   40.24959
jla_mock     0.19010   39.56769    0.15982   39.91374
jla_mock     0.09243   38.12649    0.15614   38.21577
jla_mock     0.37986   41.51223    0.18489   41.62856
jla_mock     0.21134   40.00822    0.16608   40.17017
jla_mock     0.25833   40.67971    0.18012   40.66198
jla_mock     0.18327   39.75609    0.16856   39.82563
jla_mock     0.21295   40.26589    0.17785   40.18862
jla_mock     0.11651   38.73643    0.15544   38.75281
jla_mock     0.14401   39.15998    0.17186   39.25071
jla_mock     0.25249   40.57300    0.18600   40.60557
jla_mock     0.25539   40.63222    0.21320   40.63373
jla_mock     0.21698   40.27735    0.18861   40.23425
jla_mock     1.26590   45.26187    0.22380   44.79699
jla_mock     0.93577   44.12037    0.22959   43.98915
jla_mock     0.04952   36.99258    0.20229   36.79644
jla_mock     0.03033   35.63290    0.18208   35.70157
jla_mock     0.07458   37.55426    0.21873   37.72360
jla_mock     0.02520   35.38748    0.22034   35.29123
jla_mock     0.01441   34.00599    0.20528   34.06048
jla_mock     0.02079   34.69516    0.19750   34.86681
jla_mock     0.03522   36.08434    0.20378   36.03412
jla_mock     0.04166   36.11248    0.21523   36.40883
jla_mock     0.04240   36.15558    0.20619   36.44838
jla_mock     0.01890   34.65874    0.18362   34.65682
jla_mock     0.07884   37.67512    0.21534   37.85056
jla_mock     0.06334   37.35035    0.20759   37.35224
jla_mock     0.02764   35.61568    0.23142   35.49574
jla_mock     0.04933   36.96128    0.21068   36.78762
jla_mock     0.07015   37.63830    0.22041   37.58415
jla_mock     0.02391   35.31873    0.18368   35.17514
jla_mock     0.05313   36.98565    0.22336   36.95466
jla_mock     0.02495   35.15939    0.18978   35.26944
jla_mock     0.01566   34.49190    0.20165   34.24356
jla_mock     0.04898   36.67580    0.15986   36.77203
jla_mock     0.02240   34.99937    0.18928   35.03106
jla_mock     0.03485   36.01956    0.23666   36.01099
jla_mock     0.01697   34.12788    0.20291   34.41905
jla_mock     0.03072   35.91282    0.18172   35.73037
jla_mock     0.03048   35.28887    0.18204   35.71303
jla_mock     0.01055   33.34956    0.21945   33.37697
jla_mock     0.01426   33.83543    0.17171   34.03675
jla_mock     0.02769   35.22934    0.18125   35.49983
jla_mock     0.05386   36.78610    0.15904   36.98558
jla_mock     0.01767   34.54201    0.19251   34.50873
jla_mock     0.01745   34.28112    0.17037   34.48092
jla_mock     0.01557   34.29214    0.20220   34.23076
jla_mock     0.01006   33.34081    0.23113   33.27290
jla_mock     0.05493   36.80112    0.18431   37.02998
jla_mock     0.03908   36.38027    0.16317   36.26630
jla_mock     0.07832   37.91440    0.18392   37.83534
jla_mock     0.03176   35.71303    0.15356   35.80452
jla_mock     0.01444   34.01364    0.22581   34.06489
jla_mock     0.01353   33.76371    0.22079   33.92255
jla_mock     0.02668   35.60302    0.19350   35.41745
jla_mock     0.02336   34.87874    0.17881   35.12382
jla_mock     0.03693   35.93185    0.19002   36.14013
jla_mock     0.02355   34.99446    0.17820   35.14190
jla_mock     0.01748   34.51516    0.19212   34.48507
jla_mock     0.04026   36.26298    0.17448   36.33252
jla_mock     0.03038   35.96926    0.20408   35.70566
jla_mock     0.01550   34.00721    0.20028   34.22101
jla_mock     0.01415   33.91447    0.18788   34.02052
jla_mock     0.01549   34.36644    0.18431   34.21860
jla_mock     0.01555   33.99708    0.19852   34.22808
jla_mock     0.03707   36.01809    0.15485   36.14862
jla_mock     0.01548   34.05890    0.20250   34.21789
jla_mock     0.01332   33.85649    0.18644   33.88842
jla_mock     0.01457   34.02842    0.20791   34.08532
jla_mock     0.01579   34.34913    0.19847   34.26130
jla_mock     0.02475   35.11953    0.17955   35.25120
jla_mock     0.02775   35.36365    0.17503   35.50463
jla_mock     0.01089   33.05593    0.25478   33.44601
jla_mock     0.01365   33.89020    0.18671   33.94176
jla_mock     0.03576   36.44290    0.16296   36.06783
jla_mock     0.02473   35.40053    0.17711   35.24932
jla_mock     0.03809   36.38187    0.17052   36.20863
jla_mock     0.02154   34.60155    0.17712   34.94487
jla_mock     0.01958   34.67670    0.17899   34.73456
jla_mock     0.03042   35.99820    0.17572   35.70822
jla_mock     0.03922   36.01040    0.17021   36.27406
jla_mock     0.03497   36.10714    0.15988   36.01845
jla_mock     0.02856   35.77095    0.17650   35.56863
jla_mock     0.02100   34.85849    0.18823   34.88845
jla_mock     0.03254   36.06186    0.18232   35.85802
jla_mock     0.01547   34.16059    0.19319   34.21604
jla_mock     0.01568   34.20442    0.20748   34.24552
jla_mock     0.02750   35.75517    0.15599   35.48465
jla_mock     0.04686   36.66517    0.17135   36.67229
jla_mock     0.03317   35.82300    0.18296   35.90099
jla_mock     0.01029   33.15745    0.23550   33.32258
jla_mock     0.08010   37.81204    0.17116   37.88694
jla_mock     0.01232   33.73614    0.20021   33.71613
jla_mock     0.02459   35.54660    0.20631   35.23686
jla_mock     0.01447   34.32092    0.20828   34.06899
jla_mock     0.01515   34.03388    0.18400   34.17085
jla_mock     0.02909   35.63289    0.17337   35.60902
jla_mock     0.03478   36.09702    0.17929   36.00632
jla_mock     0.04492   36.48954    0.14071   36.57766
jla_mock     0.03407   36.14414    0.16958   35.96061
jla_mock     0.07487   37.73787    0.14386   37.73249
jla_mock     0.01496   34.19128    0.19783   34.14256
jla_mock     0.02040   35.02026    0.17104   34.82442
jla_mock     0.04069   36.34728    0.17468   36.35626
jla_mock     0.02657   35.49408    0.18033   35.40830
jla_mock     0.02688   35.43169    0.15331   35.43431
jla_mock     0.02347   35.07502    0.17598   35.13429
jla_mock     0.06912   37.65496    0.19118   37.55045
jla_mock     0.06519   37.57916    0.15880   37.41747
jla_mock     0.02298   35.02596    0.17791   35.08760
jla_mock     0.01739   34.79128    0.19829   34.47296
jla_mock     0.03148   35.73213    0.15109   35.78492
jla_mock     0.01118   33.57270    0.19448   33.50474
jla_mock     0.02196   35.13758    0.17567   34.98697
jla_mock     0.03148   35.75659    0.15081   35.78485
jla_mock     0.02332   35.19888    0.20285   35.12013
jla_mock     0.02039   34.88766    0.18301   34.82377
jla_mock     0.02247   34.84369    0.18141   35.03765
jla_mock     0.03361   35.79484    0.18044   35.93037
jla_mock     0.03697   36.07269    0.17917   36.14224
jla_mock     0.02263   34.82032    0.18007   35.05361
jla_mock     0.01470   33.84778    0.18462   34.10407
jla_mock     0.03695   36.06164    0.14876   36.14109
jla_mock     0.06096   37.08120    0.12531   37.26526
jla_mock     0.05929   37.20627    0.12136   37.20241
jla_mock     0.06975   37.38238    0.15874   37.57107
jla_mock     0.02953   35.72760    0.17470   35.64232
jla_mock     0.03325   35.81775    0.17565   35.90649
jla_mock     0.02416   35.06813    0.18124   35.19813
jla_mock     0.01600   34.20462    0.19156   34.29005
jla_mock     0.06296   37.35990    0.16531   37.33846
jla_mock     0.02171   35.30299    0.19186   34.96170
jla_mock     0.03164   35.98737    0.18944   35.79569
jla_mock     0.01860   34.70660    0.17305   34.62124
jla_mock     0.02706   35.25286    0.17333   35.44934
jla_mock     0.02547   34.99077    0.18470   35.31480
jla_mock     0.02381   35.17779    0.19337   35.16597
jla_mock     0.02387   35.14581    0.18298   35.17126
jla_mock     0.02207   34.78998    0.16678   34.99820
