jla_mock     0.50308   42.22727    0.14571   42.35104
jla_mock     0.58072   42.98739    0.16123   42.72544
jla_mock     0.49479   42.29780    0.12071   42.30792
jla_mock     0.34593   41.11814    0.13253   41.39128
jla_mock     0.67766   42.99592    0.22872   43.13160
jla_mock     0.61071   42.77135    0.22549   42.85755
jla_mock     0.86649   43.85804    0.25803   43.78400
jla_mock     0.33093   41.07554    0.12801   41.27950
jla_mock     0.79857   43.02114    0.25920   43.56670
jla_mock     0.44956   42.07092    0.16140   42.06004
jla_mock     0.37144   41.47039    0.14922   41.57158
jla_mock     0.29172   40.83625    0.14231   40.96351
jla_mock     0.35582   41.27175    0.14101   41.46259
jla_mock     0.46127   42.14907    0.15587   42.12638
jla_mock     0.28361   40.80484    0.13056   40.89333
jla_mock     0.63223   42.98730    0.22183   42.94863
jla_mock     0.46641   42.17175    0.17244   42.15500
jla_mock     0.26862   40.57590    0.12820   40.75859
jla_mock     0.94689   44.47350    0.29225   44.02068
jla_mock     0.92492   43.78019    0.31213   43.95801
jla_mock     0.69317   42.74849    0.29243   43.19137
jla_mock     0.62523   42.35204    0.19089   42.91933
jla_mock     0.89694   43.57185    0.26745   43.87607
jla_mock     0.60826   43.01660    0.15987   42.84699
jla_mock     0.78905   43.52569    0.26933   43.53485
jla_mock     0.57829   42.73219    0.14638   42.71445
jla_mock     0.59028   42.97456    0.18967   42.76823
jla_mock     0.71963   43.09102    0.25305   43.29050
jla_mock     0.21003   40.09135    0.13132   40.15509
jla_mock     0.76659   43.30955    0.22577   43.45813
jla_mock     0.85851   43.64999    0.22290   43.75934
jla_mock     0.36790   41.52634    0.09931   41.54727
jla_mock     0.55875   42.63169    0.15678   42.62447
jla_mock     0.84851   43.61986    0.21739   43.72812
jla_mock     0.99639   44.49013    0.24266   44.15679
jla_mock     0.77659   43.39596    0.26449   43.49256
jla_mock     0.58293   42.90985    0.13307   42.73539
jla_mock     0.58374   42.82665    0.16753   42.73903
jla_mock     0.79655   43.40016    0.22888   43.55998
jla_mock     0.58872   42.55984    0.15579   42.76129
jla_mock     0.91347   43.72961    0.24294   43.92478
jla_mock     0.76859   42.93070    0.23905   43.46504
jla_mock     0.94846   43.97589    0.26528   44.02509
jla_mock     0.51379   42.23138    0.15288   42.40578
jla_mock     0.73361   43.33243    0.19294   43.34148
jla_mock     0.63770   42.82235    0.27011   42.97130
jla_mock     0.76559   43.33742    0.21114   43.45466
jla_mock     0.43486   41.87845    0.15773   41.97447
jla_mock     0.98341   44.18554    0.25880   44.12175
jla_mock     0.58374   42.67525    0.16233   42.73903
jla_mock     0.70063   43.11269    0.21687   43.21970
jla_mock     0.66206   43.35680    0.21295   43.07010
jla_mock     0.83813   43.83046    0.28077   43.69533
jla_mock     0.62187   42.92860    0.17547   42.90516
jla_mock     0.37059   41.47655    0.14292   41.56572
jla_mock     0.41663   41.96774    0.13815   41.86455
jla_mock     0.35857   41.42404    0.10704   41.48209
jla_mock     0.45168   42.00124    0.15279   42.07216
jla_mock     0.52276   42.66952    0.16113   42.45081
jla_mock     0.73400   43.48946    0.30409   43.34288
jla_mock     0.70196   43.08015    0.31177   43.22473
jla_mock     0.74201   43.26104    0.29013   43.37166
jla_mock     0.74612   43.60528    0.21822   43.38631
jla_mock     0.34956   41.31975    0.13473   41.41768
jla_mock     0.59183   42.54491    0.15357   42.77513
jla_mock     0.51475   42.27968    0.15561   42.41060
jla_mock     0.62063   42.79064    0.18447   42.89990
jla_mock     0.64365   42.89257    0.24392   42.99574
jla_mock     1.00280   44.33704    0.33217   44.17391
jla_mock     0.47059   41.90065    0.14421   42.17801
jla_mock     0.61064   42.66161    0.15878   42.85725
jla_mock     0.26349   40.59992    0.12805   40.71081
jla_mock     0.35834   41.41574    0.12919   41.48044
jla_mock     0.74270   43.34265    0.25909   43.37412
jla_mock     0.45156   41.95755    0.11539   42.07145
jla_mock     0.91075   43.45907    0.26165   43.91682
jla_mock     0.55261   42.62112    0.15821   42.59559
jla_mock     0.33753   41.41634    0.12813   41.32927
jla_mock     0.75068   43.46852    0.24281   43.40248
jla_mock     0.98378   43.59444    0.34665   44.12275
jla_mock     0.82270   43.51278    0.22176   43.64588
jla_mock     0.81370   43.74807    0.24257   43.61661
jla_mock     0.95076   43.79775    0.26473   44.03158
jla_mock     0.81773   43.90427    0.24643   43.62977
jla_mock     0.34052   41.29906    0.12574   41.35149
jla_mock     0.96075   43.59534    0.28766   44.05949
jla_mock     0.81072   43.79268    0.27276   43.60686
jla_mock     0.75669   42.73993    0.24755   43.42362
jla_mock     0.61125   42.76852    0.18573   42.85987
jla_mock     0.87797   43.64855    0.22379   43.81907
jla_mock     0.54832   42.42347    0.14258   42.57529
jla_mock     0.80903   43.75842    0.23222   43.60132
jla_mock     1.02880   43.82408    0.28337   44.24234
jla_mock     0.62724   42.65567    0.17555   42.92776
jla_mock     0.42245   41.89201    0.15607   41.90012
jla_mock     0.93390   44.03419    0.35000   43.98380
jla_mock     0.70116   43.24382    0.22741   43.22169
jla_mock     0.69716   43.08734    0.20952   43.20658
jla_mock     0.68518   43.27791    0.27044   43.16074
jla_mock     0.76707   43.22935    0.25234   43.45981
jla_mock     0.93190   44.16998    0.25137   43.97808
jla_mock     0.86398   43.13463    0.24510   43.77625
jla_mock     0.74910   43.24631    0.22590   43.39689
jla_mock     0.51435   42.47171    0.15357   42.40861
jla_mock     0.46841   42.20963    0.11440   42.16601
jla_mock     0.47040   42.20317    0.15655   42.17698
jla_mock     0.95887   43.66613    0.27681   44.05426
jla_mock     0.92791   43.85616    0.29724   43.96663
jla_mock     0.84052   43.97623    0.21913   43.70293
jla_mock     0.63070   42.78867    0.17083   42.94224
jla_mock     0.56275   42.63494    0.14441   42.64315
jla_mock     0.61570   42.75085    0.16969   42.87892
jla_mock     0.82853   44.07140    0.22446   43.66467
jla_mock     0.56474   42.51394    0.16043   42.65238
jla_mock     0.57874   42.54797    0.14758   42.71650
jla_mock     0.55774   42.32109    0.15832   42.61978
jla_mock     0.86450   43.88716    0.22870   43.77785
jla_mock     0.73561   43.84272    0.23469   43.34870
jla_mock     0.85851   43.74195    0.28337   43.75932
jla_mock     0.26198   40.63086    0.10443   40.69667
jla_mock     0.58574   43.05317    0.18661   42.74800
jla_mock     0.76158   43.61387    0.21599   43.44073
jla_mock     0.48880   42.28365    0.11155   42.27631
jla_mock     0.85852   44.17386    0.27431   43.75935
jla_mock     0.68866   43.16521    0.18053   43.17412
jla_mock     0.55874   42.50476    0.15492   42.62446
jla_mock     0.32453   41.09515    0.12602   41.23036
jla_mock     0.48070   42.42475    0.10839   42.23305
jla_mock     0.18537   39.91742    0.13096   39.85305
jla_mock     0.92222   44.09928    0.33855   43.95022
jla_mock     0.68194   42.81459    0.19640   43.14823
jla_mock     0.47571   42.42644    0.10811   42.20600
jla_mock     0.92221   43.95897    0.27644   43.95018
jla_mock     0.89318   44.20905    0.25783   43.86487
jla_mock     0.42865   42.02533    0.14144   41.93748
jla_mock     0.63188   42.84567    0.23474   42.94717
jla_mock     0.69996   42.99032    0.25835   43.21717
jla_mock     0.73601   43.66710    0.26469   43.35013
jla_mock     0.57582   42.55885    0.15954   42.70324
jla_mock     0.41863   41.93045    0.10652   41.87683
jla_mock     0.51175   42.64446    0.12001   42.39540
jla_mock     0.53577   42.27153    0.12653   42.51485
jla_mock     0.64189   42.88404    0.21547   42.98856
jla_mock     0.73500   43.22317    0.22720   43.34649
jla_mock     0.35156   41.39562    0.13079   41.43211
jla_mock     0.60986   42.86822    0.17401   42.85388
jla_mock     0.34956   41.23445    0.13437   41.41766
jla_mock     0.70197   43.60491    0.18820   43.22475
jla_mock     0.35526   41.37283    0.10428   41.45861
jla_mock     0.98328   43.90313    0.25757   44.12140
jla_mock     0.87215   43.97671    0.26598   43.80134
jla_mock     0.75903   43.51621    0.20819   43.43183
jla_mock     0.92622   44.17573    0.24599   43.96176
jla_mock     0.64364   43.17194    0.22846   42.99573
jla_mock     0.41957   41.94323    0.13773   41.88255
jla_mock     0.51559   42.53592    0.20314   42.41484
jla_mock     0.89073   43.83804    0.21058   43.85753
jla_mock     0.80570   43.75528    0.22987   43.59033
jla_mock     0.48057   42.24678    0.10875   42.23231
jla_mock     0.80070   43.54285    0.24546   43.57378
jla_mock     0.58060   42.94994    0.18881   42.72490
jla_mock     0.71565   43.59398    0.24397   43.27584
jla_mock     0.80570   43.66385    0.23277   43.59033
jla_mock     0.76668   43.29617    0.25284   43.45846
jla_mock     0.66464   43.08958    0.19579   43.08037
jla_mock     0.90174   44.27563    0.25191   43.89028
jla_mock     0.74567   42.96685    0.21143   43.38470
jla_mock     0.71868   43.13347    0.20380   43.28702
jla_mock     0.73669   43.34509    0.19636   43.35259
jla_mock     0.57960   42.76489    0.12085   42.72037
jla_mock     0.37053   41.55035    0.10257   41.56534
jla_mock     0.96074   44.24204    0.23956   44.05946
jla_mock     0.85073   43.53147    0.21180   43.73508
jla_mock     0.64864   42.91738    0.19255   43.01611
jla_mock     0.21946   40.19296    0.13037   40.26197
jla_mock     0.93676   44.26209    0.24130   43.99195
jla_mock     0.64764   42.90945    0.17876   43.01204
jla_mock     0.46156   41.89627    0.13341   42.12800
jla_mock     0.60060   42.61205    0.17945   42.81372
jla_mock     0.67065   42.83604    0.23101   43.10415
jla_mock     0.76070   43.20765    0.20946   43.43765
jla_mock     0.24649   40.39993    0.13212   40.54638
jla_mock     0.47057   42.09935    0.14759   42.17794
jla_mock     0.16945   39.48659    0.11210   39.63766
jla_mock     0.49738   42.30291    0.12913   42.32144
jla_mock     0.63823   43.11533    0.19689   42.97350
jla_mock     0.50737   42.36604    0.14543   42.37308
jla_mock     0.53533   42.51464    0.14230   42.51269
jla_mock     0.58728   42.57530    0.16639   42.75489
jla_mock     0.77308   43.51128    0.25621   43.48052
jla_mock     0.69917   42.92487    0.22210   43.21417
jla_mock     0.37051   41.55236    0.12736   41.56520
jla_mock     0.76109   43.00711    0.22809   43.43902
jla_mock     0.69917   43.12188    0.21960   43.21418
jla_mock     0.78806   43.47091    0.19242   43.53150
jla_mock     0.37351   41.47971    0.13203   41.58571
jla_mock     0.40548   41.76433    0.13199   41.79507
jla_mock     0.85299   43.55639    0.25729   43.74216
jla_mock     0.80805   43.79554    0.24185   43.59808
jla_mock     0.60327   42.95656    0.18398   42.82536
jla_mock     0.58329   42.39584    0.17903   42.73700
jla_mock     0.53434   42.38221    0.14774   42.50785
jla_mock     0.72014   43.20624    0.24070   43.29239
jla_mock     0.40048   41.47151    0.21061   41.76340
jla_mock     0.83700   43.51373    0.21503   43.69176
jla_mock     0.37151   41.64045    0.10193   41.57203
jla_mock     0.80604   43.81189    0.25908   43.59147
jla_mock     0.84001   43.78839    0.23507   43.70129
jla_mock     0.50073   42.41222    0.12981   42.33885
jla_mock     0.53277   42.50513    0.17422   42.50018
jla_mock     0.53377   42.32871    0.18215   42.50508
jla_mock     0.93223   44.51011    0.34153   43.97902
jla_mock     0.82210   43.76745    0.25791   43.64395
jla_mock     0.55380   42.68392    0.13545   42.60122
jla_mock     0.12530   38.82096    0.13709   38.92294
jla_mock     0.84212   43.89264    0.28303   43.70800
jla_mock     0.44367   41.76912    0.15187   42.02605
jla_mock     0.72767   43.49722    0.24978   43.31996
jla_mock     0.68366   43.15813    0.41253   43.15487
jla_mock     0.44255   42.06198    0.13368   42.01954
jla_mock     0.72668   43.45622    0.20022   43.31634
jla_mock     0.28251   40.88894    0.12748   40.88366
jla_mock     0.40455   41.74538    0.12965   41.78921
jla_mock     0.51961   42.41343    0.13964   42.43507
jla_mock     0.69065   43.07540    0.23215   43.18177
jla_mock     1.06080   44.63143    0.27869   44.32423
jla_mock     0.57661   42.69272    0.15376   42.70683
jla_mock     0.26849   40.66949    0.12614   40.75735
jla_mock     0.72068   43.11261    0.25107   43.29438
jla_mock     0.25050   40.41252    0.13111   40.58606
jla_mock     0.76069   42.99576    0.27664   43.43763
jla_mock     0.69817   43.33068    0.26129   43.21038
jla_mock     0.55031   42.21075    0.16854   42.58475
jla_mock     0.73013   42.81367    0.23525   43.32888
jla_mock     0.84798   43.50606    0.24703   43.72647
jla_mock     0.99783   44.43860    0.24706   44.16064
jla_mock     0.43545   41.74183    0.13052   41.97792
jla_mock     0.40947   41.82824    0.12922   41.82014
jla_mock     0.30159   41.11826    0.12599   41.04659
jla_mock     1.29911   44.73169    0.19341   44.86622
jla_mock     1.02081   43.78649    0.23668   44.22149
jla_mock     0.83973   43.42622    0.19265   43.70043
jla_mock     1.12085   44.69088    0.20807   44.47149
jla_mock     1.23089   44.28182    0.23900   44.72199
jla_mock     0.97423   43.88551    0.18427   44.09670
jla_mock     0.97078   43.71858    0.33863   44.08723
jla_mock     0.06423   37.31936    0.15073   37.38367
jla_mock     0.12903   39.11012    0.16417   38.99182
jla_mock     0.10289   38.33302    0.14984   38.46361
jla_mock     0.04413   36.63053    0.17360   36.53791
jla_mock     0.11304   38.74418    0.15277   38.68229
jla_mock     0.25611   40.31622    0.20496   40.64067
jla_mock     0.38026   41.48605    0.28703   41.63124
jla_mock     0.14547   39.08978    0.16219   39.27457
jla_mock     0.08889   37.97068    0.14637   38.12583
jla_mock     0.26059   40.48035    0.18294   40.68349
jla_mock     0.07891   37.97843    0.15603   37.85259
jla_mock     0.08304   37.86225    0.15332   37.96945
jla_mock     0.16565   39.59157    0.13854   39.58339
jla_mock     0.16817   39.46342    0.16196   39.61946
jla_mock     0.17063   39.57858    0.16521   39.65419
jla_mock     0.17028   39.63526    0.17036   39.64928
jla_mock     0.12044   38.90171    0.15110   38.83033
jla_mock     0.27653   40.72460    0.21444   40.83051
jla_mock     0.23160   40.29976    0.18253   40.39347
jla_mock     0.30569   40.50082    0.26735   41.08035
jla_mock     0.07997   37.71633    0.16566   37.88313
jla_mock     0.17415   39.52084    0.15831   39.70309
jla_mock     0.13868   39.19434    0.16605   39.16161
jla_mock     0.14607   38.99637    0.16392   39.28432
jla_mock     0.08133   37.89596    0.14393   37.92176
jla_mock     0.23380   40.46877    0.17178   40.41662
jla_mock     0.25655   40.71123    0.17733   40.64491
jla_mock     0.24562   40.56698    0.20041   40.53766
jla_mock     0.12593   38.62209    0.19133   38.93474
jla_mock     0.22351   40.05183    0.21583   40.30655
jla_mock     0.10264   38.42965    0.14664   38.45798
jla_mock     0.11967   38.69426    0.14567   38.81533
jla_mock     0.18055   39.53521    0.16851   39.78968
jla_mock     0.19709   39.99650    0.17390   40.00094
jla_mock     0.22916   40.18306    0.19939   40.36755
jla_mock     0.26451   40.16490    0.19876   40.72040
jla_mock     0.10337   38.37881    0.12264   38.47441
jla_mock     0.36441   41.53644    0.23043   41.52305
jla_mock     0.20560   39.95078    0.15584   40.10331
jla_mock     0.17981   39.66667    0.19620   39.77982
jla_mock     0.19959   39.94391    0.18224   40.03143
jla_mock     0.15653   39.25291    0.15013   39.44844
jla_mock     0.16180   39.67644    0.14761   39.52729
jla_mock     0.20953   39.76875    0.20608   40.14927
jla_mock     0.24179   40.23747    0.19813   40.49904
jla_mock     0.23646   40.39760    0.16266   40.44434
jla_mock     0.22668   40.59905    0.21051   40.34095
jla_mock     0.29678   40.20540    0.19716   41.00643
jla_mock     0.20852   40.15725    0.16317   40.13754
jla_mock     0.25104   40.61111    0.22086   40.59138
jla_mock     0.25012   40.39162    0.17967   40.58234
jla_mock     0.11771   38.72817    0.14551   38.77674
jla_mock     0.21971   40.16821    0.16999   40.26472
jla_mock     0.14901   39.30321    0.14890   39.33153
jla_mock     0.28742   40.80338    0.18840   40.92654
jla_mock     0.14360   39.08504    0.16640   39.24396
jla_mock     0.32837   41.08760    0.19601   41.25993
jla_mock     0.24625   40.46045    0.16507   40.54396
jla_mock     0.11966   38.84775    0.15027   38.81514
jla_mock     0.32838   41.05196    0.27642   41.26001
jla_mock     0.21513   40.12599    0.18367   40.21341
jla_mock     0.14478   39.27480    0.13617   39.26332
jla_mock     0.13243   39.12279    0.12839   39.05296
jla_mock     0.21082   40.06758    0.16235   40.16418
jla_mock     0.20399   39.89451    0.15781   40.08425
jla_mock     0.27952   41.16811    0.16701   40.85722
jla_mock     0.04428   36.34573    0.15510   36.54551
jla_mock     0.18037   39.95740    0.15078   39.78729
jla_mock     0.26070   40.68652    0.18972   40.68453
jla_mock     0.05654   37.17660    0.18697   37.09513
jla_mock     0.21260   40.36451    0.19195   40.18462
jla_mock     0.36941   41.50657    0.23700   41.55764
jla_mock     0.17386   39.72533    0.13052   39.69910
jla_mock     0.14265   39.11879    0.16863   39.22827
jla_mock     0.17789   39.74639    0.17323   39.75404
jla_mock     0.32837   40.92155    0.20656   41.25993
jla_mock     0.25351   40.62576    0.19561   40.61551
jla_mock     0.30001   40.68674    0.19320   41.03346
jla_mock     0.10589   38.38163    0.14608   38.53030
jla_mock     0.22328   39.99582    0.16844   40.30404
jla_mock     0.11845   38.63063    0.12252   38.79138
jla_mock     0.17653   39.85437    0.17119   39.73563
jla_mock     0.18280   39.38554    0.18907   39.81945
jla_mock     0.29762   41.12140    0.22708   41.01348
jla_mock     0.19699   39.63551    0.16337   39.99971
jla_mock     0.15295   39.38884    0.14755   39.39345
jla_mock     0.24850   40.46343    0.17448   40.56634
jla_mock     0.13818   39.34578    0.12409   39.15309
jla_mock     0.20704   40.00317    0.17045   40.12025
jla_mock     0.21468   40.20591    0.18060   40.20831
jla_mock     0.30632   40.90614    0.21503   41.08550
jla_mock     0.24695   40.47157    0.17120   40.55095
jla_mock     0.19801   39.83686    0.14490   40.01220
jla_mock     0.22256   40.06809    0.15195   40.29616
jla_mock     0.13508   38.97120    0.15131   39.09960
jla_mock     0.21054   40.30044    0.18261   40.16096
jla_mock     0.27258   40.65297    0.16911   40.79482
jla_mock     0.24660   40.48299    0.16169   40.54746
jla_mock     0.22068   40.30273    0.19429   40.27546
jla_mock     0.27447   40.71816    0.19147   40.81196
jla_mock     0.17656   39.48228    0.15540   39.73604
jla_mock     0.31088   41.13882    0.22016   41.12250
jla_mock     0.18435   39.56502    0.17308   39.83976
jla_mock     0.15935   39.27096    0.14827   39.49093
jla_mock     0.21976   40.13799    0.16605   40.26527
jla_mock     0.25205   40.49008    0.18410   40.60127
jla_mock     0.18122   39.67869    0.14940   39.79858
jla_mock     0.17373   39.80372    0.13336   39.69730
jla_mock     0.38047   41.92333    0.24246   41.63265
jla_mock     0.17865   39.59796    0.17172   39.76428
jla_mock     0.24568   40.59616    0.18910   40.53826
jla_mock     0.20910   40.13763    0.16102   40.14428
jla_mock     0.24947   40.32513    0.20971   40.57593
jla_mock     0.13392   39.18170    0.16606   39.07929
jla_mock     0.17706   39.75119    0.16040   39.74282
jla_mock     0.28111   40.76844    0.18775   40.87131
jla_mock     0.17383   39.60788    0.15187   39.69868
jla_mock     0.19654   39.88611    0.16513   39.99418
jla_mock     0.36397   41.75734    0.22725   41.51999
jla_mock     0.37835   41.19883    0.26733   41.61843
jla_mock     0.31646   41.07477    0.21039   41.16711
jla_mock     0.18322   39.63840    0.13519   39.82497
jla_mock     0.24102   40.51782    0.16774   40.49121
jla_mock     0.20203   39.73031    0.19953   40.06085
jla_mock     0.16869   39.38494    0.16512   39.62684
jla_mock     0.19794   40.09267    0.17492   40.01135
jla_mock     0.12276   38.78939    0.14575   38.87499
jla_mock     0.20318   40.31538    0.16105   40.07461
jla_mock     0.12739   38.90693    0.14896   38.96178
jla_mock     0.27549   40.82047    0.19973   40.82116
jla_mock     0.14468   39.37868    0.14722   39.26169
jla_mock     0.33436   41.12913    0.24978   41.30545
jla_mock     0.19580   39.87370    0.15393   39.98507
jla_mock     0.19392   40.03359    0.16375   39.96176
jla_mock     0.24973   40.35854    0.18581   40.57850
jla_mock     0.14860   39.24037    0.14880   39.32499
jla_mock     0.15596   39.53134    0.14872   39.43976
jla_mock     0.09582   38.21818    0.15035   38.29889
jla_mock     0.15065   39.18478    0.15873   39.35748
jla_mock     0.30933   41.35684    0.24716   41.10998
jla_mock     0.24857   40.65140    0.17340   40.56704
jla_mock     0.36554   41.28008    0.24312   41.53091
jla_mock     0.11771   38.70141    0.12848   38.77674
jla_mock     0.19176   39.88560    0.14428   39.93472
jla_mock     0.18255   39.65180    0.16171   39.81616
jla_mock     0.23472   40.43309    0.18445   40.42624
jla_mock     0.24647   39.94580    0.19928   40.54616
jla_mock     0.28845   40.79388    0.18873   40.93544
jla_mock     0.20960   40.39077    0.19927   40.15008
jla_mock     0.19198   40.15249    0.17965   39.93748
jla_mock     0.11402   38.61585    0.12215   38.70241
jla_mock     0.11389   38.66443    0.18397   38.69975
jla_mock     0.19880   39.96100    0.20967   40.02183
jla_mock     0.22058   40.32359    0.22796   40.27436
jla_mock     0.18257   39.87816    0.16454   39.81642
jla_mock     0.15895   39.55858    0.16373   39.48495
jla_mock     0.07849   37.76655    0.14912   37.84038
jla_mock     0.13864   39.25657    0.13217   39.16093
jla_mock     0.18079   39.89412    0.15446   39.79287
jla_mock     0.17757   39.81910    0.18629   39.74972
jla_mock     0.17066   39.38272    0.16102   39.65461
jla_mock     0.23381   40.43588    0.20859   40.41672
jla_mock     0.07153   37.53855    0.17411   37.62842
jla_mock     0.15463   39.62111    0.18792   39.41940
jla_mock     0.09010   38.17024    0.15951   38.15695
jla_mock     0.17658   40.04157    0.20449   39.73631
jla_mock     0.13045   38.81230    0.16441   39.01753
jla_mock     0.18204   39.72609    0.17167   39.80943
jla_mock     0.25617   40.48969    0.17261   40.64125
jla_mock     0.13811   39.06037    0.14854   39.15189
jla_mock     0.17070   39.86032    0.16750   39.65518
jla_mock     0.21674   40.30457    0.14793   40.23156
jla_mock     0.24555   40.51950    0.17888   40.53696
jla_mock     0.14382   39.14844    0.16710   39.24758
jla_mock     0.24862   40.02471    0.18856   40.56753
jla_mock     0.14533   39.01098    0.17139   39.27229
jla_mock     0.13588   39.11416    0.12760   39.11351
jla_mock     0.05874   37.13465    0.12754   37.18137
jla_mock     0.03652   36.17872    0.15192   36.11500
jla_mock     0.27749   40.54486    0.22703   40.83912
jla_mock     0.20515   40.35147    0.29701   40.09800
jla_mock     0.28051   40.79666    0.20079   40.86600
jla_mock     0.19867   40.19001    0.16216   40.02025
jla_mock     0.15999   39.30904    0.15164   39.50048
jla_mock     0.21075   40.00464    0.18113   40.16338
jla_mock     0.07195   37.55429    0.17246   37.64176
jla_mock     0.23782   40.26383    0.19074   40.45841
jla_mock     0.14139   39.00559    0.17359   39.20730
jla_mock     0.15506   39.37293    0.15761   39.42600
jla_mock     0.37013   41.77496    0.22887   41.56259
jla_mock     0.09391   38.15172    0.17056   38.25241
jla_mock     0.11863   38.70183    0.17058   38.79493
jla_mock     0.15363   39.24465    0.15381   39.40398
jla_mock     0.25356   40.69278    0.16810   40.61600
jla_mock     0.10725   38.43997    0.14420   38.55994
jla_mock     0.12961   38.80598    0.15302   39.00235
jla_mock     0.26665   40.49199    0.19376   40.74033
jla_mock     0.21226   39.95478    0.16263   40.18073
jla_mock     0.27822   40.77611    0.18167   40.84564
jla_mock     0.24540   40.66619    0.16812   40.53546
jla_mock     0.13362   39.09237    0.15059   39.07401
jla_mock     0.17656   39.48371    0.16208   39.73604
jla_mock     0.11368   38.44561    0.14584   38.69545
jla_mock     0.32038   40.95259    0.26368   41.19801
jla_mock     0.11271   38.65473    0.12253   38.67548
jla_mock     0.10602   38.33987    0.14473   38.53314
jla_mock     0.39135   41.07920    0.26610   41.70449
jla_mock     0.15575   39.35035    0.14612   39.43656
jla_mock     0.18667   39.75432    0.16762   39.86986
jla_mock     0.19671   40.14804    0.16670   39.99627
jla_mock     0.19191   39.71779    0.17339   39.93660
jla_mock     0.19084   39.83742    0.15088   39.92311
jla_mock     0.17625   39.62354    0.15361   39.73182
jla_mock     0.12837   38.66463    0.15036   38.97977
jla_mock     0.12262   38.89569    0.14734   38.87232
jla_mock     0.12715   38.87525    0.14706   38.95736
jla_mock     0.21323   39.83167    0.17621   40.19182
jla_mock     0.21861   40.10252    0.18110   40.25249
jla_mock     0.26856   40.79915    0.19152   40.75800
jla_mock     0.20466   40.27020    0.16519   40.09220
jla_mock     0.26710   40.58633    0.17378   40.74451
jla_mock     0.21757   40.05640    0.17265   40.24087
jla_mock     0.24185   40.78329    0.17151   40.49965
jla_mock     0.29350   40.93531    0.20072   40.97870
jla_mock     0.35346   41.25554    0.23114   41.44575
jla_mock     0.18563   39.88551    0.15495   39.85641
jla_mock     0.28543   40.69388    0.19928   40.90924
jla_mock     0.19494   39.74623    0.16836   39.97443
jla_mock     0.07592   37.58315    0.14500   37.76429
jla_mock     0.16357   39.38984    0.15778   39.55323
jla_mock     0.25721   40.63805    0.20821   40.65125
jla_mock     0.21955   40.20477    0.18725   40.26294
jla_mock     0.17558   39.72579    0.15163   39.72269
jla_mock     0.22667   40.23501    0.18608   40.34084
jla_mock     0.15322   39.16369    0.15082   39.39764
jla_mock     0.21025   39.85480    0.19550   40.15761
jla_mock     0.12164   38.91488    0.12361   38.85353
jla_mock     0.29135   41.00109    0.19905   40.96037
jla_mock     0.29448   40.95199    0.27860   40.98701
jla_mock     0.16455   39.60645    0.12599   39.56749
jla_mock     0.30702   40.86276    0.20907   41.09122
jla_mock     0.19863   40.24729    0.16158   40.01976
jla_mock     0.26821   40.95831    0.21540   40.75477
jla_mock     0.40128   41.69775    0.24823   41.76846
jla_mock     0.13668   39.04644    0.15334   39.12735
jla_mock     0.29542   41.13776    0.24720   40.99496
jla_mock     0.29192   40.60245    0.19220   40.96524
jla_mock     0.09007   38.13076    0.12097   38.15619
jla_mock     0.20557   40.01726    0.18293   40.10296
jla_mock     0.14582   39.57676    0.14935   39.28026
jla_mock     0.11767   38.74269    0.14487   38.77595
jla_mock     0.05499   37.04007    0.14998   37.03240
jla_mock     0.17420   39.69891    0.15143   39.70378
jla_mock     0.24495   40.85177    0.18021   40.53095
jla_mock     0.22452   40.15274    0.18250   40.31756
jla_mock     0.24558   40.76343    0.16228   40.53726
jla_mock     0.28351   40.69789    0.21250   40.89245
jla_mock     0.18056   39.65445    0.17619   39.78982
jla_mock     0.10391   38.44830    0.12352   38.48649
jla_mock     0.12961   39.02091    0.15327   39.00235
jla_mock     0.24352   40.49231    0.16046   40.51656
jla_mock     0.33136   41.14442    0.26935   41.28275
jla_mock     0.24348   40.45873    0.19048   40.51615
jla_mock     0.31468   41.20513    0.17578   41.15296
jla_mock     0.21865   40.00000    0.18935   40.25293
jla_mock     0.26014   40.56778    0.21926   40.67922
jla_mock     0.28243   40.65035    0.19831   40.88296
jla_mock     0.30041   40.98754    0.20582   41.03679
jla_mock     0.15186   39.25872    0.14864   39.37647
jla_mock     0.26357   40.49234    0.18937   40.71159
jla_mock     0.21382   39.80653    0.20621   40.19854
jla_mock     0.16284   39.16508    0.16762   39.54256
jla_mock     0.12440   38.81173    0.17141   38.90608
jla_mock     0.19465   39.90704    0.13939   39.97083
jla_mock     0.20554   39.95136    0.18299   40.10260
jla_mock     0.10667   38.52219    0.14589   38.54734
jla_mock     0.18772   39.87426    0.18725   39.88338
jla_mock     0.16387   39.50471    0.15682   39.55760
jla_mock     0.29021   41.00844    0.19470   40.95060
jla_mock     0.09401   38.26377    0.12498   38.25487
jla_mock     0.22786   40.48104    0.18010   40.35364
jla_mock     0.10751   38.49307    0.14765   38.56556
jla_mock     0.31065   40.88056    0.22259   41.12065
jla_mock     0.14564   39.35624    0.15576   39.27734
jla_mock     0.08784   38.18925    0.12610   38.09850
jla_mock     0.14839   39.27508    0.15573   39.32164
jla_mock     0.28662   41.02747    0.19366   40.91960
jla_mock     0.12281   38.53205    0.13329   38.87594
jla_mock     0.18655   39.41365    0.20280   39.86832
jla_mock     0.12893   38.67690    0.15504   38.99000
jla_mock     0.19422   40.07293    0.16864   39.96549
jla_mock     0.14800   39.21643    0.14676   39.31541
jla_mock     0.21179   40.06766    0.22866   40.17534
jla_mock     0.17962   39.68290    0.17351   39.77728
jla_mock     0.26349   40.41417    0.18130   40.71084
jla_mock     0.19215   39.77919    0.15957   39.93962
jla_mock     0.33880   41.26743    0.22988   41.33871
jla_mock     0.11741   38.62244    0.14767   38.77078
jla_mock     0.14310   39.39075    0.16842   39.23571
jla_mock     0.16035   39.36651    0.13218   39.50583
jla_mock     0.28872   41.05156    0.21130   40.93777
jla_mock     0.12303   38.75240    0.15465   38.88013
jla_mock     0.26405   40.77670    0.18534   40.71609
jla_mock     0.12608   38.72504    0.17183   38.93753
jla_mock     0.17374   39.82057    0.14981   39.69744
jla_mock     0.16440   39.51013    0.14973   39.56531
jla_mock     0.24961   40.70066    0.16242   40.57731
jla_mock     0.15999   39.69051    0.15137   39.50048
jla_mock     0.24448   40.46240    0.15150   40.52623
jla_mock     0.24851   40.38320    0.17708   40.56644
jla_mock     0.22893   40.35379    0.16848   40.36509
jla_mock     0.08528   37.65707    0.14385   38.03054
jla_mock     0.06282   37.50040    0.14855   37.33331
jla_mock     0.27745   40.51819    0.23370   40.83876
jla_mock     0.27544   40.68468    0.21508   40.82071
jla_mock     0.33051   41.20406    0.21088   41.27628
jla_mock     0.36193   41.46845    0.24565   41.50573
jla_mock     0.33103   41.35276    0.21801   41.28024
jla_mock     0.16050   39.50124    0.12715   39.50806
jla_mock     0.30021   41.13092    0.20430   41.03513
jla_mock     0.11635   38.63743    0.12231   38.74960
jla_mock     0.21829   40.12674    0.16062   40.24892
jla_mock     0.11967   38.78650    0.12046   38.81533
jla_mock     0.15473   39.45845    0.12395   39.42094
jla_mock     0.17810   39.74427    0.16563   39.75688
jla_mock     0.25037   40.32504    0.16561   40.58480
jla_mock     0.25174   40.79151    0.14466   40.59824
jla_mock     0.12953   38.83472    0.14519   39.00090
jla_mock     0.30929   41.22896    0.18811   41.10966
jla_mock     0.27852   41.00704    0.17882   40.84832
jla_mock     0.18581   39.84763    0.13606   39.85875
jla_mock     0.06651   37.51255    0.17228   37.46289
jla_mock     0.25800   40.86507    0.18757   40.65882
jla_mock     0.29888   40.83206    0.21609   41.02403
jla_mock     0.27044   40.82462    0.22437   40.77528
jla_mock     0.27916   40.82219    0.17184   40.85402
jla_mock     0.29287   41.24342    0.21554   40.97334
jla_mock     0.18965   39.72913    0.15711   39.90803
jla_mock     0.26576   40.60653    0.19291   40.73206
jla_mock     0.12376   38.55820    0.14509   38.89399
jla_mock     0.18255   39.78410    0.14972   39.81616
jla_mock     0.05634   37.05292    0.14895   37.08713
jla_mock     0.31288   41.02516    0.18264   41.13858
jla_mock     0.30915   40.52943    0.22329   41.10853
jla_mock     0.20061   40.27408    0.15588   40.04377
jla_mock     0.32640   41.12248    0.20549   41.24480
jla_mock     0.21163   40.50758    0.13899   40.17351
jla_mock     0.17969   39.74491    0.15636   39.77821
jla_mock     0.30240   41.06404    0.19662   41.05329
jla_mock     0.10924   38.55026    0.14870   38.60268
jla_mock     0.08522   37.77178    0.15002   38.02892
jla_mock     0.20231   40.11820    0.16132   40.06421
jla_mock     0.12649   39.01127    0.15585   38.94515
jla_mock     0.21457   40.09590    0.16813   40.20706
jla_mock     0.32045   40.99349    0.19169   41.19856
jla_mock     0.21835   40.36123    0.17273   40.24959
jla_mock     0.19010   39.67730    0.15982   39.91374
jla_mock     0.09243   38.13708    0.15614   38.21577
jla_mock     0.37986   41.65961    0.18489   41.62856
jla_mock     0.21134   39.99077    0.16608   40.17017
jla_mock     0.25833   40.29101    0.18012   40.66198
jla_mock     0.18327   39.86937    0.16856   39.82563
jla_mock     0.21295   40.07863    0.17785   40.18862
jla_mock     0.11651   38.85793    0.15544   38.75281
jla_mock     0.14401   39.34232    0.17186   39.25071
jla_mock     0.25249   40.43578    0.18600   40.60557
jla_mock     0.25539   40.39977    0.21320   40.63373
jla_mock     0.21698   40.34360    0.18861   40.23425
jla_mock     1.26590   44.84253    0.22380   44.79699
jla_mock     0.93577   43.55734    0.22959   43.98915
jla_mock     0.04952   36.82976    0.20229   36.79644
jla_mock     0.03033   35.35182    0.18208   35.70157
jla_mock     0.07458   37.60682    0.21873   37.72360
jla_mock     0.02520   34.72328    0.22034   35.29123
jla_mock     0.01441   33.90024    0.20528   34.06048
jla_mock     0.02079   34.72333    0.19750   34.86681
jla_mock     0.03522   35.94058    0.20378   36.03412
jla_mock     0.04166   36.51665    0.21523   36.40883
jla_mock     0.04240   36.13981    0.20619   36.44838
jla_mock     0.01890   34.67779    0.18362   34.65682
jla_mock     0.07884   37.74988    0.21534   37.85056
jla_mock     0.06334   37.17142    0.20759   37.35224
jla_mock     0.02764   35.47596    0.23142   35.49574
jla_mock     0.04933   36.43819    0.21068   36.78762
jla_mock     0.07015   37.14414    0.22041   37.58415
jla_mock     0.02391   35.08548    0.18368   35.17514
jla_mock     0.05313   36.71784    0.22336   36.95466
jla_mock     0.02495   35.29078    0.18978   35.26944
jla_mock     0.01566   34.18302    0.20165   34.24356
jla_mock     0.04898   36.84858    0.15986   36.77203
jla_mock     0.02240   34.68938    0.18928   35.03106
jla_mock     0.03485   35.85908    0.23666   36.01099
jla_mock     0.01697   34.29845    0.20291   34.41905
jla_mock     0.03072   35.55662    0.18172   35.73037
jla_mock     0.03048   35.92823    0.18204   35.71303
jla_mock     0.01055   33.18977    0.21945   33.37697
jla_mock     0.01426   33.94853    0.17171   34.03675
jla_mock     0.02769   35.21243    0.18125   35.49983
jla_mock     0.05386   37.23188    0.15904   36.98558
jla_mock     0.01767   34.18804    0.19251   34.50873
jla_mock     0.01745   34.53391    0.17037   34.48092
jla_mock     0.01557   33.98831    0.20220   34.23076
jla_mock     0.01006   33.00657    0.23113   33.27290
jla_mock     0.05493   36.59891    0.18431   37.02998
jla_mock     0.03908   36.50044    0.16317   36.26630
jla_mock     0.07832   37.83469    0.18392   37.83534
jla_mock     0.03176   36.00020    0.15356   35.80452
jla_mock     0.01444   33.76738    0.22581   34.06489
jla_mock     0.01353   33.76145    0.22079   33.92255
jla_mock     0.02668   35.47564    0.19350   35.41745
jla_mock     0.02336   35.07911    0.17881   35.12382
jla_mock     0.03693   35.74767    0.19002   36.14013
jla_mock     0.02355   34.86492    0.17820   35.14190
jla_mock     0.01748   34.32328    0.19212   34.48507
jla_mock     0.04026   36.46429    0.17448   36.33252
jla_mock     0.03038   35.61479    0.20408   35.70566
jla_mock     0.01550   34.09624    0.20028   34.22101
jla_mock     0.01415   34.05880    0.18788   34.02052
jla_mock     0.01549   34.04066    0.18431   34.21860
jla_mock     0.01555   34.02941    0.19852   34.22808
jla_mock     0.03707   36.13521    0.15485   36.14862
jla_mock     0.01548   33.69467    0.20250   34.21789
jla_mock     0.01332   33.84871    0.18644   33.88842
jla_mock     0.01457   33.83177    0.20791   34.08532
jla_mock     0.01579   34.18950    0.19847   34.26130
jla_mock     0.02475   35.07597    0.17955   35.25120
jla_mock     0.02775   35.41532    0.17503   35.50463
jla_mock     0.01089   33.28350    0.25478   33.44601
jla_mock     0.01365   33.57633    0.18671   33.94176
jla_mock     0.03576   35.72754    0.16296   36.06783
jla_mock     0.02473   34.89010    0.17711   35.24932
jla_mock     0.03809   36.00491    0.17052   36.20863
jla_mock     0.02154   34.64569    0.17712   34.94487
jla_mock     0.01958   34.62716    0.17899   34.73456
jla_mock     0.03042   35.55909    0.17572   35.70822
jla_mock     0.03922   36.26193    0.17021   36.27406
jla_mock     0.03497   35.89908    0.15988   36.01845
jla_mock     0.02856   35.72163    0.17650   35.56863
jla_mock     0.02100   34.59332    0.18823   34.88845
jla_mock     0.03254   36.02488    0.18232   35.85802
jla_mock     0.01547   33.91186    0.19319   34.21604
jla_mock     0.01568   34.06866    0.20748   34.24552
jla_mock     0.02750   35.39512    0.15599   35.48465
jla_mock     0.04686   36.77716    0.17135   36.67229
jla_mock     0.03317   35.80230    0.18296   35.90099
jla_mock     0.01029   33.03036    0.23550   33.32258
jla_mock     0.08010   37.69672    0.17116   37.88694
jla_mock     0.01232   33.79376    0.20021   33.71613
jla_mock     0.02459   34.83712    0.20631   35.23686
jla_mock     0.01447   34.05367    0.20828   34.06899
jla_mock     0.01515   33.97826    0.18400   34.17085
jla_mock     0.02909   35.51506    0.17337   35.60902
jla_mock     0.03478   35.93853    0.17929   36.00632
jla_mock     0.04492   36.50137    0.14071   36.57766
jla_mock     0.03407   35.57868    0.16958   35.96061
jla_mock     0.07487   37.58037    0.14386   37.73249
jla_mock     0.01496   33.96223    0.19783   34.14256
jla_mock     0.02040   34.87879    0.17104   34.82442
jla_mock     0.04069   36.47636    0.17468   36.35626
jla_mock     0.02657   35.51468    0.18033   35.40830
jla_mock     0.02688   35.48590    0.15331   35.43431
jla_mock     0.02347   35.01573    0.17598   35.13429
jla_mock     0.06912   37.17365    0.19118   37.55045
jla_mock     0.06519   37.59586    0.15880   37.41747
jla_mock     0.02298   35.23411    0.17791   35.08760
jla_mock     0.01739   34.09721    0.19829   34.47296
jla_mock     0.03148   35.56310    0.15109   35.78492
jla_mock     0.01118   33.45148    0.19448   33.50474
jla_mock     0.02196   34.93937    0.17567   34.98697
jla_mock     0.03148   35.79003    0.15081   35.78485
jla_mock     0.02332   34.74576    0.20285   35.12013
jla_mock     0.02039   34.85180    0.18301   34.82377
jla_mock     0.02247   34.97724    0.18141   35.03765
jla_mock     0.03361   35.68014    0.18044   35.93037
jla_mock     0.03697   36.12885    0.17917   36.14224
jla_mock     0.02263   34.87286    0.18007   35.05361
jla_mock     0.01470   33.90232    0.18462   34.10407
jla_mock     0.03695   35.96953    0.14876   36.14109
jla_mock     0.06096   37.30809    0.12531   37.26526
jla_mock     0.05929   37.44628    0.12136   37.20241
jla_mock     0.06975   37.48235    0.15874   37.57107
jla_mock     0.02953   35.50116    0.17470   35.64232
jla_mock     0.03325   35.51169    0.17565   35.90649
jla_mock     0.02416   35.18689    0.18124   35.19813
jla_mock     0.01600   34.32683    0.19156   34.29005
jla_mock     0.06296   37.24464    0.16531   37.33846
jla_mock     0.02171   34.72654    0.19186   34.96170
jla_mock     0.03164   35.55266    0.18944   35.79569
jla_mock     0.01860   34.47699    0.17305   34.62124
jla_mock     0.02706   35.38124    0.17333   35.44934
jla_mock     0.02547   35.23314    0.18470   35.31480
jla_mock     0.02381   34.72947    0.19337   35.16597
jla_mock     0.02387   35.17476    0.18298   35.17126
jla_mock     0.02207   34.82449    0.16678   34.99820
