jla_mock     0.50308   42.45880    0.14571   42.35104
jla_mock     0.58072   42.75222    0.16123   42.72544
jla_mock     0.49479   42.32790    0.12071   42.30792
jla_mock     0.34593   41.49325    0.13253   41.39128
jla_mock     0.67766   43.50021    0.22872   43.13160
jla_mock     0.61071   42.56151    0.22549   42.85755
jla_mock     0.86649   43.67399    0.25803   43.78400
jla_mock     0.33093   41.20928    0.12801   41.27950
jla_mock     0.79857   43.72763    0.25920   43.56670
jla_mock     0.44956   42.14042    0.16140   42.06004
jla_mock     0.37144   41.48428    0.14922   41.57158
jla_mock     0.29172   40.99114    0.14231   40.96351
jla_mock     0.35582   41.54402    0.14101   41.46259
jla_mock     0.46127   41.98782    0.15587   42.12638
jla_mock     0.28361   40.81634    0.13056   40.89333
jla_mock     0.63223   43.40636    0.22183   42.94863
jla_mock     0.46641   42.24760    0.17244   42.15500
jla_mock     0.26862   40.61579    0.12820   40.75859
jla_mock     0.94689   44.44846    0.29225   44.02068
jla_mock     0.92492   44.23708    0.31213   43.95801
jla_mock     0.69317   43.37778    0.29243   43.19137
jla_mock     0.62523   43.08903    0.19089   42.91933
jla_mock     0.89694   44.00021    0.26745   43.87607
jla_mock     0.60826   42.75297    0.15987   42.84699
jla_mock     0.78905   43.75013    0.26933   43.53485
jla_mock     0.57829   42.64043    0.14638   42.71445
jla_mock     0.59028   42.91247    0.18967   42.76823
jla_mock     0.71963   43.18665    0.25305   43.29050
jla_mock     0.21003   40.26428    0.13132   40.15509
jla_mock     0.76659   43.65977    0.22577   43.45813
jla_mock     0.85851   44.25016    0.22290   43.75934
jla_mock     0.36790   41.45923    0.09931   41.54727
jla_mock     0.55875   42.53248    0.15678   42.62447
jla_mock     0.84851   43.67052    0.21739   43.72812
jla_mock     0.99639   44.12393    0.24266   44.15679
jla_mock     0.77659   43.94892    0.26449   43.49256
jla_mock     0.58293   42.58287    0.13307   42.73539
jla_mock     0.58374   42.59060    0.16753   42.73903
jla_mock     0.79655   43.57412    0.22888   43.55998
jla_mock     0.58872   42.76874    0.15579   42.76129
jla_mock     0.91347   44.34083    0.24294   43.92478
jla_mock     0.76859   43.59638    0.23905   43.46504
jla_mock     0.94846   44.02950    0.26528   44.02509
jla_mock     0.51379   42.17615    0.15288   42.40578
jla_mock     0.73361   43.11259    0.19294   43.34148
jla_mock     0.63770   43.49310    0.27011   42.97130
jla_mock     0.76559   43.40240    0.21114   43.45466
jla_mock     0.43486   41.84891    0.15773   41.97447
jla_mock     0.98341   44.84113    0.25880   44.12175
jla_mock     0.58374   42.95880    0.16233   42.73903
jla_mock     0.70063   43.45294    0.21687   43.21970
jla_mock     0.66206   43.42065    0.21295   43.07010
jla_mock     0.83813   43.25116    0.28077   43.69533
jla_mock     0.62187   42.94356    0.17547   42.90516
jla_mock     0.37059   41.51206    0.14292   41.56572
jla_mock     0.41663   41.86060    0.13815   41.86455
jla_mock     0.35857   41.44421    0.10704   41.48209
jla_mock     0.45168   42.21017    0.15279   42.07216
jla_mock     0.52276   42.39611    0.16113   42.45081
jla_mock     0.73400   43.35186    0.30409   43.34288
jla_mock     0.70196   42.96096    0.31177   43.22473
jla_mock     0.74201   43.82735    0.29013   43.37166
jla_mock     0.74612   43.53241    0.21822   43.38631
jla_mock     0.34956   41.44784    0.13473   41.41768
jla_mock     0.59183   42.73820    0.15357   42.77513
jla_mock     0.51475   42.26189    0.15561   42.41060
jla_mock     0.62063   43.11423    0.18447   42.89990
jla_mock     0.64365   42.88621    0.24392   42.99574
jla_mock     1.00280   44.07502    0.33217   44.17391
jla_mock     0.47059   42.38437    0.14421   42.17801
jla_mock     0.61064   42.75078    0.15878   42.85725
jla_mock     0.26349   40.50962    0.12805   40.71081
jla_mock     0.35834   41.49692    0.12919   41.48044
jla_mock     0.74270   43.04732    0.25909   43.37412
jla_mock     0.45156   42.03897    0.11539   42.07145
jla_mock     0.91075   43.84841    0.26165   43.91682
jla_mock     0.55261   42.60788    0.15821   42.59559
jla_mock     0.33753   41.29089    0.12813   41.32927
jla_mock     0.75068   43.52322    0.24281   43.40248
jla_mock     0.98378   44.56371    0.34665   44.12275
jla_mock     0.82270   44.04988    0.22176   43.64588
jla_mock     0.81370   43.68149    0.24257   43.61661
jla_mock     0.95076   44.17213    0.26473   44.03158
jla_mock     0.81773   43.96699    0.24643   43.62977
jla_mock     0.34052   41.17267    0.12574   41.35149
jla_mock     0.96075   44.08246    0.28766   44.05949
jla_mock     0.81072   43.63410    0.27276   43.60686
jla_mock     0.75669   43.62682    0.24755   43.42362
jla_mock     0.61125   42.80590    0.18573   42.85987
jla_mock     0.87797   44.02688    0.22379   43.81907
jla_mock     0.54832   42.53264    0.14258   42.57529
jla_mock     0.80903   43.73246    0.23222   43.60132
jla_mock     1.02880   44.28453    0.28337   44.24234
jla_mock     0.62724   42.95706    0.17555   42.92776
jla_mock     0.42245   41.94750    0.15607   41.90012
jla_mock     0.93390   43.29196    0.35000   43.98380
jla_mock     0.70116   43.73511    0.22741   43.22169
jla_mock     0.69716   43.23164    0.20952   43.20658
jla_mock     0.68518   43.26347    0.27044   43.16074
jla_mock     0.76707   43.31748    0.25234   43.45981
jla_mock     0.93190   44.07365    0.25137   43.97808
jla_mock     0.86398   43.73399    0.24510   43.77625
jla_mock     0.74910   43.74695    0.22590   43.39689
jla_mock     0.51435   42.25117    0.15357   42.40861
jla_mock     0.46841   42.21151    0.11440   42.16601
jla_mock     0.47040   42.26567    0.15655   42.17698
jla_mock     0.95887   44.17161    0.27681   44.05426
jla_mock     0.92791   44.23367    0.29724   43.96663
jla_mock     0.84052   43.45010    0.21913   43.70293
jla_mock     0.63070   42.96441    0.17083   42.94224
jla_mock     0.56275   42.85249    0.14441   42.64315
jla_mock     0.61570   42.88405    0.16969   42.87892
jla_mock     0.82853   43.83963    0.22446   43.66467
jla_mock     0.56474   42.57600    0.16043   42.65238
jla_mock     0.57874   42.58151    0.14758   42.71650
jla_mock     0.55774   42.65084    0.15832   42.61978
jla_mock     0.86450   44.20337    0.22870   43.77785
jla_mock     0.73561   43.19836    0.23469   43.34870
jla_mock     0.85851   43.49224    0.28337   43.75932
jla_mock     0.26198   40.64255    0.10443   40.69667
jla_mock     0.58574   42.80440    0.18661   42.74800
jla_mock     0.76158   43.46095    0.21599   43.44073
jla_mock     0.48880   42.27625    0.11155   42.27631
jla_mock     0.85852   43.73476    0.27431   43.75935
jla_mock     0.68866   43.32053    0.18053   43.17412
jla_mock     0.55874   42.69372    0.15492   42.62446
jla_mock     0.32453   41.23195    0.12602   41.23036
jla_mock     0.48070   42.41009    0.10839   42.23305
jla_mock     0.18537   39.74799    0.13096   39.85305
jla_mock     0.92222   44.38398    0.33855   43.95022
jla_mock     0.68194   43.50818    0.19640   43.14823
jla_mock     0.47571   42.16633    0.10811   42.20600
jla_mock     0.92221   43.89976    0.27644   43.95018
jla_mock     0.89318   43.43055    0.25783   43.86487
jla_mock     0.42865   41.62806    0.14144   41.93748
jla_mock     0.63188   42.80309    0.23474   42.94717
jla_mock     0.69996   43.17205    0.25835   43.21717
jla_mock     0.73601   43.52633    0.26469   43.35013
jla_mock     0.57582   42.84653    0.15954   42.70324
jla_mock     0.41863   41.70692    0.10652   41.87683
jla_mock     0.51175   42.37991    0.12001   42.39540
jla_mock     0.53577   42.50334    0.12653   42.51485
jla_mock     0.64189   43.34604    0.21547   42.98856
jla_mock     0.73500   43.47345    0.22720   43.34649
jla_mock     0.35156   41.53653    0.13079   41.43211
jla_mock     0.60986   42.84480    0.17401   42.85388
jla_mock     0.34956   41.27465    0.13437   41.41766
jla_mock     0.70197   43.35169    0.18820   43.22475
jla_mock     0.35526   41.44340    0.10428   41.45861
jla_mock     0.98328   44.23237    0.25757   44.12140
jla_mock     0.87215   44.00324    0.26598   43.80134
jla_mock     0.75903   43.56316    0.20819   43.43183
jla_mock     0.92622   44.39141    0.24599   43.96176
jla_mock     0.64364   42.94056    0.22846   42.99573
jla_mock     0.41957   41.77902    0.13773   41.88255
jla_mock     0.51559   42.64051    0.20314   42.41484
jla_mock     0.89073   44.01378    0.21058   43.85753
jla_mock     0.80570   43.85929    0.22987   43.59033
jla_mock     0.48057   42.27969    0.10875   42.23231
jla_mock     0.80070   43.45733    0.24546   43.57378
jla_mock     0.58060   42.59549    0.18881   42.72490
jla_mock     0.71565   43.44148    0.24397   43.27584
jla_mock     0.80570   43.81609    0.23277   43.59033
jla_mock     0.76668   43.57373    0.25284   43.45846
jla_mock     0.66464   43.05104    0.19579   43.08037
jla_mock     0.90174   43.81605    0.25191   43.89028
jla_mock     0.74567   43.66776    0.21143   43.38470
jla_mock     0.71868   43.21409    0.20380   43.28702
jla_mock     0.73669   43.29189    0.19636   43.35259
jla_mock     0.57960   42.87965    0.12085   42.72037
jla_mock     0.37053   41.39190    0.10257   41.56534
jla_mock     0.96074   44.36958    0.23956   44.05946
jla_mock     0.85073   43.95920    0.21180   43.73508
jla_mock     0.64864   43.14743    0.19255   43.01611
jla_mock     0.21946   40.00010    0.13037   40.26197
jla_mock     0.93676   43.87866    0.24130   43.99195
jla_mock     0.64764   43.07986    0.17876   43.01204
jla_mock     0.46156   42.07792    0.13341   42.12800
jla_mock     0.60060   43.08607    0.17945   42.81372
jla_mock     0.67065   43.27396    0.23101   43.10415
jla_mock     0.76070   43.97644    0.20946   43.43765
jla_mock     0.24649   40.67085    0.13212   40.54638
jla_mock     0.47057   42.28719    0.14759   42.17794
jla_mock     0.16945   39.83884    0.11210   39.63766
jla_mock     0.49738   42.13671    0.12913   42.32144
jla_mock     0.63823   43.05528    0.19689   42.97350
jla_mock     0.50737   42.46812    0.14543   42.37308
jla_mock     0.53533   42.43168    0.14230   42.51269
jla_mock     0.58728   42.84157    0.16639   42.75489
jla_mock     0.77308   43.89513    0.25621   43.48052
jla_mock     0.69917   43.45707    0.22210   43.21417
jla_mock     0.37051   41.51258    0.12736   41.56520
jla_mock     0.76109   43.63860    0.22809   43.43902
jla_mock     0.69917   43.50681    0.21960   43.21418
jla_mock     0.78806   43.50773    0.19242   43.53150
jla_mock     0.37351   41.59414    0.13203   41.58571
jla_mock     0.40548   41.81617    0.13199   41.79507
jla_mock     0.85299   43.53061    0.25729   43.74216
jla_mock     0.80805   43.22879    0.24185   43.59808
jla_mock     0.60327   42.72525    0.18398   42.82536
jla_mock     0.58329   42.57673    0.17903   42.73700
jla_mock     0.53434   42.55523    0.14774   42.50785
jla_mock     0.72014   43.83104    0.24070   43.29239
jla_mock     0.40048   41.84209    0.21061   41.76340
jla_mock     0.83700   43.86055    0.21503   43.69176
jla_mock     0.37151   41.66356    0.10193   41.57203
jla_mock     0.80604   43.63963    0.25908   43.59147
jla_mock     0.84001   43.59650    0.23507   43.70129
jla_mock     0.50073   42.27705    0.12981   42.33885
jla_mock     0.53277   42.52883    0.17422   42.50018
jla_mock     0.53377   42.51458    0.18215   42.50508
jla_mock     0.93223   44.17388    0.34153   43.97902
jla_mock     0.82210   44.29753    0.25791   43.64395
jla_mock     0.55380   42.80032    0.13545   42.60122
jla_mock     0.12530   38.67985    0.13709   38.92294
jla_mock     0.84212   43.61179    0.28303   43.70800
jla_mock     0.44367   42.23952    0.15187   42.02605
jla_mock     0.72767   43.52882    0.24978   43.31996
jla_mock     0.68366   43.56991    0.41253   43.15487
jla_mock     0.44255   42.06843    0.13368   42.01954
jla_mock     0.72668   43.67369    0.20022   43.31634
jla_mock     0.28251   40.82798    0.12748   40.88366
jla_mock     0.40455   41.63551    0.12965   41.78921
jla_mock     0.51961   42.54798    0.13964   42.43507
jla_mock     0.69065   42.95995    0.23215   43.18177
jla_mock     1.06080   44.73077    0.27869   44.32423
jla_mock     0.57661   42.77315    0.15376   42.70683
jla_mock     0.26849   40.57557    0.12614   40.75735
jla_mock     0.72068   43.09579    0.25107   43.29438
jla_mock     0.25050   40.46942    0.13111   40.58606
jla_mock     0.76069   43.24139    0.27664   43.43763
jla_mock     0.69817   43.68793    0.26129   43.21038
jla_mock     0.55031   42.53182    0.16854   42.58475
jla_mock     0.73013   43.48139    0.23525   43.32888
jla_mock     0.84798   43.32974    0.24703   43.72647
jla_mock     0.99783   44.07048    0.24706   44.16064
jla_mock     0.43545   42.06877    0.13052   41.97792
jla_mock     0.40947   41.70644    0.12922   41.82014
jla_mock     0.30159   41.10504    0.12599   41.04659
jla_mock     1.29911   44.82571    0.19341   44.86622
jla_mock     1.02081   44.18533    0.23668   44.22149
jla_mock     0.83973   43.86454    0.19265   43.70043
jla_mock     1.12085   44.58166    0.20807   44.47149
jla_mock     1.23089   44.26884    0.23900   44.72199
jla_mock     0.97423   44.15102    0.18427   44.09670
jla_mock     0.97078   43.77816    0.33863   44.08723
jla_mock     0.06423   37.20485    0.15073   37.38367
jla_mock     0.12903   38.87726    0.16417   38.99182
jla_mock     0.10289   38.41048    0.14984   38.46361
jla_mock     0.04413   36.57839    0.17360   36.53791
jla_mock     0.11304   38.57309    0.15277   38.68229
jla_mock     0.25611   41.09327    0.20496   40.64067
jla_mock     0.38026   41.50225    0.28703   41.63124
jla_mock     0.14547   38.88740    0.16219   39.27457
jla_mock     0.08889   38.22432    0.14637   38.12583
jla_mock     0.26059   40.44725    0.18294   40.68349
jla_mock     0.07891   37.66151    0.15603   37.85259
jla_mock     0.08304   37.82714    0.15332   37.96945
jla_mock     0.16565   39.78273    0.13854   39.58339
jla_mock     0.16817   39.84683    0.16196   39.61946
jla_mock     0.17063   39.64440    0.16521   39.65419
jla_mock     0.17028   39.57429    0.17036   39.64928
jla_mock     0.12044   38.92555    0.15110   38.83033
jla_mock     0.27653   40.78403    0.21444   40.83051
jla_mock     0.23160   40.26877    0.18253   40.39347
jla_mock     0.30569   40.92368    0.26735   41.08035
jla_mock     0.07997   38.03091    0.16566   37.88313
jla_mock     0.17415   39.83143    0.15831   39.70309
jla_mock     0.13868   39.18451    0.16605   39.16161
jla_mock     0.14607   39.12349    0.16392   39.28432
jla_mock     0.08133   37.76234    0.14393   37.92176
jla_mock     0.23380   40.48051    0.17178   40.41662
jla_mock     0.25655   40.77661    0.17733   40.64491
jla_mock     0.24562   40.68440    0.20041   40.53766
jla_mock     0.12593   39.03832    0.19133   38.93474
jla_mock     0.22351   40.18270    0.21583   40.30655
jla_mock     0.10264   38.66107    0.14664   38.45798
jla_mock     0.11967   38.69305    0.14567   38.81533
jla_mock     0.18055   40.14409    0.16851   39.78968
jla_mock     0.19709   39.98318    0.17390   40.00094
jla_mock     0.22916   40.18669    0.19939   40.36755
jla_mock     0.26451   41.01407    0.19876   40.72040
jla_mock     0.10337   38.50780    0.12264   38.47441
jla_mock     0.36441   41.49772    0.23043   41.52305
jla_mock     0.20560   39.94462    0.15584   40.10331
jla_mock     0.17981   39.87540    0.19620   39.77982
jla_mock     0.19959   40.11294    0.18224   40.03143
jla_mock     0.15653   39.40995    0.15013   39.44844
jla_mock     0.16180   39.49260    0.14761   39.52729
jla_mock     0.20953   40.07951    0.20608   40.14927
jla_mock     0.24179   40.58904    0.19813   40.49904
jla_mock     0.23646   40.41068    0.16266   40.44434
jla_mock     0.22668   40.46769    0.21051   40.34095
jla_mock     0.29678   41.09311    0.19716   41.00643
jla_mock     0.20852   40.09724    0.16317   40.13754
jla_mock     0.25104   40.70558    0.22086   40.59138
jla_mock     0.25012   40.49663    0.17967   40.58234
jla_mock     0.11771   38.94951    0.14551   38.77674
jla_mock     0.21971   40.28788    0.16999   40.26472
jla_mock     0.14901   38.99580    0.14890   39.33153
jla_mock     0.28742   40.86965    0.18840   40.92654
jla_mock     0.14360   38.98479    0.16640   39.24396
jla_mock     0.32837   41.36882    0.19601   41.25993
jla_mock     0.24625   40.47546    0.16507   40.54396
jla_mock     0.11966   38.70270    0.15027   38.81514
jla_mock     0.32838   41.19904    0.27642   41.26001
jla_mock     0.21513   39.86830    0.18367   40.21341
jla_mock     0.14478   39.35925    0.13617   39.26332
jla_mock     0.13243   39.11096    0.12839   39.05296
jla_mock     0.21082   40.00164    0.16235   40.16418
jla_mock     0.20399   40.13163    0.15781   40.08425
jla_mock     0.27952   40.95174    0.16701   40.85722
jla_mock     0.04428   36.70110    0.15510   36.54551
jla_mock     0.18037   39.94979    0.15078   39.78729
jla_mock     0.26070   41.30374    0.18972   40.68453
jla_mock     0.05654   37.16421    0.18697   37.09513
jla_mock     0.21260   40.22874    0.19195   40.18462
jla_mock     0.36941   41.86123    0.23700   41.55764
jla_mock     0.17386   39.48227    0.13052   39.69910
jla_mock     0.14265   39.38953    0.16863   39.22827
jla_mock     0.17789   39.71754    0.17323   39.75404
jla_mock     0.32837   41.05431    0.20656   41.25993
jla_mock     0.25351   40.52088    0.19561   40.61551
jla_mock     0.30001   40.88690    0.19320   41.03346
jla_mock     0.10589   38.55326    0.14608   38.53030
jla_mock     0.22328   40.05703    0.16844   40.30404
jla_mock     0.11845   38.70854    0.12252   38.79138
jla_mock     0.17653   39.56819    0.17119   39.73563
jla_mock     0.18280   39.88981    0.18907   39.81945
jla_mock     0.29762   40.76723    0.22708   41.01348
jla_mock     0.19699   39.83546    0.16337   39.99971
jla_mock     0.15295   39.38783    0.14755   39.39345
jla_mock     0.24850   40.52744    0.17448   40.56634
jla_mock     0.13818   39.08790    0.12409   39.15309
jla_mock     0.20704   40.37695    0.17045   40.12025
jla_mock     0.21468   40.10572    0.18060   40.20831
jla_mock     0.30632   41.06582    0.21503   41.08550
jla_mock     0.24695   40.47969    0.17120   40.55095
jla_mock     0.19801   39.95644    0.14490   40.01220
jla_mock     0.22256   39.95736    0.15195   40.29616
jla_mock     0.13508   39.01578    0.15131   39.09960
jla_mock     0.21054   40.03760    0.18261   40.16096
jla_mock     0.27258   40.89475    0.16911   40.79482
jla_mock     0.24660   40.54815    0.16169   40.54746
jla_mock     0.22068   40.20259    0.19429   40.27546
jla_mock     0.27447   40.95109    0.19147   40.81196
jla_mock     0.17656   39.80787    0.15540   39.73604
jla_mock     0.31088   41.06002    0.22016   41.12250
jla_mock     0.18435   39.84387    0.17308   39.83976
jla_mock     0.15935   39.34952    0.14827   39.49093
jla_mock     0.21976   40.32183    0.16605   40.26527
jla_mock     0.25205   40.46891    0.18410   40.60127
jla_mock     0.18122   39.86608    0.14940   39.79858
jla_mock     0.17373   39.87445    0.13336   39.69730
jla_mock     0.38047   41.95653    0.24246   41.63265
jla_mock     0.17865   39.58462    0.17172   39.76428
jla_mock     0.24568   40.55671    0.18910   40.53826
jla_mock     0.20910   40.13077    0.16102   40.14428
jla_mock     0.24947   40.30197    0.20971   40.57593
jla_mock     0.13392   39.13300    0.16606   39.07929
jla_mock     0.17706   39.66339    0.16040   39.74282
jla_mock     0.28111   40.70332    0.18775   40.87131
jla_mock     0.17383   39.75599    0.15187   39.69868
jla_mock     0.19654   40.18020    0.16513   39.99418
jla_mock     0.36397   41.54611    0.22725   41.51999
jla_mock     0.37835   41.43925    0.26733   41.61843
jla_mock     0.31646   41.26401    0.21039   41.16711
jla_mock     0.18322   39.81295    0.13519   39.82497
jla_mock     0.24102   40.31730    0.16774   40.49121
jla_mock     0.20203   39.93452    0.19953   40.06085
jla_mock     0.16869   39.72637    0.16512   39.62684
jla_mock     0.19794   39.51349    0.17492   40.01135
jla_mock     0.12276   38.86660    0.14575   38.87499
jla_mock     0.20318   39.89075    0.16105   40.07461
jla_mock     0.12739   38.95712    0.14896   38.96178
jla_mock     0.27549   40.92450    0.19973   40.82116
jla_mock     0.14468   39.28987    0.14722   39.26169
jla_mock     0.33436   41.03300    0.24978   41.30545
jla_mock     0.19580   39.90871    0.15393   39.98507
jla_mock     0.19392   39.79546    0.16375   39.96176
jla_mock     0.24973   40.67943    0.18581   40.57850
jla_mock     0.14860   39.37118    0.14880   39.32499
jla_mock     0.15596   39.53527    0.14872   39.43976
jla_mock     0.09582   38.13450    0.15035   38.29889
jla_mock     0.15065   39.35427    0.15873   39.35748
jla_mock     0.30933   41.06136    0.24716   41.10998
jla_mock     0.24857   40.34581    0.17340   40.56704
jla_mock     0.36554   41.24716    0.24312   41.53091
jla_mock     0.11771   38.79880    0.12848   38.77674
jla_mock     0.19176   39.79064    0.14428   39.93472
jla_mock     0.18255   39.80307    0.16171   39.81616
jla_mock     0.23472   40.28145    0.18445   40.42624
jla_mock     0.24647   40.45035    0.19928   40.54616
jla_mock     0.28845   40.74590    0.18873   40.93544
jla_mock     0.20960   39.77879    0.19927   40.15008
jla_mock     0.19198   39.80964    0.17965   39.93748
jla_mock     0.11402   38.88941    0.12215   38.70241
jla_mock     0.11389   38.70907    0.18397   38.69975
jla_mock     0.19880   40.07320    0.20967   40.02183
jla_mock     0.22058   40.29733    0.22796   40.27436
jla_mock     0.18257   39.78846    0.16454   39.81642
jla_mock     0.15895   39.42603    0.16373   39.48495
jla_mock     0.07849   37.83229    0.14912   37.84038
jla_mock     0.13864   39.25564    0.13217   39.16093
jla_mock     0.18079   39.76458    0.15446   39.79287
jla_mock     0.17757   39.71518    0.18629   39.74972
jla_mock     0.17066   39.58260    0.16102   39.65461
jla_mock     0.23381   40.19147    0.20859   40.41672
jla_mock     0.07153   37.63563    0.17411   37.62842
jla_mock     0.15463   39.28615    0.18792   39.41940
jla_mock     0.09010   38.21829    0.15951   38.15695
jla_mock     0.17658   39.50612    0.20449   39.73631
jla_mock     0.13045   38.80266    0.16441   39.01753
jla_mock     0.18204   39.66152    0.17167   39.80943
jla_mock     0.25617   40.61714    0.17261   40.64125
jla_mock     0.13811   39.17159    0.14854   39.15189
jla_mock     0.17070   39.70462    0.16750   39.65518
jla_mock     0.21674   40.15688    0.14793   40.23156
jla_mock     0.24555   40.18798    0.17888   40.53696
jla_mock     0.14382   39.02525    0.16710   39.24758
jla_mock     0.24862   40.79978    0.18856   40.56753
jla_mock     0.14533   39.16799    0.17139   39.27229
jla_mock     0.13588   39.14928    0.12760   39.11351
jla_mock     0.05874   37.29908    0.12754   37.18137
jla_mock     0.03652   35.89210    0.15192   36.11500
jla_mock     0.27749   41.09273    0.22703   40.83912
jla_mock     0.20515   39.95812    0.29701   40.09800
jla_mock     0.28051   40.85818    0.20079   40.86600
jla_mock     0.19867   40.36696    0.16216   40.02025
jla_mock     0.15999   39.80801    0.15164   39.50048
jla_mock     0.21075   40.29680    0.18113   40.16338
jla_mock     0.07195   37.65154    0.17246   37.64176
jla_mock     0.23782   40.51355    0.19074   40.45841
jla_mock     0.14139   39.07794    0.17359   39.20730
jla_mock     0.15506   39.16972    0.15761   39.42600
jla_mock     0.37013   41.81918    0.22887   41.56259
jla_mock     0.09391   38.09167    0.17056   38.25241
jla_mock     0.11863   38.68224    0.17058   38.79493
jla_mock     0.15363   39.22473    0.15381   39.40398
jla_mock     0.25356   40.68042    0.16810   40.61600
jla_mock     0.10725   38.68179    0.14420   38.55994
jla_mock     0.12961   38.81210    0.15302   39.00235
jla_mock     0.26665   40.77500    0.19376   40.74033
jla_mock     0.21226   40.07406    0.16263   40.18073
jla_mock     0.27822   40.90490    0.18167   40.84564
jla_mock     0.24540   40.28486    0.16812   40.53546
jla_mock     0.13362   39.08485    0.15059   39.07401
jla_mock     0.17656   39.68233    0.16208   39.73604
jla_mock     0.11368   38.57480    0.14584   38.69545
jla_mock     0.32038   41.28293    0.26368   41.19801
jla_mock     0.11271   38.47774    0.12253   38.67548
jla_mock     0.10602   38.38814    0.14473   38.53314
jla_mock     0.39135   41.73302    0.26610   41.70449
jla_mock     0.15575   39.59322    0.14612   39.43656
jla_mock     0.18667   39.83070    0.16762   39.86986
jla_mock     0.19671   39.98434    0.16670   39.99627
jla_mock     0.19191   39.94996    0.17339   39.93660
jla_mock     0.19084   39.86095    0.15088   39.92311
jla_mock     0.17625   39.72802    0.15361   39.73182
jla_mock     0.12837   39.08571    0.15036   38.97977
jla_mock     0.12262   38.78109    0.14734   38.87232
jla_mock     0.12715   38.83371    0.14706   38.95736
jla_mock     0.21323   40.06918    0.17621   40.19182
jla_mock     0.21861   40.21192    0.18110   40.25249
jla_mock     0.26856   40.85150    0.19152   40.75800
jla_mock     0.20466   39.97690    0.16519   40.09220
jla_mock     0.26710   40.94586    0.17378   40.74451
jla_mock     0.21757   39.93948    0.17265   40.24087
jla_mock     0.24185   40.36402    0.17151   40.49965
jla_mock     0.29350   41.01464    0.20072   40.97870
jla_mock     0.35346   41.27639    0.23114   41.44575
jla_mock     0.18563   39.58054    0.15495   39.85641
jla_mock     0.28543   40.90905    0.19928   40.90924
jla_mock     0.19494   39.80423    0.16836   39.97443
jla_mock     0.07592   37.84777    0.14500   37.76429
jla_mock     0.16357   39.64157    0.15778   39.55323
jla_mock     0.25721   40.88813    0.20821   40.65125
jla_mock     0.21955   40.08038    0.18725   40.26294
jla_mock     0.17558   39.73982    0.15163   39.72269
jla_mock     0.22667   40.22532    0.18608   40.34084
jla_mock     0.15322   39.50469    0.15082   39.39764
jla_mock     0.21025   39.85556    0.19550   40.15761
jla_mock     0.12164   38.67202    0.12361   38.85353
jla_mock     0.29135   40.66885    0.19905   40.96037
jla_mock     0.29448   41.07666    0.27860   40.98701
jla_mock     0.16455   39.49739    0.12599   39.56749
jla_mock     0.30702   41.29337    0.20907   41.09122
jla_mock     0.19863   40.03194    0.16158   40.01976
jla_mock     0.26821   40.97663    0.21540   40.75477
jla_mock     0.40128   41.77319    0.24823   41.76846
jla_mock     0.13668   39.12977    0.15334   39.12735
jla_mock     0.29542   40.67355    0.24720   40.99496
jla_mock     0.29192   40.80270    0.19220   40.96524
jla_mock     0.09007   38.16251    0.12097   38.15619
jla_mock     0.20557   40.23010    0.18293   40.10296
jla_mock     0.14582   39.18871    0.14935   39.28026
jla_mock     0.11767   38.52107    0.14487   38.77595
jla_mock     0.05499   37.05073    0.14998   37.03240
jla_mock     0.17420   39.58362    0.15143   39.70378
jla_mock     0.24495   40.57405    0.18021   40.53095
jla_mock     0.22452   40.31885    0.18250   40.31756
jla_mock     0.24558   40.46639    0.16228   40.53726
jla_mock     0.28351   40.93456    0.21250   40.89245
jla_mock     0.18056   39.47870    0.17619   39.78982
jla_mock     0.10391   38.58116    0.12352   38.48649
jla_mock     0.12961   39.05730    0.15327   39.00235
jla_mock     0.24352   40.52423    0.16046   40.51656
jla_mock     0.33136   41.39860    0.26935   41.28275
jla_mock     0.24348   40.32040    0.19048   40.51615
jla_mock     0.31468   40.82777    0.17578   41.15296
jla_mock     0.21865   39.95297    0.18935   40.25293
jla_mock     0.26014   40.44735    0.21926   40.67922
jla_mock     0.28243   40.79893    0.19831   40.88296
jla_mock     0.30041   40.99984    0.20582   41.03679
jla_mock     0.15186   39.16866    0.14864   39.37647
jla_mock     0.26357   41.02441    0.18937   40.71159
jla_mock     0.21382   39.98261    0.20621   40.19854
jla_mock     0.16284   39.64071    0.16762   39.54256
jla_mock     0.12440   38.95616    0.17141   38.90608
jla_mock     0.19465   39.95506    0.13939   39.97083
jla_mock     0.20554   40.16647    0.18299   40.10260
jla_mock     0.10667   38.61307    0.14589   38.54734
jla_mock     0.18772   40.04953    0.18725   39.88338
jla_mock     0.16387   39.48368    0.15682   39.55760
jla_mock     0.29021   40.96711    0.19470   40.95060
jla_mock     0.09401   38.29158    0.12498   38.25487
jla_mock     0.22786   40.39094    0.18010   40.35364
jla_mock     0.10751   38.49857    0.14765   38.56556
jla_mock     0.31065   41.04599    0.22259   41.12065
jla_mock     0.14564   39.09282    0.15576   39.27734
jla_mock     0.08784   38.08659    0.12610   38.09850
jla_mock     0.14839   39.17226    0.15573   39.32164
jla_mock     0.28662   40.86778    0.19366   40.91960
jla_mock     0.12281   39.08690    0.13329   38.87594
jla_mock     0.18655   39.92887    0.20280   39.86832
jla_mock     0.12893   38.80382    0.15504   38.99000
jla_mock     0.19422   39.81322    0.16864   39.96549
jla_mock     0.14800   39.18773    0.14676   39.31541
jla_mock     0.21179   39.96534    0.22866   40.17534
jla_mock     0.17962   40.03115    0.17351   39.77728
jla_mock     0.26349   40.72763    0.18130   40.71084
jla_mock     0.19215   40.18288    0.15957   39.93962
jla_mock     0.33880   41.33334    0.22988   41.33871
jla_mock     0.11741   38.90514    0.14767   38.77078
jla_mock     0.14310   39.13832    0.16842   39.23571
jla_mock     0.16035   39.48447    0.13218   39.50583
jla_mock     0.28872   40.87482    0.21130   40.93777
jla_mock     0.12303   38.50109    0.15465   38.88013
jla_mock     0.26405   40.91664    0.18534   40.71609
jla_mock     0.12608   38.76695    0.17183   38.93753
jla_mock     0.17374   39.66687    0.14981   39.69744
jla_mock     0.16440   39.49216    0.14973   39.56531
jla_mock     0.24961   40.61461    0.16242   40.57731
jla_mock     0.15999   39.52488    0.15137   39.50048
jla_mock     0.24448   40.46967    0.15150   40.52623
jla_mock     0.24851   40.60117    0.17708   40.56644
jla_mock     0.22893   39.88678    0.16848   40.36509
jla_mock     0.08528   37.92020    0.14385   38.03054
jla_mock     0.06282   37.25577    0.14855   37.33331
jla_mock     0.27745   40.86034    0.23370   40.83876
jla_mock     0.27544   40.74149    0.21508   40.82071
jla_mock     0.33051   41.36963    0.21088   41.27628
jla_mock     0.36193   41.32181    0.24565   41.50573
jla_mock     0.33103   41.35867    0.21801   41.28024
jla_mock     0.16050   39.25376    0.12715   39.50806
jla_mock     0.30021   40.79374    0.20430   41.03513
jla_mock     0.11635   38.71829    0.12231   38.74960
jla_mock     0.21829   40.41551    0.16062   40.24892
jla_mock     0.11967   38.68513    0.12046   38.81533
jla_mock     0.15473   39.44077    0.12395   39.42094
jla_mock     0.17810   39.61372    0.16563   39.75688
jla_mock     0.25037   40.46634    0.16561   40.58480
jla_mock     0.25174   40.58994    0.14466   40.59824
jla_mock     0.12953   39.10893    0.14519   39.00090
jla_mock     0.30929   41.02433    0.18811   41.10966
jla_mock     0.27852   40.80028    0.17882   40.84832
jla_mock     0.18581   39.95678    0.13606   39.85875
jla_mock     0.06651   37.13411    0.17228   37.46289
jla_mock     0.25800   40.28489    0.18757   40.65882
jla_mock     0.29888   40.83510    0.21609   41.02403
jla_mock     0.27044   40.97275    0.22437   40.77528
jla_mock     0.27916   40.87120    0.17184   40.85402
jla_mock     0.29287   40.56708    0.21554   40.97334
jla_mock     0.18965   39.87963    0.15711   39.90803
jla_mock     0.26576   40.65900    0.19291   40.73206
jla_mock     0.12376   38.68773    0.14509   38.89399
jla_mock     0.18255   39.78697    0.14972   39.81616
jla_mock     0.05634   36.93855    0.14895   37.08713
jla_mock     0.31288   41.15379    0.18264   41.13858
jla_mock     0.30915   41.13653    0.22329   41.10853
jla_mock     0.20061   40.39445    0.15588   40.04377
jla_mock     0.32640   40.86571    0.20549   41.24480
jla_mock     0.21163   40.06244    0.13899   40.17351
jla_mock     0.17969   39.80355    0.15636   39.77821
jla_mock     0.30240   41.35805    0.19662   41.05329
jla_mock     0.10924   38.63561    0.14870   38.60268
jla_mock     0.08522   37.80677    0.15002   38.02892
jla_mock     0.20231   39.80515    0.16132   40.06421
jla_mock     0.12649   38.69801    0.15585   38.94515
jla_mock     0.21457   40.19951    0.16813   40.20706
jla_mock     0.32045   41.03733    0.19169   41.19856
jla_mock     0.21835   40.14476    0.17273   40.24959
jla_mock     0.19010   39.91879    0.15982   39.91374
jla_mock     0.09243   38.19485    0.15614   38.21577
jla_mock     0.37986   41.36597    0.18489   41.62856
jla_mock     0.21134   40.04966    0.16608   40.17017
jla_mock     0.25833   40.58251    0.18012   40.66198
jla_mock     0.18327   39.87589    0.16856   39.82563
jla_mock     0.21295   40.06481    0.17785   40.18862
jla_mock     0.11651   38.72321    0.15544   38.75281
jla_mock     0.14401   39.31651    0.17186   39.25071
jla_mock     0.25249   40.47030    0.18600   40.60557
jla_mock     0.25539   40.52204    0.21320   40.63373
jla_mock     0.21698   40.29806    0.18861   40.23425
jla_mock     1.26590   45.22931    0.22380   44.79699
jla_mock     0.93577   44.21847    0.22959   43.98915
jla_mock     0.04952   36.83647    0.20229   36.79644
jla_mock     0.03033   36.05581    0.18208   35.70157
jla_mock     0.07458   37.50045    0.21873   37.72360
jla_mock     0.02520   35.00357    0.22034   35.29123
jla_mock     0.01441   34.15791    0.20528   34.06048
jla_mock     0.02079   34.81671    0.19750   34.86681
jla_mock     0.03522   35.50070    0.20378   36.03412
jla_mock     0.04166   36.54034    0.21523   36.40883
jla_mock     0.04240   36.39024    0.20619   36.44838
jla_mock     0.01890   34.23103    0.18362   34.65682
jla_mock     0.07884   37.69420    0.21534   37.85056
jla_mock     0.06334   37.29095    0.20759   37.35224
jla_mock     0.02764   35.52339    0.23142   35.49574
jla_mock     0.04933   36.43570    0.21068   36.78762
jla_mock     0.07015   37.73644    0.22041   37.58415
jla_mock     0.02391   34.82250    0.18368   35.17514
jla_mock     0.05313   36.64054    0.22336   36.95466
jla_mock     0.02495   34.85254    0.18978   35.26944
jla_mock     0.01566   34.01681    0.20165   34.24356
jla_mock     0.04898   36.46427    0.15986   36.77203
jla_mock     0.02240   35.30305    0.18928   35.03106
jla_mock     0.03485   36.12563    0.23666   36.01099
jla_mock     0.01697   34.42112    0.20291   34.41905
jla_mock     0.03072   35.56140    0.18172   35.73037
jla_mock     0.03048   35.48244    0.18204   35.71303
jla_mock     0.01055   32.95403    0.21945   33.37697
jla_mock     0.01426   34.10379    0.17171   34.03675
jla_mock     0.02769   35.29687    0.18125   35.49983
jla_mock     0.05386   37.09913    0.15904   36.98558
jla_mock     0.01767   34.29992    0.19251   34.50873
jla_mock     0.01745   34.43069    0.17037   34.48092
jla_mock     0.01557   33.89515    0.20220   34.23076
jla_mock     0.01006   33.07799    0.23113   33.27290
jla_mock     0.05493   36.96482    0.18431   37.02998
jla_mock     0.03908   35.97066    0.16317   36.26630
jla_mock     0.07832   37.55626    0.18392   37.83534
jla_mock     0.03176   35.89682    0.15356   35.80452
jla_mock     0.01444   33.69182    0.22581   34.06489
jla_mock     0.01353   33.85538    0.22079   33.92255
jla_mock     0.02668   35.62809    0.19350   35.41745
jla_mock     0.02336   35.27325    0.17881   35.12382
jla_mock     0.03693   36.04359    0.19002   36.14013
jla_mock     0.02355   35.29653    0.17820   35.14190
jla_mock     0.01748   34.24354    0.19212   34.48507
jla_mock     0.04026   36.34073    0.17448   36.33252
jla_mock     0.03038   35.47754    0.20408   35.70566
jla_mock     0.01550   34.07872    0.20028   34.22101
jla_mock     0.01415   34.07036    0.18788   34.02052
jla_mock     0.01549   33.98910    0.18431   34.21860
jla_mock     0.01555   34.30486    0.19852   34.22808
jla_mock     0.03707   36.02383    0.15485   36.14862
jla_mock     0.01548   34.52328    0.20250   34.21789
jla_mock     0.01332   34.06222    0.18644   33.88842
jla_mock     0.01457   33.60914    0.20791   34.08532
jla_mock     0.01579   33.99656    0.19847   34.26130
jla_mock     0.02475   35.04150    0.17955   35.25120
jla_mock     0.02775   35.56385    0.17503   35.50463
jla_mock     0.01089   33.68085    0.25478   33.44601
jla_mock     0.01365   33.78588    0.18671   33.94176
jla_mock     0.03576   36.16409    0.16296   36.06783
jla_mock     0.02473   35.20022    0.17711   35.24932
jla_mock     0.03809   36.36973    0.17052   36.20863
jla_mock     0.02154   34.94947    0.17712   34.94487
jla_mock     0.01958   34.67542    0.17899   34.73456
jla_mock     0.03042   35.52698    0.17572   35.70822
jla_mock     0.03922   36.24919    0.17021   36.27406
jla_mock     0.03497   35.86629    0.15988   36.01845
jla_mock     0.02856   35.76123    0.17650   35.56863
jla_mock     0.02100   34.49264    0.18823   34.88845
jla_mock     0.03254   35.82672    0.18232   35.85802
jla_mock     0.01547   34.33327    0.19319   34.21604
jla_mock     0.01568   34.22663    0.20748   34.24552
jla_mock     0.02750   35.34379    0.15599   35.48465
jla_mock     0.04686   36.65852    0.17135   36.67229
jla_mock     0.03317   35.84091    0.18296   35.90099
jla_mock     0.01029   33.28328    0.23550   33.32258
jla_mock     0.08010   37.80194    0.17116   37.88694
jla_mock     0.01232   33.40559    0.20021   33.71613
jla_mock     0.02459   35.13324    0.20631   35.23686
jla_mock     0.01447   33.76938    0.20828   34.06899
jla_mock     0.01515   34.15534    0.18400   34.17085
jla_mock     0.02909   35.69642    0.17337   35.60902
jla_mock     0.03478   35.75455    0.17929   36.00632
jla_mock     0.04492   36.53484    0.14071   36.57766
jla_mock     0.03407   35.96947    0.16958   35.96061
jla_mock     0.07487   37.58269    0.14386   37.73249
jla_mock     0.01496   34.10911    0.19783   34.14256
jla_mock     0.02040   34.62930    0.17104   34.82442
jla_mock     0.04069   36.37696    0.17468   36.35626
jla_mock     0.02657   35.31086    0.18033   35.40830
jla_mock     0.02688   35.33227    0.15331   35.43431
jla_mock     0.02347   34.83347    0.17598   35.13429
jla_mock     0.06912   37.30960    0.19118   37.55045
jla_mock     0.06519   37.34134    0.15880   37.41747
jla_mock     0.02298   34.90692    0.17791   35.08760
jla_mock     0.01739   34.10907    0.19829   34.47296
jla_mock     0.03148   35.87772    0.15109   35.78492
jla_mock     0.01118   33.50580    0.19448   33.50474
jla_mock     0.02196   34.85966    0.17567   34.98697
jla_mock     0.03148   35.76465    0.15081   35.78485
jla_mock     0.02332   35.00263    0.20285   35.12013
jla_mock     0.02039   34.83079    0.18301   34.82377
jla_mock     0.02247   35.07033    0.18141   35.03765
jla_mock     0.03361   36.14632    0.18044   35.93037
jla_mock     0.03697   36.32506    0.17917   36.14224
jla_mock     0.02263   34.70547    0.18007   35.05361
jla_mock     0.01470   33.98154    0.18462   34.10407
jla_mock     0.03695   36.40813    0.14876   36.14109
jla_mock     0.06096   37.33809    0.12531   37.26526
jla_mock     0.05929   37.32282    0.12136   37.20241
jla_mock     0.06975   37.66225    0.15874   37.57107
jla_mock     0.02953   35.52048    0.17470   35.64232
jla_mock     0.03325   35.56906    0.17565   35.90649
jla_mock     0.02416   35.16792    0.18124   35.19813
jla_mock     0.01600   34.33917    0.19156   34.29005
jla_mock     0.06296   37.55595    0.16531   37.33846
jla_mock     0.02171   34.69556    0.19186   34.96170
jla_mock     0.03164   35.75847    0.18944   35.79569
jla_mock     0.01860   34.25382    0.17305   34.62124
jla_mock     0.02706   35.33702    0.17333   35.44934
jla_mock     0.02547   35.38739    0.18470   35.31480
jla_mock     0.02381   35.35147    0.19337   35.16597
jla_mock     0.02387   35.29698    0.18298   35.17126
jla_mock     0.02207   34.94260    0.16678   34.99820
