jla_mock     0.50308   42.46048    0.14571   42.35104
jla_mock     0.58072   42.76802    0.16123   42.72544
jla_mock     0.49479   42.52661    0.12071   42.30792
jla_mock     0.34593   41.48997    0.13253   41.39128
jla_mock     0.67766   42.98047    0.22872   43.13160
jla_mock     0.61071   42.35108    0.22549   42.85755
jla_mock     0.86649   43.81164    0.25803   43.78400
jla_mock     0.33093   41.40903    0.12801   41.27950
jla_mock     0.79857   42.98669    0.25920   43.56670
jla_mock     0.44956   42.12578    0.16140   42.06004
jla_mock     0.37144   41.64056    0.14922   41.57158
jla_mock     0.29172   40.93317    0.14231   40.96351
jla_mock     0.35582   41.60877    0.14101   41.46259
jla_mock     0.46127   41.85389    0.15587   42.12638
jla_mock     0.28361   40.85723    0.13056   40.89333
jla_mock     0.63223   42.87899    0.22183   42.94863
jla_mock     0.46641   42.52482    0.17244   42.15500
jla_mock     0.26862   40.69240    0.12820   40.75859
jla_mock     0.94689   44.02969    0.29225   44.02068
jla_mock     0.92492   43.61708    0.31213   43.95801
jla_mock     0.69317   42.59458    0.29243   43.19137
jla_mock     0.62523   42.87240    0.19089   42.91933
jla_mock     0.89694   43.42733    0.26745   43.87607
jla_mock     0.60826   42.82285    0.15987   42.84699
jla_mock     0.78905   43.32166    0.26933   43.53485
jla_mock     0.57829   42.97979    0.14638   42.71445
jla_mock     0.59028   42.94652    0.18967   42.76823
jla_mock     0.71963   43.58861    0.25305   43.29050
jla_mock     0.21003   40.15560    0.13132   40.15509
jla_mock     0.76659   42.91657    0.22577   43.45813
jla_mock     0.85851   43.78383    0.22290   43.75934
jla_mock     0.36790   41.49167    0.09931   41.54727
jla_mock     0.55875   42.56097    0.15678   42.62447
jla_mock     0.84851   43.64065    0.21739   43.72812
jla_mock     0.99639   44.04292    0.24266   44.15679
jla_mock     0.77659   43.38086    0.26449   43.49256
jla_mock     0.58293   42.53764    0.13307   42.73539
jla_mock     0.58374   42.82963    0.16753   42.73903
jla_mock     0.79655   43.51600    0.22888   43.55998
jla_mock     0.58872   42.82029    0.15579   42.76129
jla_mock     0.91347   43.63240    0.24294   43.92478
jla_mock     0.76859   43.56594    0.23905   43.46504
jla_mock     0.94846   43.99768    0.26528   44.02509
jla_mock     0.51379   42.32197    0.15288   42.40578
jla_mock     0.73361   43.25779    0.19294   43.34148
jla_mock     0.63770   43.29907    0.27011   42.97130
jla_mock     0.76559   43.49046    0.21114   43.45466
jla_mock     0.43486   41.89003    0.15773   41.97447
jla_mock     0.98341   43.78041    0.25880   44.12175
jla_mock     0.58374   42.74373    0.16233   42.73903
jla_mock     0.70063   42.79350    0.21687   43.21970
jla_mock     0.66206   42.61301    0.21295   43.07010
jla_mock     0.83813   43.53789    0.28077   43.69533
jla_mock     0.62187   42.90493    0.17547   42.90516
jla_mock     0.37059   41.68443    0.14292   41.56572
jla_mock     0.41663   42.08924    0.13815   41.86455
jla_mock     0.35857   41.56105    0.10704   41.48209
jla_mock     0.45168   41.95390    0.15279   42.07216
jla_mock     0.52276   42.42368    0.16113   42.45081
jla_mock     0.73400   43.43196    0.30409   43.34288
jla_mock     0.70196   42.62933    0.31177   43.22473
jla_mock     0.74201   43.85907    0.29013   43.37166
jla_mock     0.74612   43.22588    0.21822   43.38631
jla_mock     0.34956   41.49990    0.13473   41.41768
jla_mock     0.59183   42.81107    0.15357   42.77513
jla_mock     0.51475   42.32417    0.15561   42.41060
jla_mock     0.62063   42.97048    0.18447   42.89990
jla_mock     0.64365   42.91629    0.24392   42.99574
jla_mock     1.00280   44.01596    0.33217   44.17391
jla_mock     0.47059   42.26955    0.14421   42.17801
jla_mock     0.61064   43.03200    0.15878   42.85725
jla_mock     0.26349   40.74750    0.12805   40.71081
jla_mock     0.35834   41.76899    0.12919   41.48044
jla_mock     0.74270   43.15784    0.25909   43.37412
jla_mock     0.45156   42.07241    0.11539   42.07145
jla_mock     0.91075   44.26138    0.26165   43.91682
jla_mock     0.55261   42.42764    0.15821   42.59559
jla_mock     0.33753   41.42262    0.12813   41.32927
jla_mock     0.75068   43.24190    0.24281   43.40248
jla_mock     0.98378   44.05035    0.34665   44.12275
jla_mock     0.82270   43.41399    0.22176   43.64588
jla_mock     0.81370   43.74417    0.24257   43.61661
jla_mock     0.95076   43.90279    0.26473   44.03158
jla_mock     0.81773   43.36910    0.24643   43.62977
jla_mock     0.34052   41.35594    0.12574   41.35149
jla_mock     0.96075   43.42487    0.28766   44.05949
jla_mock     0.81072   43.79037    0.27276   43.60686
jla_mock     0.75669   43.32901    0.24755   43.42362
jla_mock     0.61125   42.47540    0.18573   42.85987
jla_mock     0.87797   43.87149    0.22379   43.81907
jla_mock     0.54832   42.65949    0.14258   42.57529
jla_mock     0.80903   43.67612    0.23222   43.60132
jla_mock     1.02880   44.17496    0.28337   44.24234
jla_mock     0.62724   42.86571    0.17555   42.92776
jla_mock     0.42245   41.88159    0.15607   41.90012
jla_mock     0.93390   43.80270    0.35000   43.98380
jla_mock     0.70116   42.80257    0.22741   43.22169
jla_mock     0.69716   43.19098    0.20952   43.20658
jla_mock     0.68518   42.89358    0.27044   43.16074
jla_mock     0.76707   43.03179    0.25234   43.45981
jla_mock     0.93190   43.96186    0.25137   43.97808
jla_mock     0.86398   43.85668    0.24510   43.77625
jla_mock     0.74910   43.12928    0.22590   43.39689
jla_mock     0.51435   42.36652    0.15357   42.40861
jla_mock     0.46841   42.14568    0.11440   42.16601
jla_mock     0.47040   42.03476    0.15655   42.17698
jla_mock     0.95887   44.25727    0.27681   44.05426
jla_mock     0.92791   43.67742    0.29724   43.96663
jla_mock     0.84052   43.71354    0.21913   43.70293
jla_mock     0.63070   43.40417    0.17083   42.94224
jla_mock     0.56275   42.49632    0.14441   42.64315
jla_mock     0.61570   43.11806    0.16969   42.87892
jla_mock     0.82853   44.00600    0.22446   43.66467
jla_mock     0.56474   42.77439    0.16043   42.65238
jla_mock     0.57874   42.77020    0.14758   42.71650
jla_mock     0.55774   42.84435    0.15832   42.61978
jla_mock     0.86450   43.92523    0.22870   43.77785
jla_mock     0.73561   42.71194    0.23469   43.34870
jla_mock     0.85851   44.16559    0.28337   43.75932
jla_mock     0.26198   40.60937    0.10443   40.69667
jla_mock     0.58574   42.62359    0.18661   42.74800
jla_mock     0.76158   43.31374    0.21599   43.44073
jla_mock     0.48880   42.22751    0.11155   42.27631
jla_mock     0.85852   43.15888    0.27431   43.75935
jla_mock     0.68866   43.04524    0.18053   43.17412
jla_mock     0.55874   42.52504    0.15492   42.62446
jla_mock     0.32453   41.31802    0.12602   41.23036
jla_mock     0.48070   42.41354    0.10839   42.23305
jla_mock     0.18537   39.97843    0.13096   39.85305
jla_mock     0.92222   43.83507    0.33855   43.95022
jla_mock     0.68194   43.07471    0.19640   43.14823
jla_mock     0.47571   42.18751    0.10811   42.20600
jla_mock     0.92221   44.22781    0.27644   43.95018
jla_mock     0.89318   43.99837    0.25783   43.86487
jla_mock     0.42865   42.04328    0.14144   41.93748
jla_mock     0.63188   43.04295    0.23474   42.94717
jla_mock     0.69996   43.33000    0.25835   43.21717
jla_mock     0.73601   43.04369    0.26469   43.35013
jla_mock     0.57582   43.05252    0.15954   42.70324
jla_mock     0.41863   42.02214    0.10652   41.87683
jla_mock     0.51175   42.23626    0.12001   42.39540
jla_mock     0.53577   42.51689    0.12653   42.51485
jla_mock     0.64189   42.67531    0.21547   42.98856
jla_mock     0.73500   43.60996    0.22720   43.34649
jla_mock     0.35156   41.45971    0.13079   41.43211
jla_mock     0.60986   42.91363    0.17401   42.85388
jla_mock     0.34956   41.51998    0.13437   41.41766
jla_mock     0.70197   42.82895    0.18820   43.22475
jla_mock     0.35526   41.59665    0.10428   41.45861
jla_mock     0.98328   44.10741    0.25757   44.12140
jla_mock     0.87215   43.83717    0.26598   43.80134
jla_mock     0.75903   43.45613    0.20819   43.43183
jla_mock     0.92622   43.89657    0.24599   43.96176
jla_mock     0.64364   42.34121    0.22846   42.99573
jla_mock     0.41957   41.94375    0.13773   41.88255
jla_mock     0.51559   42.31714    0.20314   42.41484
jla_mock     0.89073   43.94609    0.21058   43.85753
jla_mock     0.80570   43.49809    0.22987   43.59033
jla_mock     0.48057   41.85963    0.10875   42.23231
jla_mock     0.80070   43.72224    0.24546   43.57378
jla_mock     0.58060   42.64968    0.18881   42.72490
jla_mock     0.71565   43.19040    0.24397   43.27584
jla_mock     0.80570   43.25863    0.23277   43.59033
jla_mock     0.76668   43.36478    0.25284   43.45846
jla_mock     0.66464   42.70072    0.19579   43.08037
jla_mock     0.90174   43.54727    0.25191   43.89028
jla_mock     0.74567   43.03741    0.21143   43.38470
jla_mock     0.71868   43.18934    0.20380   43.28702
jla_mock     0.73669   43.33007    0.19636   43.35259
jla_mock     0.57960   42.52122    0.12085   42.72037
jla_mock     0.37053   41.56221    0.10257   41.56534
jla_mock     0.96074   43.91375    0.23956   44.05946
jla_mock     0.85073   43.82327    0.21180   43.73508
jla_mock     0.64864   42.90582    0.19255   43.01611
jla_mock     0.21946   40.45920    0.13037   40.26197
jla_mock     0.93676   43.49902    0.24130   43.99195
jla_mock     0.64764   42.93538    0.17876   43.01204
jla_mock     0.46156   42.12427    0.13341   42.12800
jla_mock     0.60060   43.13981    0.17945   42.81372
jla_mock     0.67065   42.65157    0.23101   43.10415
jla_mock     0.76070   43.60253    0.20946   43.43765
jla_mock     0.24649   40.61175    0.13212   40.54638
jla_mock     0.47057   42.27618    0.14759   42.17794
jla_mock     0.16945   39.70977    0.11210   39.63766
jla_mock     0.49738   42.26652    0.12913   42.32144
jla_mock     0.63823   42.82721    0.19689   42.97350
jla_mock     0.50737   42.58575    0.14543   42.37308
jla_mock     0.53533   42.47718    0.14230   42.51269
jla_mock     0.58728   42.62988    0.16639   42.75489
jla_mock     0.77308   43.42102    0.25621   43.48052
jla_mock     0.69917   42.93128    0.22210   43.21417
jla_mock     0.37051   41.52177    0.12736   41.56520
jla_mock     0.76109   43.36122    0.22809   43.43902
jla_mock     0.69917   43.00997    0.21960   43.21418
jla_mock     0.78806   43.39345    0.19242   43.53150
jla_mock     0.37351   41.70385    0.13203   41.58571
jla_mock     0.40548   42.02146    0.13199   41.79507
jla_mock     0.85299   44.10832    0.25729   43.74216
jla_mock     0.80805   43.46181    0.24185   43.59808
jla_mock     0.60327   43.08832    0.18398   42.82536
jla_mock     0.58329   42.74044    0.17903   42.73700
jla_mock     0.53434   42.53180    0.14774   42.50785
jla_mock     0.72014   43.43323    0.24070   43.29239
jla_mock     0.40048   41.96013    0.21061   41.76340
jla_mock     0.83700   43.70773    0.21503   43.69176
jla_mock     0.37151   41.45074    0.10193   41.57203
jla_mock     0.80604   43.63947    0.25908   43.59147
jla_mock     0.84001   43.15820    0.23507   43.70129
jla_mock     0.50073   42.18651    0.12981   42.33885
jla_mock     0.53277   42.44182    0.17422   42.50018
jla_mock     0.53377   42.69799    0.18215   42.50508
jla_mock     0.93223   43.23388    0.34153   43.97902
jla_mock     0.82210   43.37589    0.25791   43.64395
jla_mock     0.55380   42.46300    0.13545   42.60122
jla_mock     0.12530   38.82720    0.13709   38.92294
jla_mock     0.84212   43.49617    0.28303   43.70800
jla_mock     0.44367   42.09564    0.15187   42.02605
jla_mock     0.72767   43.27884    0.24978   43.31996
jla_mock     0.68366   43.46232    0.41253   43.15487
jla_mock     0.44255   42.09704    0.13368   42.01954
jla_mock     0.72668   43.06085    0.20022   43.31634
jla_mock     0.28251   40.92283    0.12748   40.88366
jla_mock     0.40455   41.75936    0.12965   41.78921
jla_mock     0.51961   42.21791    0.13964   42.43507
jla_mock     0.69065   43.04441    0.23215   43.18177
jla_mock     1.06080   44.12844    0.27869   44.32423
jla_mock     0.57661   42.41614    0.15376   42.70683
jla_mock     0.26849   40.93186    0.12614   40.75735
jla_mock     0.72068   43.29096    0.25107   43.29438
jla_mock     0.25050   40.70260    0.13111   40.58606
jla_mock     0.76069   43.41215    0.27664   43.43763
jla_mock     0.69817   42.79423    0.26129   43.21038
jla_mock     0.55031   42.40270    0.16854   42.58475
jla_mock     0.73013   42.87059    0.23525   43.32888
jla_mock     0.84798   43.79402    0.24703   43.72647
jla_mock     0.99783   43.64283    0.24706   44.16064
jla_mock     0.43545   42.11295    0.13052   41.97792
jla_mock     0.40947   41.86172    0.12922   41.82014
jla_mock     0.30159   41.02806    0.12599   41.04659
jla_mock     1.29911   44.72295    0.19341   44.86622
jla_mock     1.02081   44.19923    0.23668   44.22149
jla_mock     0.83973   43.98796    0.19265   43.70043
jla_mock     1.12085   44.32923    0.20807   44.47149
jla_mock     1.23089   44.54916    0.23900   44.72199
jla_mock     0.97423   44.21238    0.18427   44.09670
jla_mock     0.97078   43.61689    0.33863   44.08723
jla_mock     0.06423   37.26711    0.15073   37.38367
jla_mock     0.12903   39.09336    0.16417   38.99182
jla_mock     0.10289   38.77285    0.14984   38.46361
jla_mock     0.04413   36.50061    0.17360   36.53791
jla_mock     0.11304   38.68304    0.15277   38.68229
jla_mock     0.25611   40.80336    0.20496   40.64067
jla_mock     0.38026   41.57991    0.28703   41.63124
jla_mock     0.14547   38.94254    0.16219   39.27457
jla_mock     0.08889   38.41111    0.14637   38.12583
jla_mock     0.26059   40.50928    0.18294   40.68349
jla_mock     0.07891   37.72947    0.15603   37.85259
jla_mock     0.08304   37.91274    0.15332   37.96945
jla_mock     0.16565   39.55692    0.13854   39.58339
jla_mock     0.16817   39.40322    0.16196   39.61946
jla_mock     0.17063   39.48171    0.16521   39.65419
jla_mock     0.17028   39.56170    0.17036   39.64928
jla_mock     0.12044   38.90076    0.15110   38.83033
jla_mock     0.27653   40.90614    0.21444   40.83051
jla_mock     0.23160   40.42770    0.18253   40.39347
jla_mock     0.30569   41.09148    0.26735   41.08035
jla_mock     0.07997   38.06992    0.16566   37.88313
jla_mock     0.17415   39.83585    0.15831   39.70309
jla_mock     0.13868   39.21871    0.16605   39.16161
jla_mock     0.14607   39.26400    0.16392   39.28432
jla_mock     0.08133   37.76877    0.14393   37.92176
jla_mock     0.23380   40.22270    0.17178   40.41662
jla_mock     0.25655   40.75644    0.17733   40.64491
jla_mock     0.24562   40.49253    0.20041   40.53766
jla_mock     0.12593   39.33160    0.19133   38.93474
jla_mock     0.22351   40.44989    0.21583   40.30655
jla_mock     0.10264   38.26435    0.14664   38.45798
jla_mock     0.11967   38.87005    0.14567   38.81533
jla_mock     0.18055   39.88314    0.16851   39.78968
jla_mock     0.19709   40.05388    0.17390   40.00094
jla_mock     0.22916   40.15198    0.19939   40.36755
jla_mock     0.26451   40.69788    0.19876   40.72040
jla_mock     0.10337   38.69531    0.12264   38.47441
jla_mock     0.36441   41.75519    0.23043   41.52305
jla_mock     0.20560   40.02646    0.15584   40.10331
jla_mock     0.17981   40.02273    0.19620   39.77982
jla_mock     0.19959   40.16478    0.18224   40.03143
jla_mock     0.15653   39.49574    0.15013   39.44844
jla_mock     0.16180   39.34354    0.14761   39.52729
jla_mock     0.20953   40.36809    0.20608   40.14927
jla_mock     0.24179   40.48194    0.19813   40.49904
jla_mock     0.23646   40.75131    0.16266   40.44434
jla_mock     0.22668   40.36924    0.21051   40.34095
jla_mock     0.29678   40.99359    0.19716   41.00643
jla_mock     0.20852   40.04673    0.16317   40.13754
jla_mock     0.25104   40.93218    0.22086   40.59138
jla_mock     0.25012   40.64429    0.17967   40.58234
jla_mock     0.11771   38.97217    0.14551   38.77674
jla_mock     0.21971   40.50949    0.16999   40.26472
jla_mock     0.14901   39.41184    0.14890   39.33153
jla_mock     0.28742   40.71014    0.18840   40.92654
jla_mock     0.14360   39.20310    0.16640   39.24396
jla_mock     0.32837   40.66526    0.19601   41.25993
jla_mock     0.24625   40.64649    0.16507   40.54396
jla_mock     0.11966   38.88593    0.15027   38.81514
jla_mock     0.32838   41.93864    0.27642   41.26001
jla_mock     0.21513   40.08490    0.18367   40.21341
jla_mock     0.14478   39.26274    0.13617   39.26332
jla_mock     0.13243   38.96345    0.12839   39.05296
jla_mock     0.21082   40.17646    0.16235   40.16418
jla_mock     0.20399   40.15748    0.15781   40.08425
jla_mock     0.27952   40.84756    0.16701   40.85722
jla_mock     0.04428   36.75536    0.15510   36.54551
jla_mock     0.18037   39.91239    0.15078   39.78729
jla_mock     0.26070   40.95751    0.18972   40.68453
jla_mock     0.05654   37.17254    0.18697   37.09513
jla_mock     0.21260   40.00648    0.19195   40.18462
jla_mock     0.36941   42.06897    0.23700   41.55764
jla_mock     0.17386   39.94004    0.13052   39.69910
jla_mock     0.14265   39.05845    0.16863   39.22827
jla_mock     0.17789   40.09420    0.17323   39.75404
jla_mock     0.32837   41.15587    0.20656   41.25993
jla_mock     0.25351   40.75710    0.19561   40.61551
jla_mock     0.30001   41.24512    0.19320   41.03346
jla_mock     0.10589   38.87450    0.14608   38.53030
jla_mock     0.22328   40.49113    0.16844   40.30404
jla_mock     0.11845   38.64636    0.12252   38.79138
jla_mock     0.17653   39.73631    0.17119   39.73563
jla_mock     0.18280   40.07617    0.18907   39.81945
jla_mock     0.29762   40.76552    0.22708   41.01348
jla_mock     0.19699   39.90620    0.16337   39.99971
jla_mock     0.15295   39.48013    0.14755   39.39345
jla_mock     0.24850   40.61505    0.17448   40.56634
jla_mock     0.13818   39.06809    0.12409   39.15309
jla_mock     0.20704   40.16567    0.17045   40.12025
jla_mock     0.21468   40.43601    0.18060   40.20831
jla_mock     0.30632   41.58588    0.21503   41.08550
jla_mock     0.24695   40.68321    0.17120   40.55095
jla_mock     0.19801   40.16568    0.14490   40.01220
jla_mock     0.22256   40.48472    0.15195   40.29616
jla_mock     0.13508   39.17547    0.15131   39.09960
jla_mock     0.21054   40.15240    0.18261   40.16096
jla_mock     0.27258   40.94972    0.16911   40.79482
jla_mock     0.24660   40.41219    0.16169   40.54746
jla_mock     0.22068   40.46674    0.19429   40.27546
jla_mock     0.27447   40.95665    0.19147   40.81196
jla_mock     0.17656   39.82628    0.15540   39.73604
jla_mock     0.31088   41.23599    0.22016   41.12250
jla_mock     0.18435   39.88481    0.17308   39.83976
jla_mock     0.15935   39.51513    0.14827   39.49093
jla_mock     0.21976   40.52523    0.16605   40.26527
jla_mock     0.25205   40.86732    0.18410   40.60127
jla_mock     0.18122   39.69556    0.14940   39.79858
jla_mock     0.17373   39.50032    0.13336   39.69730
jla_mock     0.38047   41.98452    0.24246   41.63265
jla_mock     0.17865   39.89176    0.17172   39.76428
jla_mock     0.24568   40.57733    0.18910   40.53826
jla_mock     0.20910   40.28280    0.16102   40.14428
jla_mock     0.24947   40.76148    0.20971   40.57593
jla_mock     0.13392   39.12239    0.16606   39.07929
jla_mock     0.17706   39.80210    0.16040   39.74282
jla_mock     0.28111   40.71126    0.18775   40.87131
jla_mock     0.17383   39.86558    0.15187   39.69868
jla_mock     0.19654   40.07100    0.16513   39.99418
jla_mock     0.36397   41.54267    0.22725   41.51999
jla_mock     0.37835   41.62484    0.26733   41.61843
jla_mock     0.31646   41.24391    0.21039   41.16711
jla_mock     0.18322   40.07172    0.13519   39.82497
jla_mock     0.24102   40.76561    0.16774   40.49121
jla_mock     0.20203   40.33551    0.19953   40.06085
jla_mock     0.16869   39.74721    0.16512   39.62684
jla_mock     0.19794   40.09925    0.17492   40.01135
jla_mock     0.12276   38.83371    0.14575   38.87499
jla_mock     0.20318   39.91272    0.16105   40.07461
jla_mock     0.12739   39.11121    0.14896   38.96178
jla_mock     0.27549   40.83341    0.19973   40.82116
jla_mock     0.14468   39.29045    0.14722   39.26169
jla_mock     0.33436   41.66343    0.24978   41.30545
jla_mock     0.19580   40.20906    0.15393   39.98507
jla_mock     0.19392   40.19404    0.16375   39.96176
jla_mock     0.24973   40.34371    0.18581   40.57850
jla_mock     0.14860   39.33135    0.14880   39.32499
jla_mock     0.15596   39.46772    0.14872   39.43976
jla_mock     0.09582   38.30595    0.15035   38.29889
jla_mock     0.15065   39.60046    0.15873   39.35748
jla_mock     0.30933   41.37644    0.24716   41.10998
jla_mock     0.24857   40.71234    0.17340   40.56704
jla_mock     0.36554   41.78899    0.24312   41.53091
jla_mock     0.11771   39.11022    0.12848   38.77674
jla_mock     0.19176   39.81087    0.14428   39.93472
jla_mock     0.18255   39.72333    0.16171   39.81616
jla_mock     0.23472   40.41046    0.18445   40.42624
jla_mock     0.24647   40.24550    0.19928   40.54616
jla_mock     0.28845   41.04386    0.18873   40.93544
jla_mock     0.20960   40.07688    0.19927   40.15008
jla_mock     0.19198   39.81502    0.17965   39.93748
jla_mock     0.11402   38.59571    0.12215   38.70241
jla_mock     0.11389   39.08515    0.18397   38.69975
jla_mock     0.19880   40.13663    0.20967   40.02183
jla_mock     0.22058   40.52081    0.22796   40.27436
jla_mock     0.18257   40.00591    0.16454   39.81642
jla_mock     0.15895   39.78342    0.16373   39.48495
jla_mock     0.07849   37.89055    0.14912   37.84038
jla_mock     0.13864   38.84032    0.13217   39.16093
jla_mock     0.18079   40.23623    0.15446   39.79287
jla_mock     0.17757   39.92698    0.18629   39.74972
jla_mock     0.17066   39.39507    0.16102   39.65461
jla_mock     0.23381   40.70665    0.20859   40.41672
jla_mock     0.07153   37.62246    0.17411   37.62842
jla_mock     0.15463   39.14112    0.18792   39.41940
jla_mock     0.09010   38.23119    0.15951   38.15695
jla_mock     0.17658   39.89587    0.20449   39.73631
jla_mock     0.13045   38.90123    0.16441   39.01753
jla_mock     0.18204   39.77548    0.17167   39.80943
jla_mock     0.25617   40.93807    0.17261   40.64125
jla_mock     0.13811   39.38381    0.14854   39.15189
jla_mock     0.17070   39.79475    0.16750   39.65518
jla_mock     0.21674   40.34563    0.14793   40.23156
jla_mock     0.24555   40.54446    0.17888   40.53696
jla_mock     0.14382   39.44082    0.16710   39.24758
jla_mock     0.24862   40.86356    0.18856   40.56753
jla_mock     0.14533   39.31652    0.17139   39.27229
jla_mock     0.13588   39.16838    0.12760   39.11351
jla_mock     0.05874   37.19103    0.12754   37.18137
jla_mock     0.03652   36.04912    0.15192   36.11500
jla_mock     0.27749   41.33722    0.22703   40.83912
jla_mock     0.20515   39.70742    0.29701   40.09800
jla_mock     0.28051   41.05870    0.20079   40.86600
jla_mock     0.19867   39.88692    0.16216   40.02025
jla_mock     0.15999   39.52338    0.15164   39.50048
jla_mock     0.21075   40.38698    0.18113   40.16338
jla_mock     0.07195   37.76226    0.17246   37.64176
jla_mock     0.23782   40.47487    0.19074   40.45841
jla_mock     0.14139   39.14981    0.17359   39.20730
jla_mock     0.15506   39.34756    0.15761   39.42600
jla_mock     0.37013   41.51912    0.22887   41.56259
jla_mock     0.09391   38.48217    0.17056   38.25241
jla_mock     0.11863   39.00380    0.17058   38.79493
jla_mock     0.15363   39.47755    0.15381   39.40398
jla_mock     0.25356   40.69238    0.16810   40.61600
jla_mock     0.10725   38.52249    0.14420   38.55994
jla_mock     0.12961   38.81469    0.15302   39.00235
jla_mock     0.26665   41.10388    0.19376   40.74033
jla_mock     0.21226   40.23164    0.16263   40.18073
jla_mock     0.27822   40.88940    0.18167   40.84564
jla_mock     0.24540   40.37474    0.16812   40.53546
jla_mock     0.13362   39.07367    0.15059   39.07401
jla_mock     0.17656   39.65840    0.16208   39.73604
jla_mock     0.11368   38.68134    0.14584   38.69545
jla_mock     0.32038   41.45233    0.26368   41.19801
jla_mock     0.11271   38.55344    0.12253   38.67548
jla_mock     0.10602   38.69063    0.14473   38.53314
jla_mock     0.39135   42.01500    0.26610   41.70449
jla_mock     0.15575   39.50037    0.14612   39.43656
jla_mock     0.18667   40.05326    0.16762   39.86986
jla_mock     0.19671   40.18836    0.16670   39.99627
jla_mock     0.19191   40.02234    0.17339   39.93660
jla_mock     0.19084   39.94534    0.15088   39.92311
jla_mock     0.17625   39.76800    0.15361   39.73182
jla_mock     0.12837   39.19285    0.15036   38.97977
jla_mock     0.12262   38.94696    0.14734   38.87232
jla_mock     0.12715   38.87519    0.14706   38.95736
jla_mock     0.21323   40.43444    0.17621   40.19182
jla_mock     0.21861   40.36538    0.18110   40.25249
jla_mock     0.26856   40.88228    0.19152   40.75800
jla_mock     0.20466   40.38034    0.16519   40.09220
jla_mock     0.26710   40.91071    0.17378   40.74451
jla_mock     0.21757   40.34041    0.17265   40.24087
jla_mock     0.24185   40.72933    0.17151   40.49965
jla_mock     0.29350   41.44565    0.20072   40.97870
jla_mock     0.35346   41.43468    0.23114   41.44575
jla_mock     0.18563   39.83649    0.15495   39.85641
jla_mock     0.28543   40.92538    0.19928   40.90924
jla_mock     0.19494   40.15423    0.16836   39.97443
jla_mock     0.07592   37.94108    0.14500   37.76429
jla_mock     0.16357   39.56143    0.15778   39.55323
jla_mock     0.25721   40.55878    0.20821   40.65125
jla_mock     0.21955   40.34698    0.18725   40.26294
jla_mock     0.17558   39.97391    0.15163   39.72269
jla_mock     0.22667   40.12921    0.18608   40.34084
jla_mock     0.15322   39.38186    0.15082   39.39764
jla_mock     0.21025   40.24158    0.19550   40.15761
jla_mock     0.12164   38.93083    0.12361   38.85353
jla_mock     0.29135   40.82460    0.19905   40.96037
jla_mock     0.29448   41.18871    0.27860   40.98701
jla_mock     0.16455   39.61365    0.12599   39.56749
jla_mock     0.30702   41.06463    0.20907   41.09122
jla_mock     0.19863   40.02722    0.16158   40.01976
jla_mock     0.26821   40.84050    0.21540   40.75477
jla_mock     0.40128   41.76175    0.24823   41.76846
jla_mock     0.13668   38.99423    0.15334   39.12735
jla_mock     0.29542   40.77962    0.24720   40.99496
jla_mock     0.29192   41.02213    0.19220   40.96524
jla_mock     0.09007   38.34587    0.12097   38.15619
jla_mock     0.20557   40.25457    0.18293   40.10296
jla_mock     0.14582   39.53235    0.14935   39.28026
jla_mock     0.11767   38.87543    0.14487   38.77595
jla_mock     0.05499   37.06044    0.14998   37.03240
jla_mock     0.17420   39.69201    0.15143   39.70378
jla_mock     0.24495   40.54064    0.18021   40.53095
jla_mock     0.22452   40.61715    0.18250   40.31756
jla_mock     0.24558   40.30897    0.16228   40.53726
jla_mock     0.28351   40.93337    0.21250   40.89245
jla_mock     0.18056   39.69009    0.17619   39.78982
jla_mock     0.10391   38.39238    0.12352   38.48649
jla_mock     0.12961   38.76046    0.15327   39.00235
jla_mock     0.24352   40.52056    0.16046   40.51656
jla_mock     0.33136   40.85514    0.26935   41.28275
jla_mock     0.24348   40.68893    0.19048   40.51615
jla_mock     0.31468   41.09613    0.17578   41.15296
jla_mock     0.21865   40.57402    0.18935   40.25293
jla_mock     0.26014   40.75836    0.21926   40.67922
jla_mock     0.28243   41.12990    0.19831   40.88296
jla_mock     0.30041   41.08047    0.20582   41.03679
jla_mock     0.15186   39.44946    0.14864   39.37647
jla_mock     0.26357   40.85882    0.18937   40.71159
jla_mock     0.21382   40.45262    0.20621   40.19854
jla_mock     0.16284   39.80401    0.16762   39.54256
jla_mock     0.12440   39.18218    0.17141   38.90608
jla_mock     0.19465   40.06176    0.13939   39.97083
jla_mock     0.20554   39.93341    0.18299   40.10260
jla_mock     0.10667   38.50275    0.14589   38.54734
jla_mock     0.18772   39.64043    0.18725   39.88338
jla_mock     0.16387   39.46003    0.15682   39.55760
jla_mock     0.29021   41.27943    0.19470   40.95060
jla_mock     0.09401   38.30845    0.12498   38.25487
jla_mock     0.22786   40.75863    0.18010   40.35364
jla_mock     0.10751   38.62102    0.14765   38.56556
jla_mock     0.31065   40.96375    0.22259   41.12065
jla_mock     0.14564   39.32266    0.15576   39.27734
jla_mock     0.08784   38.01733    0.12610   38.09850
jla_mock     0.14839   39.32860    0.15573   39.32164
jla_mock     0.28662   40.96327    0.19366   40.91960
jla_mock     0.12281   38.93726    0.13329   38.87594
jla_mock     0.18655   39.97382    0.20280   39.86832
jla_mock     0.12893   39.14258    0.15504   38.99000
jla_mock     0.19422   40.38743    0.16864   39.96549
jla_mock     0.14800   39.31136    0.14676   39.31541
jla_mock     0.21179   40.40691    0.22866   40.17534
jla_mock     0.17962   39.89224    0.17351   39.77728
jla_mock     0.26349   40.89598    0.18130   40.71084
jla_mock     0.19215   40.06113    0.15957   39.93962
jla_mock     0.33880   41.77674    0.22988   41.33871
jla_mock     0.11741   38.92386    0.14767   38.77078
jla_mock     0.14310   39.11291    0.16842   39.23571
jla_mock     0.16035   39.44494    0.13218   39.50583
jla_mock     0.28872   40.56294    0.21130   40.93777
jla_mock     0.12303   38.97526    0.15465   38.88013
jla_mock     0.26405   40.90463    0.18534   40.71609
jla_mock     0.12608   38.93880    0.17183   38.93753
jla_mock     0.17374   39.80351    0.14981   39.69744
jla_mock     0.16440   39.47190    0.14973   39.56531
jla_mock     0.24961   40.65472    0.16242   40.57731
jla_mock     0.15999   39.48504    0.15137   39.50048
jla_mock     0.24448   40.49833    0.15150   40.52623
jla_mock     0.24851   40.89964    0.17708   40.56644
jla_mock     0.22893   40.28833    0.16848   40.36509
jla_mock     0.08528   38.12867    0.14385   38.03054
jla_mock     0.06282   37.29717    0.14855   37.33331
jla_mock     0.27745   40.42714    0.23370   40.83876
jla_mock     0.27544   40.88302    0.21508   40.82071
jla_mock     0.33051   41.15291    0.21088   41.27628
jla_mock     0.36193   41.80195    0.24565   41.50573
jla_mock     0.33103   41.05634    0.21801   41.28024
jla_mock     0.16050   39.54952    0.12715   39.50806
jla_mock     0.30021   41.39939    0.20430   41.03513
jla_mock     0.11635   38.93574    0.12231   38.74960
jla_mock     0.21829   40.07482    0.16062   40.24892
jla_mock     0.11967   38.79100    0.12046   38.81533
jla_mock     0.15473   39.30853    0.12395   39.42094
jla_mock     0.17810   39.73331    0.16563   39.75688
jla_mock     0.25037   40.73885    0.16561   40.58480
jla_mock     0.25174   40.91299    0.14466   40.59824
jla_mock     0.12953   39.12441    0.14519   39.00090
jla_mock     0.30929   40.92810    0.18811   41.10966
jla_mock     0.27852   41.03118    0.17882   40.84832
jla_mock     0.18581   39.50631    0.13606   39.85875
jla_mock     0.06651   37.64419    0.17228   37.46289
jla_mock     0.25800   40.77021    0.18757   40.65882
jla_mock     0.29888   41.03003    0.21609   41.02403
jla_mock     0.27044   40.55212    0.22437   40.77528
jla_mock     0.27916   40.98481    0.17184   40.85402
jla_mock     0.29287   40.82573    0.21554   40.97334
jla_mock     0.18965   40.11868    0.15711   39.90803
jla_mock     0.26576   40.95838    0.19291   40.73206
jla_mock     0.12376   38.95568    0.14509   38.89399
jla_mock     0.18255   39.95086    0.14972   39.81616
jla_mock     0.05634   37.47259    0.14895   37.08713
jla_mock     0.31288   41.17359    0.18264   41.13858
jla_mock     0.30915   41.26182    0.22329   41.10853
jla_mock     0.20061   40.14030    0.15588   40.04377
jla_mock     0.32640   41.23491    0.20549   41.24480
jla_mock     0.21163   40.24511    0.13899   40.17351
jla_mock     0.17969   40.00022    0.15636   39.77821
jla_mock     0.30240   41.34083    0.19662   41.05329
jla_mock     0.10924   38.82104    0.14870   38.60268
jla_mock     0.08522   38.31864    0.15002   38.02892
jla_mock     0.20231   39.80378    0.16132   40.06421
jla_mock     0.12649   39.19357    0.15585   38.94515
jla_mock     0.21457   40.15421    0.16813   40.20706
jla_mock     0.32045   41.15774    0.19169   41.19856
jla_mock     0.21835   40.34860    0.17273   40.24959
jla_mock     0.19010   40.05952    0.15982   39.91374
jla_mock     0.09243   38.49199    0.15614   38.21577
jla_mock     0.37986   41.93766    0.18489   41.62856
jla_mock     0.21134   40.06870    0.16608   40.17017
jla_mock     0.25833   41.07055    0.18012   40.66198
jla_mock     0.18327   40.01619    0.16856   39.82563
jla_mock     0.21295   40.01574    0.17785   40.18862
jla_mock     0.11651   38.78287    0.15544   38.75281
jla_mock     0.14401   39.23339    0.17186   39.25071
jla_mock     0.25249   40.62395    0.18600   40.60557
jla_mock     0.25539   40.72729    0.21320   40.63373
jla_mock     0.21698   40.47034    0.18861   40.23425
jla_mock     1.26590   44.97164    0.22380   44.79699
jla_mock     0.93577   44.03622    0.22959   43.98915
jla_mock     0.04952   36.81633    0.20229   36.79644
jla_mock     0.03033   36.04850    0.18208   35.70157
jla_mock     0.07458   37.86043    0.21873   37.72360
jla_mock     0.02520   35.48821    0.22034   35.29123
jla_mock     0.01441   34.05284    0.20528   34.06048
jla_mock     0.02079   34.93518    0.19750   34.86681
jla_mock     0.03522   36.14006    0.20378   36.03412
jla_mock     0.04166   36.92620    0.21523   36.40883
jla_mock     0.04240   36.37358    0.20619   36.44838
jla_mock     0.01890   35.19570    0.18362   34.65682
jla_mock     0.07884   38.06032    0.21534   37.85056
jla_mock     0.06334   37.30109    0.20759   37.35224
jla_mock     0.02764   35.79801    0.23142   35.49574
jla_mock     0.04933   37.06715    0.21068   36.78762
jla_mock     0.07015   37.82465    0.22041   37.58415
jla_mock     0.02391   35.09932    0.18368   35.17514
jla_mock     0.05313   37.29698    0.22336   36.95466
jla_mock     0.02495   35.42608    0.18978   35.26944
jla_mock     0.01566   34.02465    0.20165   34.24356
jla_mock     0.04898   36.99862    0.15986   36.77203
jla_mock     0.02240   35.01597    0.18928   35.03106
jla_mock     0.03485   36.24922    0.23666   36.01099
jla_mock     0.01697   34.74205    0.20291   34.41905
jla_mock     0.03072   35.92608    0.18172   35.73037
jla_mock     0.03048   35.47270    0.18204   35.71303
jla_mock     0.01055   33.49994    0.21945   33.37697
jla_mock     0.01426   34.41587    0.17171   34.03675
jla_mock     0.02769   35.65225    0.18125   35.49983
jla_mock     0.05386   36.94059    0.15904   36.98558
jla_mock     0.01767   34.57238    0.19251   34.50873
jla_mock     0.01745   34.33397    0.17037   34.48092
jla_mock     0.01557   34.34360    0.20220   34.23076
jla_mock     0.01006   33.25375    0.23113   33.27290
jla_mock     0.05493   37.20605    0.18431   37.02998
jla_mock     0.03908   36.31098    0.16317   36.26630
jla_mock     0.07832   37.72405    0.18392   37.83534
jla_mock     0.03176   35.81615    0.15356   35.80452
jla_mock     0.01444   33.96920    0.22581   34.06489
jla_mock     0.01353   34.00554    0.22079   33.92255
jla_mock     0.02668   35.43170    0.19350   35.41745
jla_mock     0.02336   34.89869    0.17881   35.12382
jla_mock     0.03693   36.10237    0.19002   36.14013
jla_mock     0.02355   35.57749    0.17820   35.14190
jla_mock     0.01748   34.60489    0.19212   34.48507
jla_mock     0.04026   36.57596    0.17448   36.33252
jla_mock     0.03038   35.70317    0.20408   35.70566
jla_mock     0.01550   34.21109    0.20028   34.22101
jla_mock     0.01415   34.04266    0.18788   34.02052
jla_mock     0.01549   34.30925    0.18431   34.21860
jla_mock     0.01555   34.35852    0.19852   34.22808
jla_mock     0.03707   36.18954    0.15485   36.14862
jla_mock     0.01548   34.29655    0.20250   34.21789
jla_mock     0.01332   34.24755    0.18644   33.88842
jla_mock     0.01457   34.39450    0.20791   34.08532
jla_mock     0.01579   34.06392    0.19847   34.26130
jla_mock     0.02475   35.54476    0.17955   35.25120
jla_mock     0.02775   35.97450    0.17503   35.50463
jla_mock     0.01089   33.70058    0.25478   33.44601
jla_mock     0.01365   34.12327    0.18671   33.94176
jla_mock     0.03576   35.98333    0.16296   36.06783
jla_mock     0.02473   35.40153    0.17711   35.24932
jla_mock     0.03809   36.51481    0.17052   36.20863
jla_mock     0.02154   34.73035    0.17712   34.94487
jla_mock     0.01958   34.85071    0.17899   34.73456
jla_mock     0.03042   35.82580    0.17572   35.70822
jla_mock     0.03922   36.37884    0.17021   36.27406
jla_mock     0.03497   35.81999    0.15988   36.01845
jla_mock     0.02856   35.63073    0.17650   35.56863
jla_mock     0.02100   35.05046    0.18823   34.88845
jla_mock     0.03254   35.71310    0.18232   35.85802
jla_mock     0.01547   34.14059    0.19319   34.21604
jla_mock     0.01568   34.43809    0.20748   34.24552
jla_mock     0.02750   35.72963    0.15599   35.48465
jla_mock     0.04686   36.74209    0.17135   36.67229
jla_mock     0.03317   36.16389    0.18296   35.90099
jla_mock     0.01029   33.68186    0.23550   33.32258
jla_mock     0.08010   37.77302    0.17116   37.88694
jla_mock     0.01232   33.88887    0.20021   33.71613
jla_mock     0.02459   35.06305    0.20631   35.23686
jla_mock     0.01447   34.31063    0.20828   34.06899
jla_mock     0.01515   34.20284    0.18400   34.17085
jla_mock     0.02909   36.00576    0.17337   35.60902
jla_mock     0.03478   36.03561    0.17929   36.00632
jla_mock     0.04492   36.57207    0.14071   36.57766
jla_mock     0.03407   36.30922    0.16958   35.96061
jla_mock     0.07487   37.69408    0.14386   37.73249
jla_mock     0.01496   34.30564    0.19783   34.14256
jla_mock     0.02040   34.74937    0.17104   34.82442
jla_mock     0.04069   36.40637    0.17468   36.35626
jla_mock     0.02657   35.38725    0.18033   35.40830
jla_mock     0.02688   35.51184    0.15331   35.43431
jla_mock     0.02347   35.27418    0.17598   35.13429
jla_mock     0.06912   37.64117    0.19118   37.55045
jla_mock     0.06519   37.61365    0.15880   37.41747
jla_mock     0.02298   35.14368    0.17791   35.08760
jla_mock     0.01739   34.46006    0.19829   34.47296
jla_mock     0.03148   35.87065    0.15109   35.78492
jla_mock     0.01118   33.31016    0.19448   33.50474
jla_mock     0.02196   35.13922    0.17567   34.98697
jla_mock     0.03148   35.84204    0.15081   35.78485
jla_mock     0.02332   35.23432    0.20285   35.12013
jla_mock     0.02039   34.88629    0.18301   34.82377
jla_mock     0.02247   35.16417    0.18141   35.03765
jla_mock     0.03361   36.06894    0.18044   35.93037
jla_mock     0.03697   36.40796    0.17917   36.14224
jla_mock     0.02263   35.07495    0.18007   35.05361
jla_mock     0.01470   34.42623    0.18462   34.10407
jla_mock     0.03695   36.05508    0.14876   36.14109
jla_mock     0.06096   37.40928    0.12531   37.26526
jla_mock     0.05929   37.38401    0.12136   37.20241
jla_mock     0.06975   37.70351    0.15874   37.57107
jla_mock     0.02953   35.79800    0.17470   35.64232
jla_mock     0.03325   35.91145    0.17565   35.90649
jla_mock     0.02416   35.23856    0.18124   35.19813
jla_mock     0.01600   34.59295    0.19156   34.29005
jla_mock     0.06296   37.38217    0.16531   37.33846
jla_mock     0.02171   35.21789    0.19186   34.96170
jla_mock     0.03164   35.68351    0.18944   35.79569
jla_mock     0.01860   34.58018    0.17305   34.62124
jla_mock     0.02706   35.47190    0.17333   35.44934
jla_mock     0.02547   35.58744    0.18470   35.31480
jla_mock     0.02381   35.20394    0.19337   35.16597
jla_mock     0.02387   35.25616    0.18298   35.17126
jla_mock     0.02207   34.99734    0.16678   34.99820
