jla_mock     0.50308   42.06168    0.14571   42.35104
jla_mock     0.58072   42.85812    0.16123   42.72544
jla_mock     0.49479   42.44634    0.12071   42.30792
jla_mock     0.34593   41.35618    0.13253   41.39128
jla_mock     0.67766   43.37372    0.22872   43.13160
jla_mock     0.61071   42.99283    0.22549   42.85755
jla_mock     0.86649   44.21253    0.25803   43.78400
jla_mock     0.33093   41.27463    0.12801   41.27950
jla_mock     0.79857   43.91517    0.25920   43.56670
jla_mock     0.44956   41.64958    0.16140   42.06004
jla_mock     0.37144   41.51163    0.14922   41.57158
jla_mock     0.29172   40.86864    0.14231   40.96351
jla_mock     0.35582   41.40292    0.14101   41.46259
jla_mock     0.46127   42.13676    0.15587   42.12638
jla_mock     0.28361   40.80990    0.13056   40.89333
jla_mock     0.63223   43.10967    0.22183   42.94863
jla_mock     0.46641   42.00291    0.17244   42.15500
jla_mock     0.26862   40.71037    0.12820   40.75859
jla_mock     0.94689   43.96186    0.29225   44.02068
jla_mock     0.92492   43.74968    0.31213   43.95801
jla_mock     0.69317   42.59584    0.29243   43.19137
jla_mock     0.62523   42.37291    0.19089   42.91933
jla_mock     0.89694   43.81901    0.26745   43.87607
jla_mock     0.60826   42.69455    0.15987   42.84699
jla_mock     0.78905   43.65067    0.26933   43.53485
jla_mock     0.57829   42.65727    0.14638   42.71445
jla_mock     0.59028   42.76335    0.18967   42.76823
jla_mock     0.71963   43.49892    0.25305   43.29050
jla_mock     0.21003   40.09696    0.13132   40.15509
jla_mock     0.76659   43.29841    0.22577   43.45813
jla_mock     0.85851   43.83609    0.22290   43.75934
jla_mock     0.36790   41.45509    0.09931   41.54727
jla_mock     0.55875   42.54025    0.15678   42.62447
jla_mock     0.84851   44.22172    0.21739   43.72812
jla_mock     0.99639   44.17198    0.24266   44.15679
jla_mock     0.77659   43.67373    0.26449   43.49256
jla_mock     0.58293   42.76200    0.13307   42.73539
jla_mock     0.58374   42.60794    0.16753   42.73903
jla_mock     0.79655   43.52151    0.22888   43.55998
jla_mock     0.58872   42.58737    0.15579   42.76129
jla_mock     0.91347   43.60144    0.24294   43.92478
jla_mock     0.76859   43.35424    0.23905   43.46504
jla_mock     0.94846   43.96398    0.26528   44.02509
jla_mock     0.51379   42.51901    0.15288   42.40578
jla_mock     0.73361   42.99929    0.19294   43.34148
jla_mock     0.63770   42.74621    0.27011   42.97130
jla_mock     0.76559   43.39564    0.21114   43.45466
jla_mock     0.43486   41.86681    0.15773   41.97447
jla_mock     0.98341   44.07539    0.25880   44.12175
jla_mock     0.58374   42.60946    0.16233   42.73903
jla_mock     0.70063   43.35612    0.21687   43.21970
jla_mock     0.66206   42.93871    0.21295   43.07010
jla_mock     0.83813   43.44124    0.28077   43.69533
jla_mock     0.62187   42.84993    0.17547   42.90516
jla_mock     0.37059   41.61214    0.14292   41.56572
jla_mock     0.41663   41.94276    0.13815   41.86455
jla_mock     0.35857   41.34514    0.10704   41.48209
jla_mock     0.45168   41.98857    0.15279   42.07216
jla_mock     0.52276   42.52961    0.16113   42.45081
jla_mock     0.73400   43.32273    0.30409   43.34288
jla_mock     0.70196   43.13957    0.31177   43.22473
jla_mock     0.74201   42.95645    0.29013   43.37166
jla_mock     0.74612   43.17541    0.21822   43.38631
jla_mock     0.34956   41.48749    0.13473   41.41768
jla_mock     0.59183   42.62601    0.15357   42.77513
jla_mock     0.51475   42.26330    0.15561   42.41060
jla_mock     0.62063   42.71252    0.18447   42.89990
jla_mock     0.64365   43.05244    0.24392   42.99574
jla_mock     1.00280   43.74045    0.33217   44.17391
jla_mock     0.47059   42.25490    0.14421   42.17801
jla_mock     0.61064   42.86908    0.15878   42.85725
jla_mock     0.26349   40.72848    0.12805   40.71081
jla_mock     0.35834   41.22976    0.12919   41.48044
jla_mock     0.74270   43.42155    0.25909   43.37412
jla_mock     0.45156   42.01380    0.11539   42.07145
jla_mock     0.91075   43.43078    0.26165   43.91682
jla_mock     0.55261   42.63999    0.15821   42.59559
jla_mock     0.33753   41.24057    0.12813   41.32927
jla_mock     0.75068   43.42374    0.24281   43.40248
jla_mock     0.98378   43.49583    0.34665   44.12275
jla_mock     0.82270   43.20835    0.22176   43.64588
jla_mock     0.81370   43.47295    0.24257   43.61661
jla_mock     0.95076   43.89540    0.26473   44.03158
jla_mock     0.81773   43.34459    0.24643   43.62977
jla_mock     0.34052   41.19550    0.12574   41.35149
jla_mock     0.96075   43.87562    0.28766   44.05949
jla_mock     0.81072   43.25212    0.27276   43.60686
jla_mock     0.75669   43.19285    0.24755   43.42362
jla_mock     0.61125   42.71962    0.18573   42.85987
jla_mock     0.87797   43.81814    0.22379   43.81907
jla_mock     0.54832   42.70170    0.14258   42.57529
jla_mock     0.80903   43.48294    0.23222   43.60132
jla_mock     1.02880   44.13988    0.28337   44.24234
jla_mock     0.62724   42.96143    0.17555   42.92776
jla_mock     0.42245   41.89261    0.15607   41.90012
jla_mock     0.93390   44.38636    0.35000   43.98380
jla_mock     0.70116   43.12987    0.22741   43.22169
jla_mock     0.69716   42.98398    0.20952   43.20658
jla_mock     0.68518   43.05775    0.27044   43.16074
jla_mock     0.76707   43.65992    0.25234   43.45981
jla_mock     0.93190   43.96859    0.25137   43.97808
jla_mock     0.86398   43.63512    0.24510   43.77625
jla_mock     0.74910   43.15131    0.22590   43.39689
jla_mock     0.51435   42.19087    0.15357   42.40861
jla_mock     0.46841   42.35835    0.11440   42.16601
jla_mock     0.47040   42.10935    0.15655   42.17698
jla_mock     0.95887   44.05428    0.27681   44.05426
jla_mock     0.92791   44.09332    0.29724   43.96663
jla_mock     0.84052   43.65449    0.21913   43.70293
jla_mock     0.63070   43.07740    0.17083   42.94224
jla_mock     0.56275   42.44812    0.14441   42.64315
jla_mock     0.61570   42.90918    0.16969   42.87892
jla_mock     0.82853   43.36746    0.22446   43.66467
jla_mock     0.56474   42.48595    0.16043   42.65238
jla_mock     0.57874   42.53982    0.14758   42.71650
jla_mock     0.55774   42.48819    0.15832   42.61978
jla_mock     0.86450   43.70014    0.22870   43.77785
jla_mock     0.73561   42.90447    0.23469   43.34870
jla_mock     0.85851   43.90527    0.28337   43.75932
jla_mock     0.26198   40.59509    0.10443   40.69667
jla_mock     0.58574   42.52632    0.18661   42.74800
jla_mock     0.76158   43.06220    0.21599   43.44073
jla_mock     0.48880   42.28442    0.11155   42.27631
jla_mock     0.85852   43.88787    0.27431   43.75935
jla_mock     0.68866   43.19590    0.18053   43.17412
jla_mock     0.55874   42.48208    0.15492   42.62446
jla_mock     0.32453   41.17905    0.12602   41.23036
jla_mock     0.48070   42.17487    0.10839   42.23305
jla_mock     0.18537   39.65807    0.13096   39.85305
jla_mock     0.92222   43.41394    0.33855   43.95022
jla_mock     0.68194   43.44400    0.19640   43.14823
jla_mock     0.47571   42.06927    0.10811   42.20600
jla_mock     0.92221   44.04953    0.27644   43.95018
jla_mock     0.89318   43.53206    0.25783   43.86487
jla_mock     0.42865   41.80318    0.14144   41.93748
jla_mock     0.63188   43.10682    0.23474   42.94717
jla_mock     0.69996   43.14910    0.25835   43.21717
jla_mock     0.73601   43.13707    0.26469   43.35013
jla_mock     0.57582   42.54588    0.15954   42.70324
jla_mock     0.41863   41.79980    0.10652   41.87683
jla_mock     0.51175   42.27062    0.12001   42.39540
jla_mock     0.53577   42.40997    0.12653   42.51485
jla_mock     0.64189   42.96567    0.21547   42.98856
jla_mock     0.73500   43.34835    0.22720   43.34649
jla_mock     0.35156   41.30621    0.13079   41.43211
jla_mock     0.60986   42.56175    0.17401   42.85388
jla_mock     0.34956   41.54734    0.13437   41.41766
jla_mock     0.70197   43.17017    0.18820   43.22475
jla_mock     0.35526   41.28826    0.10428   41.45861
jla_mock     0.98328   44.59913    0.25757   44.12140
jla_mock     0.87215   43.81508    0.26598   43.80134
jla_mock     0.75903   42.69810    0.20819   43.43183
jla_mock     0.92622   43.72551    0.24599   43.96176
jla_mock     0.64364   43.02442    0.22846   42.99573
jla_mock     0.41957   41.72255    0.13773   41.88255
jla_mock     0.51559   42.43423    0.20314   42.41484
jla_mock     0.89073   43.92387    0.21058   43.85753
jla_mock     0.80570   43.63807    0.22987   43.59033
jla_mock     0.48057   42.27803    0.10875   42.23231
jla_mock     0.80070   43.50353    0.24546   43.57378
jla_mock     0.58060   42.33994    0.18881   42.72490
jla_mock     0.71565   42.70297    0.24397   43.27584
jla_mock     0.80570   43.52879    0.23277   43.59033
jla_mock     0.76668   43.27595    0.25284   43.45846
jla_mock     0.66464   42.99060    0.19579   43.08037
jla_mock     0.90174   43.51829    0.25191   43.89028
jla_mock     0.74567   43.17996    0.21143   43.38470
jla_mock     0.71868   43.28335    0.20380   43.28702
jla_mock     0.73669   43.12852    0.19636   43.35259
jla_mock     0.57960   42.68049    0.12085   42.72037
jla_mock     0.37053   41.49081    0.10257   41.56534
jla_mock     0.96074   43.92129    0.23956   44.05946
jla_mock     0.85073   43.39064    0.21180   43.73508
jla_mock     0.64864   42.76027    0.19255   43.01611
jla_mock     0.21946   40.05841    0.13037   40.26197
jla_mock     0.93676   43.74535    0.24130   43.99195
jla_mock     0.64764   43.10671    0.17876   43.01204
jla_mock     0.46156   42.25379    0.13341   42.12800
jla_mock     0.60060   42.42169    0.17945   42.81372
jla_mock     0.67065   42.94519    0.23101   43.10415
jla_mock     0.76070   43.35670    0.20946   43.43765
jla_mock     0.24649   40.39553    0.13212   40.54638
jla_mock     0.47057   42.12986    0.14759   42.17794
jla_mock     0.16945   39.47207    0.11210   39.63766
jla_mock     0.49738   42.26382    0.12913   42.32144
jla_mock     0.63823   43.03984    0.19689   42.97350
jla_mock     0.50737   42.46510    0.14543   42.37308
jla_mock     0.53533   42.50042    0.14230   42.51269
jla_mock     0.58728   42.42602    0.16639   42.75489
jla_mock     0.77308   43.40132    0.25621   43.48052
jla_mock     0.69917   43.31017    0.22210   43.21417
jla_mock     0.37051   41.42011    0.12736   41.56520
jla_mock     0.76109   43.35350    0.22809   43.43902
jla_mock     0.69917   43.30521    0.21960   43.21418
jla_mock     0.78806   43.40118    0.19242   43.53150
jla_mock     0.37351   41.33090    0.13203   41.58571
jla_mock     0.40548   41.68575    0.13199   41.79507
jla_mock     0.85299   43.60923    0.25729   43.74216
jla_mock     0.80805   43.19845    0.24185   43.59808
jla_mock     0.60327   42.62555    0.18398   42.82536
jla_mock     0.58329   42.58984    0.17903   42.73700
jla_mock     0.53434   42.46165    0.14774   42.50785
jla_mock     0.72014   42.78681    0.24070   43.29239
jla_mock     0.40048   41.50477    0.21061   41.76340
jla_mock     0.83700   43.47532    0.21503   43.69176
jla_mock     0.37151   41.56049    0.10193   41.57203
jla_mock     0.80604   43.53105    0.25908   43.59147
jla_mock     0.84001   43.48512    0.23507   43.70129
jla_mock     0.50073   42.23315    0.12981   42.33885
jla_mock     0.53277   42.37940    0.17422   42.50018
jla_mock     0.53377   42.47686    0.18215   42.50508
jla_mock     0.93223   44.29424    0.34153   43.97902
jla_mock     0.82210   43.66787    0.25791   43.64395
jla_mock     0.55380   42.60865    0.13545   42.60122
jla_mock     0.12530   38.87237    0.13709   38.92294
jla_mock     0.84212   43.92761    0.28303   43.70800
jla_mock     0.44367   41.96955    0.15187   42.02605
jla_mock     0.72767   43.77688    0.24978   43.31996
jla_mock     0.68366   42.83205    0.41253   43.15487
jla_mock     0.44255   41.99766    0.13368   42.01954
jla_mock     0.72668   43.25763    0.20022   43.31634
jla_mock     0.28251   40.87375    0.12748   40.88366
jla_mock     0.40455   41.73851    0.12965   41.78921
jla_mock     0.51961   42.28250    0.13964   42.43507
jla_mock     0.69065   43.62758    0.23215   43.18177
jla_mock     1.06080   44.08217    0.27869   44.32423
jla_mock     0.57661   42.66644    0.15376   42.70683
jla_mock     0.26849   40.64529    0.12614   40.75735
jla_mock     0.72068   43.03792    0.25107   43.29438
jla_mock     0.25050   40.50486    0.13111   40.58606
jla_mock     0.76069   43.57816    0.27664   43.43763
jla_mock     0.69817   43.43777    0.26129   43.21038
jla_mock     0.55031   42.29211    0.16854   42.58475
jla_mock     0.73013   43.42969    0.23525   43.32888
jla_mock     0.84798   43.94214    0.24703   43.72647
jla_mock     0.99783   44.31839    0.24706   44.16064
jla_mock     0.43545   41.74089    0.13052   41.97792
jla_mock     0.40947   41.65066    0.12922   41.82014
jla_mock     0.30159   41.09202    0.12599   41.04659
jla_mock     1.29911   44.87162    0.19341   44.86622
jla_mock     1.02081   44.20424    0.23668   44.22149
jla_mock     0.83973   43.90603    0.19265   43.70043
jla_mock     1.12085   44.24624    0.20807   44.47149
jla_mock     1.23089   44.26916    0.23900   44.72199
jla_mock     0.97423   44.21851    0.18427   44.09670
jla_mock     0.97078   44.20150    0.33863   44.08723
jla_mock     0.06423   37.18362    0.15073   37.38367
jla_mock     0.12903   38.74312    0.16417   38.99182
jla_mock     0.10289   38.30018    0.14984   38.46361
jla_mock     0.04413   36.42697    0.17360   36.53791
jla_mock     0.11304   38.59614    0.15277   38.68229
jla_mock     0.25611   40.73855    0.20496   40.64067
jla_mock     0.38026   41.26598    0.28703   41.63124
jla_mock     0.14547   39.05008    0.16219   39.27457
jla_mock     0.08889   38.17048    0.14637   38.12583
jla_mock     0.26059   40.83251    0.18294   40.68349
jla_mock     0.07891   37.89836    0.15603   37.85259
jla_mock     0.08304   38.04130    0.15332   37.96945
jla_mock     0.16565   39.66088    0.13854   39.58339
jla_mock     0.16817   39.57636    0.16196   39.61946
jla_mock     0.17063   39.68062    0.16521   39.65419
jla_mock     0.17028   39.56562    0.17036   39.64928
jla_mock     0.12044   38.64588    0.15110   38.83033
jla_mock     0.27653   40.97273    0.21444   40.83051
jla_mock     0.23160   40.37733    0.18253   40.39347
jla_mock     0.30569   41.06773    0.26735   41.08035
jla_mock     0.07997   37.81849    0.16566   37.88313
jla_mock     0.17415   39.45204    0.15831   39.70309
jla_mock     0.13868   38.62553    0.16605   39.16161
jla_mock     0.14607   38.97042    0.16392   39.28432
jla_mock     0.08133   38.01230    0.14393   37.92176
jla_mock     0.23380   40.11534    0.17178   40.41662
jla_mock     0.25655   40.62613    0.17733   40.64491
jla_mock     0.24562   40.28823    0.20041   40.53766
jla_mock     0.12593   38.71373    0.19133   38.93474
jla_mock     0.22351   40.27478    0.21583   40.30655
jla_mock     0.10264   38.53562    0.14664   38.45798
jla_mock     0.11967   38.78485    0.14567   38.81533
jla_mock     0.18055   39.56756    0.16851   39.78968
jla_mock     0.19709   40.24940    0.17390   40.00094
jla_mock     0.22916   40.41128    0.19939   40.36755
jla_mock     0.26451   40.76568    0.19876   40.72040
jla_mock     0.10337   38.37764    0.12264   38.47441
jla_mock     0.36441   41.88570    0.23043   41.52305
jla_mock     0.20560   39.92041    0.15584   40.10331
jla_mock     0.17981   40.12402    0.19620   39.77982
jla_mock     0.19959   39.73338    0.18224   40.03143
jla_mock     0.15653   39.17509    0.15013   39.44844
jla_mock     0.16180   39.59600    0.14761   39.52729
jla_mock     0.20953   39.92163    0.20608   40.14927
jla_mock     0.24179   40.11605    0.19813   40.49904
jla_mock     0.23646   40.44592    0.16266   40.44434
jla_mock     0.22668   40.36036    0.21051   40.34095
jla_mock     0.29678   40.86877    0.19716   41.00643
jla_mock     0.20852   40.07699    0.16317   40.13754
jla_mock     0.25104   40.30467    0.22086   40.59138
jla_mock     0.25012   40.43256    0.17967   40.58234
jla_mock     0.11771   38.60383    0.14551   38.77674
jla_mock     0.21971   40.42026    0.16999   40.26472
jla_mock     0.14901   39.21500    0.14890   39.33153
jla_mock     0.28742   40.94061    0.18840   40.92654
jla_mock     0.14360   39.04692    0.16640   39.24396
jla_mock     0.32837   41.46674    0.19601   41.25993
jla_mock     0.24625   40.26294    0.16507   40.54396
jla_mock     0.11966   38.67626    0.15027   38.81514
jla_mock     0.32838   41.55235    0.27642   41.26001
jla_mock     0.21513   40.05014    0.18367   40.21341
jla_mock     0.14478   39.06689    0.13617   39.26332
jla_mock     0.13243   38.93555    0.12839   39.05296
jla_mock     0.21082   40.27284    0.16235   40.16418
jla_mock     0.20399   39.91785    0.15781   40.08425
jla_mock     0.27952   40.65019    0.16701   40.85722
jla_mock     0.04428   36.30254    0.15510   36.54551
jla_mock     0.18037   39.66024    0.15078   39.78729
jla_mock     0.26070   40.54860    0.18972   40.68453
jla_mock     0.05654   36.77226    0.18697   37.09513
jla_mock     0.21260   40.21068    0.19195   40.18462
jla_mock     0.36941   41.57976    0.23700   41.55764
jla_mock     0.17386   39.77833    0.13052   39.69910
jla_mock     0.14265   38.99693    0.16863   39.22827
jla_mock     0.17789   39.70010    0.17323   39.75404
jla_mock     0.32837   41.11400    0.20656   41.25993
jla_mock     0.25351   40.18403    0.19561   40.61551
jla_mock     0.30001   41.08241    0.19320   41.03346
jla_mock     0.10589   38.55318    0.14608   38.53030
jla_mock     0.22328   39.95437    0.16844   40.30404
jla_mock     0.11845   38.72962    0.12252   38.79138
jla_mock     0.17653   39.59048    0.17119   39.73563
jla_mock     0.18280   39.91863    0.18907   39.81945
jla_mock     0.29762   41.10622    0.22708   41.01348
jla_mock     0.19699   39.76780    0.16337   39.99971
jla_mock     0.15295   39.35069    0.14755   39.39345
jla_mock     0.24850   40.38774    0.17448   40.56634
jla_mock     0.13818   39.02511    0.12409   39.15309
jla_mock     0.20704   40.23928    0.17045   40.12025
jla_mock     0.21468   40.46011    0.18060   40.20831
jla_mock     0.30632   40.82256    0.21503   41.08550
jla_mock     0.24695   40.48645    0.17120   40.55095
jla_mock     0.19801   40.19890    0.14490   40.01220
jla_mock     0.22256   40.13679    0.15195   40.29616
jla_mock     0.13508   38.95658    0.15131   39.09960
jla_mock     0.21054   40.34137    0.18261   40.16096
jla_mock     0.27258   40.54371    0.16911   40.79482
jla_mock     0.24660   40.61256    0.16169   40.54746
jla_mock     0.22068   40.08719    0.19429   40.27546
jla_mock     0.27447   40.82101    0.19147   40.81196
jla_mock     0.17656   39.80677    0.15540   39.73604
jla_mock     0.31088   41.17131    0.22016   41.12250
jla_mock     0.18435   39.65588    0.17308   39.83976
jla_mock     0.15935   39.47737    0.14827   39.49093
jla_mock     0.21976   40.16800    0.16605   40.26527
jla_mock     0.25205   40.39512    0.18410   40.60127
jla_mock     0.18122   39.61417    0.14940   39.79858
jla_mock     0.17373   39.79414    0.13336   39.69730
jla_mock     0.38047   41.93324    0.24246   41.63265
jla_mock     0.17865   39.72108    0.17172   39.76428
jla_mock     0.24568   40.39856    0.18910   40.53826
jla_mock     0.20910   40.33894    0.16102   40.14428
jla_mock     0.24947   40.51612    0.20971   40.57593
jla_mock     0.13392   39.12041    0.16606   39.07929
jla_mock     0.17706   39.64124    0.16040   39.74282
jla_mock     0.28111   40.82981    0.18775   40.87131
jla_mock     0.17383   39.77276    0.15187   39.69868
jla_mock     0.19654   40.07867    0.16513   39.99418
jla_mock     0.36397   41.30989    0.22725   41.51999
jla_mock     0.37835   41.60588    0.26733   41.61843
jla_mock     0.31646   40.82611    0.21039   41.16711
jla_mock     0.18322   39.93558    0.13519   39.82497
jla_mock     0.24102   40.24496    0.16774   40.49121
jla_mock     0.20203   39.74013    0.19953   40.06085
jla_mock     0.16869   39.70102    0.16512   39.62684
jla_mock     0.19794   39.61281    0.17492   40.01135
jla_mock     0.12276   38.80422    0.14575   38.87499
jla_mock     0.20318   40.15677    0.16105   40.07461
jla_mock     0.12739   39.01092    0.14896   38.96178
jla_mock     0.27549   41.04403    0.19973   40.82116
jla_mock     0.14468   39.38029    0.14722   39.26169
jla_mock     0.33436   41.59144    0.24978   41.30545
jla_mock     0.19580   39.75385    0.15393   39.98507
jla_mock     0.19392   39.73599    0.16375   39.96176
jla_mock     0.24973   40.30475    0.18581   40.57850
jla_mock     0.14860   39.20814    0.14880   39.32499
jla_mock     0.15596   39.54894    0.14872   39.43976
jla_mock     0.09582   38.31298    0.15035   38.29889
jla_mock     0.15065   39.37882    0.15873   39.35748
jla_mock     0.30933   41.13619    0.24716   41.10998
jla_mock     0.24857   40.70375    0.17340   40.56704
jla_mock     0.36554   41.57792    0.24312   41.53091
jla_mock     0.11771   39.01447    0.12848   38.77674
jla_mock     0.19176   39.87448    0.14428   39.93472
jla_mock     0.18255   39.72848    0.16171   39.81616
jla_mock     0.23472   40.28896    0.18445   40.42624
jla_mock     0.24647   40.43457    0.19928   40.54616
jla_mock     0.28845   40.74909    0.18873   40.93544
jla_mock     0.20960   39.97120    0.19927   40.15008
jla_mock     0.19198   39.91651    0.17965   39.93748
jla_mock     0.11402   38.66482    0.12215   38.70241
jla_mock     0.11389   38.42175    0.18397   38.69975
jla_mock     0.19880   39.94033    0.20967   40.02183
jla_mock     0.22058   40.43951    0.22796   40.27436
jla_mock     0.18257   39.75964    0.16454   39.81642
jla_mock     0.15895   39.40639    0.16373   39.48495
jla_mock     0.07849   37.68170    0.14912   37.84038
jla_mock     0.13864   39.37026    0.13217   39.16093
jla_mock     0.18079   39.59792    0.15446   39.79287
jla_mock     0.17757   39.86133    0.18629   39.74972
jla_mock     0.17066   39.55181    0.16102   39.65461
jla_mock     0.23381   40.56460    0.20859   40.41672
jla_mock     0.07153   37.67627    0.17411   37.62842
jla_mock     0.15463   39.22826    0.18792   39.41940
jla_mock     0.09010   38.16167    0.15951   38.15695
jla_mock     0.17658   39.85330    0.20449   39.73631
jla_mock     0.13045   38.98063    0.16441   39.01753
jla_mock     0.18204   39.79155    0.17167   39.80943
jla_mock     0.25617   40.66204    0.17261   40.64125
jla_mock     0.13811   39.10936    0.14854   39.15189
jla_mock     0.17070   39.37691    0.16750   39.65518
jla_mock     0.21674   40.22903    0.14793   40.23156
jla_mock     0.24555   40.49440    0.17888   40.53696
jla_mock     0.14382   39.20095    0.16710   39.24758
jla_mock     0.24862   40.42964    0.18856   40.56753
jla_mock     0.14533   39.27700    0.17139   39.27229
jla_mock     0.13588   39.09615    0.12760   39.11351
jla_mock     0.05874   37.19081    0.12754   37.18137
jla_mock     0.03652   36.11563    0.15192   36.11500
jla_mock     0.27749   41.04174    0.22703   40.83912
jla_mock     0.20515   40.44176    0.29701   40.09800
jla_mock     0.28051   40.66811    0.20079   40.86600
jla_mock     0.19867   40.13956    0.16216   40.02025
jla_mock     0.15999   39.37061    0.15164   39.50048
jla_mock     0.21075   40.16817    0.18113   40.16338
jla_mock     0.07195   37.54401    0.17246   37.64176
jla_mock     0.23782   40.61644    0.19074   40.45841
jla_mock     0.14139   39.08254    0.17359   39.20730
jla_mock     0.15506   39.41416    0.15761   39.42600
jla_mock     0.37013   41.29550    0.22887   41.56259
jla_mock     0.09391   38.46476    0.17056   38.25241
jla_mock     0.11863   38.85612    0.17058   38.79493
jla_mock     0.15363   39.24703    0.15381   39.40398
jla_mock     0.25356   40.60607    0.16810   40.61600
jla_mock     0.10725   38.79011    0.14420   38.55994
jla_mock     0.12961   38.83906    0.15302   39.00235
jla_mock     0.26665   40.64313    0.19376   40.74033
jla_mock     0.21226   40.05122    0.16263   40.18073
jla_mock     0.27822   40.78163    0.18167   40.84564
jla_mock     0.24540   40.52765    0.16812   40.53546
jla_mock     0.13362   38.93179    0.15059   39.07401
jla_mock     0.17656   39.68081    0.16208   39.73604
jla_mock     0.11368   38.66302    0.14584   38.69545
jla_mock     0.32038   41.24663    0.26368   41.19801
jla_mock     0.11271   38.50814    0.12253   38.67548
jla_mock     0.10602   38.53447    0.14473   38.53314
jla_mock     0.39135   41.76279    0.26610   41.70449
jla_mock     0.15575   39.30013    0.14612   39.43656
jla_mock     0.18667   39.69738    0.16762   39.86986
jla_mock     0.19671   39.85514    0.16670   39.99627
jla_mock     0.19191   39.59742    0.17339   39.93660
jla_mock     0.19084   39.80990    0.15088   39.92311
jla_mock     0.17625   39.93136    0.15361   39.73182
jla_mock     0.12837   39.14423    0.15036   38.97977
jla_mock     0.12262   38.69518    0.14734   38.87232
jla_mock     0.12715   38.97281    0.14706   38.95736
jla_mock     0.21323   40.27758    0.17621   40.19182
jla_mock     0.21861   40.41623    0.18110   40.25249
jla_mock     0.26856   40.87974    0.19152   40.75800
jla_mock     0.20466   39.90247    0.16519   40.09220
jla_mock     0.26710   40.38879    0.17378   40.74451
jla_mock     0.21757   40.20658    0.17265   40.24087
jla_mock     0.24185   40.60025    0.17151   40.49965
jla_mock     0.29350   40.69019    0.20072   40.97870
jla_mock     0.35346   41.41709    0.23114   41.44575
jla_mock     0.18563   39.81576    0.15495   39.85641
jla_mock     0.28543   41.01693    0.19928   40.90924
jla_mock     0.19494   39.83587    0.16836   39.97443
jla_mock     0.07592   37.61994    0.14500   37.76429
jla_mock     0.16357   39.42342    0.15778   39.55323
jla_mock     0.25721   40.64189    0.20821   40.65125
jla_mock     0.21955   40.06292    0.18725   40.26294
jla_mock     0.17558   39.66355    0.15163   39.72269
jla_mock     0.22667   40.22007    0.18608   40.34084
jla_mock     0.15322   39.15562    0.15082   39.39764
jla_mock     0.21025   40.13216    0.19550   40.15761
jla_mock     0.12164   38.88949    0.12361   38.85353
jla_mock     0.29135   41.03021    0.19905   40.96037
jla_mock     0.29448   40.91687    0.27860   40.98701
jla_mock     0.16455   39.49551    0.12599   39.56749
jla_mock     0.30702   40.92431    0.20907   41.09122
jla_mock     0.19863   40.01723    0.16158   40.01976
jla_mock     0.26821   40.74895    0.21540   40.75477
jla_mock     0.40128   41.29950    0.24823   41.76846
jla_mock     0.13668   39.18674    0.15334   39.12735
jla_mock     0.29542   40.40685    0.24720   40.99496
jla_mock     0.29192   40.88964    0.19220   40.96524
jla_mock     0.09007   38.20474    0.12097   38.15619
jla_mock     0.20557   40.05103    0.18293   40.10296
jla_mock     0.14582   39.13062    0.14935   39.28026
jla_mock     0.11767   38.58450    0.14487   38.77595
jla_mock     0.05499   37.03313    0.14998   37.03240
jla_mock     0.17420   39.64545    0.15143   39.70378
jla_mock     0.24495   40.72933    0.18021   40.53095
jla_mock     0.22452   40.39577    0.18250   40.31756
jla_mock     0.24558   40.55998    0.16228   40.53726
jla_mock     0.28351   40.64192    0.21250   40.89245
jla_mock     0.18056   39.77024    0.17619   39.78982
jla_mock     0.10391   38.57415    0.12352   38.48649
jla_mock     0.12961   39.00978    0.15327   39.00235
jla_mock     0.24352   40.48932    0.16046   40.51656
jla_mock     0.33136   41.20651    0.26935   41.28275
jla_mock     0.24348   40.52183    0.19048   40.51615
jla_mock     0.31468   41.04475    0.17578   41.15296
jla_mock     0.21865   40.04614    0.18935   40.25293
jla_mock     0.26014   40.61157    0.21926   40.67922
jla_mock     0.28243   40.60828    0.19831   40.88296
jla_mock     0.30041   40.88776    0.20582   41.03679
jla_mock     0.15186   39.20707    0.14864   39.37647
jla_mock     0.26357   40.54928    0.18937   40.71159
jla_mock     0.21382   40.20665    0.20621   40.19854
jla_mock     0.16284   39.37491    0.16762   39.54256
jla_mock     0.12440   38.71126    0.17141   38.90608
jla_mock     0.19465   40.13098    0.13939   39.97083
jla_mock     0.20554   39.96346    0.18299   40.10260
jla_mock     0.10667   38.45351    0.14589   38.54734
jla_mock     0.18772   39.56734    0.18725   39.88338
jla_mock     0.16387   39.44303    0.15682   39.55760
jla_mock     0.29021   40.95263    0.19470   40.95060
jla_mock     0.09401   38.14209    0.12498   38.25487
jla_mock     0.22786   40.04749    0.18010   40.35364
jla_mock     0.10751   38.26112    0.14765   38.56556
jla_mock     0.31065   41.11658    0.22259   41.12065
jla_mock     0.14564   38.97142    0.15576   39.27734
jla_mock     0.08784   38.06801    0.12610   38.09850
jla_mock     0.14839   39.10099    0.15573   39.32164
jla_mock     0.28662   40.72646    0.19366   40.91960
jla_mock     0.12281   38.93041    0.13329   38.87594
jla_mock     0.18655   39.87175    0.20280   39.86832
jla_mock     0.12893   38.94731    0.15504   38.99000
jla_mock     0.19422   39.75933    0.16864   39.96549
jla_mock     0.14800   39.38668    0.14676   39.31541
jla_mock     0.21179   40.19385    0.22866   40.17534
jla_mock     0.17962   39.54984    0.17351   39.77728
jla_mock     0.26349   40.58021    0.18130   40.71084
jla_mock     0.19215   39.94944    0.15957   39.93962
jla_mock     0.33880   41.31628    0.22988   41.33871
jla_mock     0.11741   38.80399    0.14767   38.77078
jla_mock     0.14310   39.22167    0.16842   39.23571
jla_mock     0.16035   39.50399    0.13218   39.50583
jla_mock     0.28872   40.93402    0.21130   40.93777
jla_mock     0.12303   38.80063    0.15465   38.88013
jla_mock     0.26405   40.90730    0.18534   40.71609
jla_mock     0.12608   38.55640    0.17183   38.93753
jla_mock     0.17374   39.38875    0.14981   39.69744
jla_mock     0.16440   39.63417    0.14973   39.56531
jla_mock     0.24961   40.42533    0.16242   40.57731
jla_mock     0.15999   39.43760    0.15137   39.50048
jla_mock     0.24448   40.65409    0.15150   40.52623
jla_mock     0.24851   40.57397    0.17708   40.56644
jla_mock     0.22893   40.22515    0.16848   40.36509
jla_mock     0.08528   37.81115    0.14385   38.03054
jla_mock     0.06282   37.32304    0.14855   37.33331
jla_mock     0.27745   40.78170    0.23370   40.83876
jla_mock     0.27544   40.33421    0.21508   40.82071
jla_mock     0.33051   41.11063    0.21088   41.27628
jla_mock     0.36193   41.73526    0.24565   41.50573
jla_mock     0.33103   41.13593    0.21801   41.28024
jla_mock     0.16050   39.58496    0.12715   39.50806
jla_mock     0.30021   40.95117    0.20430   41.03513
jla_mock     0.11635   38.84417    0.12231   38.74960
jla_mock     0.21829   40.32174    0.16062   40.24892
jla_mock     0.11967   38.56022    0.12046   38.81533
jla_mock     0.15473   39.15996    0.12395   39.42094
jla_mock     0.17810   39.61723    0.16563   39.75688
jla_mock     0.25037   40.53506    0.16561   40.58480
jla_mock     0.25174   40.47153    0.14466   40.59824
jla_mock     0.12953   38.81439    0.14519   39.00090
jla_mock     0.30929   40.87994    0.18811   41.10966
jla_mock     0.27852   40.74586    0.17882   40.84832
jla_mock     0.18581   39.86479    0.13606   39.85875
jla_mock     0.06651   37.20434    0.17228   37.46289
jla_mock     0.25800   40.77143    0.18757   40.65882
jla_mock     0.29888   40.73129    0.21609   41.02403
jla_mock     0.27044   40.03494    0.22437   40.77528
jla_mock     0.27916   40.86113    0.17184   40.85402
jla_mock     0.29287   41.12427    0.21554   40.97334
jla_mock     0.18965   39.77664    0.15711   39.90803
jla_mock     0.26576   40.82488    0.19291   40.73206
jla_mock     0.12376   38.76999    0.14509   38.89399
jla_mock     0.18255   39.78592    0.14972   39.81616
jla_mock     0.05634   36.83612    0.14895   37.08713
jla_mock     0.31288   41.06409    0.18264   41.13858
jla_mock     0.30915   40.88492    0.22329   41.10853
jla_mock     0.20061   39.77682    0.15588   40.04377
jla_mock     0.32640   41.20403    0.20549   41.24480
jla_mock     0.21163   39.99212    0.13899   40.17351
jla_mock     0.17969   39.72067    0.15636   39.77821
jla_mock     0.30240   41.09508    0.19662   41.05329
jla_mock     0.10924   38.54601    0.14870   38.60268
jla_mock     0.08522   37.76405    0.15002   38.02892
jla_mock     0.20231   40.12206    0.16132   40.06421
jla_mock     0.12649   39.08240    0.15585   38.94515
jla_mock     0.21457   39.95477    0.16813   40.20706
jla_mock     0.32045   41.26051    0.19169   41.19856
jla_mock     0.21835   40.21711    0.17273   40.24959
jla_mock     0.19010   40.02329    0.15982   39.91374
jla_mock     0.09243   38.05248    0.15614   38.21577
jla_mock     0.37986   41.38468    0.18489   41.62856
jla_mock     0.21134   40.27062    0.16608   40.17017
jla_mock     0.25833   40.39740    0.18012   40.66198
jla_mock     0.18327   39.65781    0.16856   39.82563
jla_mock     0.21295   39.99144    0.17785   40.18862
jla_mock     0.11651   38.86473    0.15544   38.75281
jla_mock     0.14401   39.17332    0.17186   39.25071
jla_mock     0.25249   40.37707    0.18600   40.60557
jla_mock     0.25539   40.46480    0.21320   40.63373
jla_mock     0.21698   39.97364    0.18861   40.23425
jla_mock     1.26590   44.66452    0.22380   44.79699
jla_mock     0.93577   44.14746    0.22959   43.98915
jla_mock     0.04952   36.96250    0.20229   36.79644
jla_mock     0.03033   35.61505    0.18208   35.70157
jla_mock     0.07458   37.55562    0.21873   37.72360
jla_mock     0.02520   35.02645    0.22034   35.29123
jla_mock     0.01441   34.06686    0.20528   34.06048
jla_mock     0.02079   34.85837    0.19750   34.86681
jla_mock     0.03522   36.12390    0.20378   36.03412
jla_mock     0.04166   36.72822    0.21523   36.40883
jla_mock     0.04240   36.87760    0.20619   36.44838
jla_mock     0.01890   34.73918    0.18362   34.65682
jla_mock     0.07884   38.04810    0.21534   37.85056
jla_mock     0.06334   37.26700    0.20759   37.35224
jla_mock     0.02764   35.08011    0.23142   35.49574
jla_mock     0.04933   36.94389    0.21068   36.78762
jla_mock     0.07015   37.00997    0.22041   37.58415
jla_mock     0.02391   35.07316    0.18368   35.17514
jla_mock     0.05313   36.98873    0.22336   36.95466
jla_mock     0.02495   35.49168    0.18978   35.26944
jla_mock     0.01566   34.27146    0.20165   34.24356
jla_mock     0.04898   36.95305    0.15986   36.77203
jla_mock     0.02240   35.16683    0.18928   35.03106
jla_mock     0.03485   35.45908    0.23666   36.01099
jla_mock     0.01697   34.53985    0.20291   34.41905
jla_mock     0.03072   35.35474    0.18172   35.73037
jla_mock     0.03048   35.75274    0.18204   35.71303
jla_mock     0.01055   33.24360    0.21945   33.37697
jla_mock     0.01426   33.99941    0.17171   34.03675
jla_mock     0.02769   35.32259    0.18125   35.49983
jla_mock     0.05386   36.98586    0.15904   36.98558
jla_mock     0.01767   34.39288    0.19251   34.50873
jla_mock     0.01745   34.26858    0.17037   34.48092
jla_mock     0.01557   34.21822    0.20220   34.23076
jla_mock     0.01006   33.35224    0.23113   33.27290
jla_mock     0.05493   37.14093    0.18431   37.02998
jla_mock     0.03908   36.20523    0.16317   36.26630
jla_mock     0.07832   37.86162    0.18392   37.83534
jla_mock     0.03176   35.80254    0.15356   35.80452
jla_mock     0.01444   34.02332    0.22581   34.06489
jla_mock     0.01353   33.99614    0.22079   33.92255
jla_mock     0.02668   35.11905    0.19350   35.41745
jla_mock     0.02336   35.05077    0.17881   35.12382
jla_mock     0.03693   36.29978    0.19002   36.14013
jla_mock     0.02355   34.92875    0.17820   35.14190
jla_mock     0.01748   34.35417    0.19212   34.48507
jla_mock     0.04026   36.55013    0.17448   36.33252
jla_mock     0.03038   35.63358    0.20408   35.70566
jla_mock     0.01550   33.98788    0.20028   34.22101
jla_mock     0.01415   33.97243    0.18788   34.02052
jla_mock     0.01549   33.98095    0.18431   34.21860
jla_mock     0.01555   33.96235    0.19852   34.22808
jla_mock     0.03707   36.39465    0.15485   36.14862
jla_mock     0.01548   34.13057    0.20250   34.21789
jla_mock     0.01332   33.69591    0.18644   33.88842
jla_mock     0.01457   33.79381    0.20791   34.08532
jla_mock     0.01579   34.24528    0.19847   34.26130
jla_mock     0.02475   35.21981    0.17955   35.25120
jla_mock     0.02775   35.50530    0.17503   35.50463
jla_mock     0.01089   34.11966    0.25478   33.44601
jla_mock     0.01365   34.25535    0.18671   33.94176
jla_mock     0.03576   36.22540    0.16296   36.06783
jla_mock     0.02473   35.10459    0.17711   35.24932
jla_mock     0.03809   36.16928    0.17052   36.20863
jla_mock     0.02154   35.06369    0.17712   34.94487
jla_mock     0.01958   34.47872    0.17899   34.73456
jla_mock     0.03042   35.50425    0.17572   35.70822
jla_mock     0.03922   36.28269    0.17021   36.27406
jla_mock     0.03497   35.95645    0.15988   36.01845
jla_mock     0.02856   35.29064    0.17650   35.56863
jla_mock     0.02100   34.98797    0.18823   34.88845
jla_mock     0.03254   35.73035    0.18232   35.85802
jla_mock     0.01547   34.21102    0.19319   34.21604
jla_mock     0.01568   34.14118    0.20748   34.24552
jla_mock     0.02750   35.62687    0.15599   35.48465
jla_mock     0.04686   36.82826    0.17135   36.67229
jla_mock     0.03317   36.25156    0.18296   35.90099
jla_mock     0.01029   33.00893    0.23550   33.32258
jla_mock     0.08010   37.57795    0.17116   37.88694
jla_mock     0.01232   33.72490    0.20021   33.71613
jla_mock     0.02459   35.15980    0.20631   35.23686
jla_mock     0.01447   34.15430    0.20828   34.06899
jla_mock     0.01515   34.24403    0.18400   34.17085
jla_mock     0.02909   35.55231    0.17337   35.60902
jla_mock     0.03478   35.81041    0.17929   36.00632
jla_mock     0.04492   36.54162    0.14071   36.57766
jla_mock     0.03407   35.87722    0.16958   35.96061
jla_mock     0.07487   37.67227    0.14386   37.73249
jla_mock     0.01496   34.08280    0.19783   34.14256
jla_mock     0.02040   34.90157    0.17104   34.82442
jla_mock     0.04069   36.37476    0.17468   36.35626
jla_mock     0.02657   35.35179    0.18033   35.40830
jla_mock     0.02688   35.35453    0.15331   35.43431
jla_mock     0.02347   34.68872    0.17598   35.13429
jla_mock     0.06912   37.45648    0.19118   37.55045
jla_mock     0.06519   37.68065    0.15880   37.41747
jla_mock     0.02298   35.31266    0.17791   35.08760
jla_mock     0.01739   34.36358    0.19829   34.47296
jla_mock     0.03148   35.68020    0.15109   35.78492
jla_mock     0.01118   33.44332    0.19448   33.50474
jla_mock     0.02196   34.73376    0.17567   34.98697
jla_mock     0.03148   36.11149    0.15081   35.78485
jla_mock     0.02332   34.94253    0.20285   35.12013
jla_mock     0.02039   34.68136    0.18301   34.82377
jla_mock     0.02247   35.13393    0.18141   35.03765
jla_mock     0.03361   35.94090    0.18044   35.93037
jla_mock     0.03697   36.22709    0.17917   36.14224
jla_mock     0.02263   35.14010    0.18007   35.05361
jla_mock     0.01470   34.16944    0.18462   34.10407
jla_mock     0.03695   36.25605    0.14876   36.14109
jla_mock     0.06096   37.25950    0.12531   37.26526
jla_mock     0.05929   37.36950    0.12136   37.20241
jla_mock     0.06975   37.61081    0.15874   37.57107
jla_mock     0.02953   35.74085    0.17470   35.64232
jla_mock     0.03325   35.88658    0.17565   35.90649
jla_mock     0.02416   34.88890    0.18124   35.19813
jla_mock     0.01600   34.14775    0.19156   34.29005
jla_mock     0.06296   37.33453    0.16531   37.33846
jla_mock     0.02171   34.93814    0.19186   34.96170
jla_mock     0.03164   36.07783    0.18944   35.79569
jla_mock     0.01860   34.80162    0.17305   34.62124
jla_mock     0.02706   35.70646    0.17333   35.44934
jla_mock     0.02547   35.65233    0.18470   35.31480
jla_mock     0.02381   35.43938    0.19337   35.16597
jla_mock     0.02387   35.11141    0.18298   35.17126
jla_mock     0.02207   34.81154    0.16678   34.99820
