jla_mock     0.50308   42.43521    0.14571   42.35104
jla_mock     0.58072   42.60412    0.16123   42.72544
jla_mock     0.49479   42.47876    0.12071   42.30792
jla_mock     0.34593   41.33786    0.13253   41.39128
jla_mock     0.67766   42.84113    0.22872   43.13160
jla_mock     0.61071   42.56843    0.22549   42.85755
jla_mock     0.86649   43.82244    0.25803   43.78400
jla_mock     0.33093   41.42203    0.12801   41.27950
jla_mock     0.79857   43.60734    0.25920   43.56670
jla_mock     0.44956   42.27309    0.16140   42.06004
jla_mock     0.37144   41.60936    0.14922   41.57158
jla_mock     0.29172   41.24374    0.14231   40.96351
jla_mock     0.35582   41.45380    0.14101   41.46259
jla_mock     0.46127   42.07623    0.15587   42.12638
jla_mock     0.28361   40.94842    0.13056   40.89333
jla_mock     0.63223   42.84056    0.22183   42.94863
jla_mock     0.46641   42.08041    0.17244   42.15500
jla_mock     0.26862   40.92825    0.12820   40.75859
jla_mock     0.94689   44.14586    0.29225   44.02068
jla_mock     0.92492   44.05817    0.31213   43.95801
jla_mock     0.69317   43.29028    0.29243   43.19137
jla_mock     0.62523   42.67148    0.19089   42.91933
jla_mock     0.89694   43.83708    0.26745   43.87607
jla_mock     0.60826   43.11108    0.15987   42.84699
jla_mock     0.78905   43.23375    0.26933   43.53485
jla_mock     0.57829   42.68166    0.14638   42.71445
jla_mock     0.59028   42.65868    0.18967   42.76823
jla_mock     0.71963   43.20092    0.25305   43.29050
jla_mock     0.21003   40.05617    0.13132   40.15509
jla_mock     0.76659   43.42040    0.22577   43.45813
jla_mock     0.85851   43.73116    0.22290   43.75934
jla_mock     0.36790   41.78568    0.09931   41.54727
jla_mock     0.55875   42.76847    0.15678   42.62447
jla_mock     0.84851   43.87400    0.21739   43.72812
jla_mock     0.99639   44.27888    0.24266   44.15679
jla_mock     0.77659   43.45283    0.26449   43.49256
jla_mock     0.58293   42.65447    0.13307   42.73539
jla_mock     0.58374   42.62572    0.16753   42.73903
jla_mock     0.79655   43.66844    0.22888   43.55998
jla_mock     0.58872   43.03142    0.15579   42.76129
jla_mock     0.91347   43.61603    0.24294   43.92478
jla_mock     0.76859   43.38280    0.23905   43.46504
jla_mock     0.94846   44.36124    0.26528   44.02509
jla_mock     0.51379   42.39528    0.15288   42.40578
jla_mock     0.73361   43.27704    0.19294   43.34148
jla_mock     0.63770   42.63766    0.27011   42.97130
jla_mock     0.76559   43.18623    0.21114   43.45466
jla_mock     0.43486   41.95803    0.15773   41.97447
jla_mock     0.98341   43.93050    0.25880   44.12175
jla_mock     0.58374   42.40972    0.16233   42.73903
jla_mock     0.70063   43.31052    0.21687   43.21970
jla_mock     0.66206   43.42101    0.21295   43.07010
jla_mock     0.83813   43.32218    0.28077   43.69533
jla_mock     0.62187   42.67158    0.17547   42.90516
jla_mock     0.37059   41.65514    0.14292   41.56572
jla_mock     0.41663   41.79575    0.13815   41.86455
jla_mock     0.35857   41.56212    0.10704   41.48209
jla_mock     0.45168   42.00506    0.15279   42.07216
jla_mock     0.52276   42.26503    0.16113   42.45081
jla_mock     0.73400   43.10888    0.30409   43.34288
jla_mock     0.70196   43.45224    0.31177   43.22473
jla_mock     0.74201   43.57144    0.29013   43.37166
jla_mock     0.74612   43.65945    0.21822   43.38631
jla_mock     0.34956   41.43304    0.13473   41.41768
jla_mock     0.59183   42.75379    0.15357   42.77513
jla_mock     0.51475   42.55169    0.15561   42.41060
jla_mock     0.62063   42.80338    0.18447   42.89990
jla_mock     0.64365   42.82832    0.24392   42.99574
jla_mock     1.00280   43.88988    0.33217   44.17391
jla_mock     0.47059   42.13739    0.14421   42.17801
jla_mock     0.61064   42.96383    0.15878   42.85725
jla_mock     0.26349   40.83788    0.12805   40.71081
jla_mock     0.35834   41.61294    0.12919   41.48044
jla_mock     0.74270   43.56872    0.25909   43.37412
jla_mock     0.45156   42.11099    0.11539   42.07145
jla_mock     0.91075   43.82907    0.26165   43.91682
jla_mock     0.55261   42.63522    0.15821   42.59559
jla_mock     0.33753   41.29215    0.12813   41.32927
jla_mock     0.75068   43.51673    0.24281   43.40248
jla_mock     0.98378   44.74137    0.34665   44.12275
jla_mock     0.82270   43.17929    0.22176   43.64588
jla_mock     0.81370   43.77613    0.24257   43.61661
jla_mock     0.95076   44.10528    0.26473   44.03158
jla_mock     0.81773   44.01370    0.24643   43.62977
jla_mock     0.34052   41.53313    0.12574   41.35149
jla_mock     0.96075   44.27530    0.28766   44.05949
jla_mock     0.81072   43.11414    0.27276   43.60686
jla_mock     0.75669   43.37706    0.24755   43.42362
jla_mock     0.61125   42.60745    0.18573   42.85987
jla_mock     0.87797   43.61781    0.22379   43.81907
jla_mock     0.54832   42.58583    0.14258   42.57529
jla_mock     0.80903   43.48105    0.23222   43.60132
jla_mock     1.02880   44.60413    0.28337   44.24234
jla_mock     0.62724   42.81202    0.17555   42.92776
jla_mock     0.42245   41.95957    0.15607   41.90012
jla_mock     0.93390   44.48234    0.35000   43.98380
jla_mock     0.70116   43.20009    0.22741   43.22169
jla_mock     0.69716   42.98378    0.20952   43.20658
jla_mock     0.68518   43.12399    0.27044   43.16074
jla_mock     0.76707   43.83664    0.25234   43.45981
jla_mock     0.93190   44.15189    0.25137   43.97808
jla_mock     0.86398   43.67317    0.24510   43.77625
jla_mock     0.74910   43.42498    0.22590   43.39689
jla_mock     0.51435   42.62918    0.15357   42.40861
jla_mock     0.46841   42.17802    0.11440   42.16601
jla_mock     0.47040   42.18111    0.15655   42.17698
jla_mock     0.95887   44.27851    0.27681   44.05426
jla_mock     0.92791   43.82697    0.29724   43.96663
jla_mock     0.84052   43.53367    0.21913   43.70293
jla_mock     0.63070   42.68278    0.17083   42.94224
jla_mock     0.56275   42.81354    0.14441   42.64315
jla_mock     0.61570   42.52495    0.16969   42.87892
jla_mock     0.82853   43.67020    0.22446   43.66467
jla_mock     0.56474   42.62412    0.16043   42.65238
jla_mock     0.57874   42.70126    0.14758   42.71650
jla_mock     0.55774   42.57126    0.15832   42.61978
jla_mock     0.86450   42.91021    0.22870   43.77785
jla_mock     0.73561   43.31968    0.23469   43.34870
jla_mock     0.85851   43.73857    0.28337   43.75932
jla_mock     0.26198   40.84314    0.10443   40.69667
jla_mock     0.58574   42.47737    0.18661   42.74800
jla_mock     0.76158   43.52993    0.21599   43.44073
jla_mock     0.48880   42.36588    0.11155   42.27631
jla_mock     0.85852   43.76002    0.27431   43.75935
jla_mock     0.68866   43.00754    0.18053   43.17412
jla_mock     0.55874   42.85659    0.15492   42.62446
jla_mock     0.32453   41.25934    0.12602   41.23036
jla_mock     0.48070   42.30928    0.10839   42.23305
jla_mock     0.18537   39.89180    0.13096   39.85305
jla_mock     0.92222   43.75920    0.33855   43.95022
jla_mock     0.68194   43.16476    0.19640   43.14823
jla_mock     0.47571   42.19655    0.10811   42.20600
jla_mock     0.92221   44.16689    0.27644   43.95018
jla_mock     0.89318   43.97928    0.25783   43.86487
jla_mock     0.42865   41.81790    0.14144   41.93748
jla_mock     0.63188   42.96091    0.23474   42.94717
jla_mock     0.69996   43.12112    0.25835   43.21717
jla_mock     0.73601   43.24566    0.26469   43.35013
jla_mock     0.57582   42.93887    0.15954   42.70324
jla_mock     0.41863   41.83139    0.10652   41.87683
jla_mock     0.51175   42.38186    0.12001   42.39540
jla_mock     0.53577   42.59939    0.12653   42.51485
jla_mock     0.64189   43.48008    0.21547   42.98856
jla_mock     0.73500   43.38177    0.22720   43.34649
jla_mock     0.35156   41.62047    0.13079   41.43211
jla_mock     0.60986   43.07264    0.17401   42.85388
jla_mock     0.34956   41.41109    0.13437   41.41766
jla_mock     0.70197   43.30321    0.18820   43.22475
jla_mock     0.35526   41.70366    0.10428   41.45861
jla_mock     0.98328   44.51912    0.25757   44.12140
jla_mock     0.87215   43.58049    0.26598   43.80134
jla_mock     0.75903   43.72449    0.20819   43.43183
jla_mock     0.92622   44.02139    0.24599   43.96176
jla_mock     0.64364   43.25672    0.22846   42.99573
jla_mock     0.41957   41.81996    0.13773   41.88255
jla_mock     0.51559   42.22198    0.20314   42.41484
jla_mock     0.89073   43.92365    0.21058   43.85753
jla_mock     0.80570   43.13995    0.22987   43.59033
jla_mock     0.48057   42.42945    0.10875   42.23231
jla_mock     0.80070   43.65607    0.24546   43.57378
jla_mock     0.58060   42.90129    0.18881   42.72490
jla_mock     0.71565   43.57664    0.24397   43.27584
jla_mock     0.80570   43.54482    0.23277   43.59033
jla_mock     0.76668   43.58017    0.25284   43.45846
jla_mock     0.66464   43.01868    0.19579   43.08037
jla_mock     0.90174   43.84262    0.25191   43.89028
jla_mock     0.74567   43.32354    0.21143   43.38470
jla_mock     0.71868   43.10386    0.20380   43.28702
jla_mock     0.73669   43.55908    0.19636   43.35259
jla_mock     0.57960   42.90836    0.12085   42.72037
jla_mock     0.37053   41.49003    0.10257   41.56534
jla_mock     0.96074   43.81548    0.23956   44.05946
jla_mock     0.85073   43.48088    0.21180   43.73508
jla_mock     0.64864   42.75691    0.19255   43.01611
jla_mock     0.21946   40.21715    0.13037   40.26197
jla_mock     0.93676   44.25050    0.24130   43.99195
jla_mock     0.64764   43.04970    0.17876   43.01204
jla_mock     0.46156   41.98329    0.13341   42.12800
jla_mock     0.60060   42.87864    0.17945   42.81372
jla_mock     0.67065   43.32642    0.23101   43.10415
jla_mock     0.76070   43.17923    0.20946   43.43765
jla_mock     0.24649   40.56600    0.13212   40.54638
jla_mock     0.47057   42.13964    0.14759   42.17794
jla_mock     0.16945   39.68498    0.11210   39.63766
jla_mock     0.49738   42.39034    0.12913   42.32144
jla_mock     0.63823   43.17948    0.19689   42.97350
jla_mock     0.50737   42.45265    0.14543   42.37308
jla_mock     0.53533   42.45552    0.14230   42.51269
jla_mock     0.58728   42.67679    0.16639   42.75489
jla_mock     0.77308   43.88801    0.25621   43.48052
jla_mock     0.69917   43.25187    0.22210   43.21417
jla_mock     0.37051   41.46060    0.12736   41.56520
jla_mock     0.76109   43.05739    0.22809   43.43902
jla_mock     0.69917   43.07678    0.21960   43.21418
jla_mock     0.78806   43.63459    0.19242   43.53150
jla_mock     0.37351   41.51302    0.13203   41.58571
jla_mock     0.40548   41.64008    0.13199   41.79507
jla_mock     0.85299   43.82850    0.25729   43.74216
jla_mock     0.80805   43.32001    0.24185   43.59808
jla_mock     0.60327   42.72619    0.18398   42.82536
jla_mock     0.58329   42.71177    0.17903   42.73700
jla_mock     0.53434   42.54146    0.14774   42.50785
jla_mock     0.72014   43.22678    0.24070   43.29239
jla_mock     0.40048   42.20237    0.21061   41.76340
jla_mock     0.83700   44.02679    0.21503   43.69176
jla_mock     0.37151   41.50663    0.10193   41.57203
jla_mock     0.80604   43.45224    0.25908   43.59147
jla_mock     0.84001   44.08124    0.23507   43.70129
jla_mock     0.50073   42.62902    0.12981   42.33885
jla_mock     0.53277   42.41755    0.17422   42.50018
jla_mock     0.53377   42.28826    0.18215   42.50508
jla_mock     0.93223   43.79160    0.34153   43.97902
jla_mock     0.82210   43.65423    0.25791   43.64395
jla_mock     0.55380   42.78659    0.13545   42.60122
jla_mock     0.12530   38.81193    0.13709   38.92294
jla_mock     0.84212   43.64390    0.28303   43.70800
jla_mock     0.44367   42.12628    0.15187   42.02605
jla_mock     0.72767   43.21310    0.24978   43.31996
jla_mock     0.68366   43.46464    0.41253   43.15487
jla_mock     0.44255   42.02554    0.13368   42.01954
jla_mock     0.72668   43.31743    0.20022   43.31634
jla_mock     0.28251   40.81702    0.12748   40.88366
jla_mock     0.40455   41.83089    0.12965   41.78921
jla_mock     0.51961   42.47049    0.13964   42.43507
jla_mock     0.69065   43.20589    0.23215   43.18177
jla_mock     1.06080   44.08627    0.27869   44.32423
jla_mock     0.57661   42.54707    0.15376   42.70683
jla_mock     0.26849   40.76806    0.12614   40.75735
jla_mock     0.72068   43.41819    0.25107   43.29438
jla_mock     0.25050   40.44227    0.13111   40.58606
jla_mock     0.76069   43.87754    0.27664   43.43763
jla_mock     0.69817   43.45108    0.26129   43.21038
jla_mock     0.55031   42.53453    0.16854   42.58475
jla_mock     0.73013   43.25000    0.23525   43.32888
jla_mock     0.84798   43.55992    0.24703   43.72647
jla_mock     0.99783   44.22749    0.24706   44.16064
jla_mock     0.43545   41.97222    0.13052   41.97792
jla_mock     0.40947   41.93622    0.12922   41.82014
jla_mock     0.30159   40.94225    0.12599   41.04659
jla_mock     1.29911   44.82946    0.19341   44.86622
jla_mock     1.02081   44.25275    0.23668   44.22149
jla_mock     0.83973   43.49553    0.19265   43.70043
jla_mock     1.12085   44.18907    0.20807   44.47149
jla_mock     1.23089   44.55354    0.23900   44.72199
jla_mock     0.97423   44.15637    0.18427   44.09670
jla_mock     0.97078   43.94443    0.33863   44.08723
jla_mock     0.06423   37.41404    0.15073   37.38367
jla_mock     0.12903   38.72644    0.16417   38.99182
jla_mock     0.10289   38.54877    0.14984   38.46361
jla_mock     0.04413   36.59965    0.17360   36.53791
jla_mock     0.11304   38.64142    0.15277   38.68229
jla_mock     0.25611   40.58953    0.20496   40.64067
jla_mock     0.38026   41.60726    0.28703   41.63124
jla_mock     0.14547   39.36302    0.16219   39.27457
jla_mock     0.08889   38.24420    0.14637   38.12583
jla_mock     0.26059   40.65026    0.18294   40.68349
jla_mock     0.07891   38.08315    0.15603   37.85259
jla_mock     0.08304   37.93086    0.15332   37.96945
jla_mock     0.16565   39.41288    0.13854   39.58339
jla_mock     0.16817   39.80015    0.16196   39.61946
jla_mock     0.17063   39.84299    0.16521   39.65419
jla_mock     0.17028   39.53768    0.17036   39.64928
jla_mock     0.12044   38.80688    0.15110   38.83033
jla_mock     0.27653   40.92066    0.21444   40.83051
jla_mock     0.23160   39.97718    0.18253   40.39347
jla_mock     0.30569   40.84811    0.26735   41.08035
jla_mock     0.07997   37.75350    0.16566   37.88313
jla_mock     0.17415   39.57984    0.15831   39.70309
jla_mock     0.13868   38.97905    0.16605   39.16161
jla_mock     0.14607   39.57245    0.16392   39.28432
jla_mock     0.08133   37.85221    0.14393   37.92176
jla_mock     0.23380   40.69384    0.17178   40.41662
jla_mock     0.25655   40.55861    0.17733   40.64491
jla_mock     0.24562   40.52104    0.20041   40.53766
jla_mock     0.12593   38.73831    0.19133   38.93474
jla_mock     0.22351   40.50490    0.21583   40.30655
jla_mock     0.10264   38.45417    0.14664   38.45798
jla_mock     0.11967   38.83607    0.14567   38.81533
jla_mock     0.18055   39.62745    0.16851   39.78968
jla_mock     0.19709   39.92466    0.17390   40.00094
jla_mock     0.22916   40.29291    0.19939   40.36755
jla_mock     0.26451   40.54030    0.19876   40.72040
jla_mock     0.10337   38.66853    0.12264   38.47441
jla_mock     0.36441   41.61750    0.23043   41.52305
jla_mock     0.20560   40.14137    0.15584   40.10331
jla_mock     0.17981   39.78511    0.19620   39.77982
jla_mock     0.19959   39.85101    0.18224   40.03143
jla_mock     0.15653   39.28248    0.15013   39.44844
jla_mock     0.16180   39.54020    0.14761   39.52729
jla_mock     0.20953   40.23103    0.20608   40.14927
jla_mock     0.24179   40.41875    0.19813   40.49904
jla_mock     0.23646   40.30809    0.16266   40.44434
jla_mock     0.22668   40.03629    0.21051   40.34095
jla_mock     0.29678   41.09610    0.19716   41.00643
jla_mock     0.20852   40.32130    0.16317   40.13754
jla_mock     0.25104   40.73956    0.22086   40.59138
jla_mock     0.25012   40.67161    0.17967   40.58234
jla_mock     0.11771   38.46734    0.14551   38.77674
jla_mock     0.21971   40.10537    0.16999   40.26472
jla_mock     0.14901   39.23177    0.14890   39.33153
jla_mock     0.28742   40.78977    0.18840   40.92654
jla_mock     0.14360   39.46854    0.16640   39.24396
jla_mock     0.32837   41.20952    0.19601   41.25993
jla_mock     0.24625   40.40205    0.16507   40.54396
jla_mock     0.11966   38.91157    0.15027   38.81514
jla_mock     0.32838   41.20929    0.27642   41.26001
jla_mock     0.21513   40.12792    0.18367   40.21341
jla_mock     0.14478   39.41889    0.13617   39.26332
jla_mock     0.13243   39.29382    0.12839   39.05296
jla_mock     0.21082   40.09925    0.16235   40.16418
jla_mock     0.20399   40.07312    0.15781   40.08425
jla_mock     0.27952   41.15704    0.16701   40.85722
jla_mock     0.04428   36.87688    0.15510   36.54551
jla_mock     0.18037   39.82794    0.15078   39.78729
jla_mock     0.26070   40.48889    0.18972   40.68453
jla_mock     0.05654   36.98462    0.18697   37.09513
jla_mock     0.21260   40.16626    0.19195   40.18462
jla_mock     0.36941   41.84263    0.23700   41.55764
jla_mock     0.17386   39.67393    0.13052   39.69910
jla_mock     0.14265   38.98751    0.16863   39.22827
jla_mock     0.17789   39.94542    0.17323   39.75404
jla_mock     0.32837   41.05004    0.20656   41.25993
jla_mock     0.25351   40.71812    0.19561   40.61551
jla_mock     0.30001   40.87660    0.19320   41.03346
jla_mock     0.10589   38.68062    0.14608   38.53030
jla_mock     0.22328   40.21682    0.16844   40.30404
jla_mock     0.11845   38.82729    0.12252   38.79138
jla_mock     0.17653   39.70893    0.17119   39.73563
jla_mock     0.18280   40.00900    0.18907   39.81945
jla_mock     0.29762   40.95815    0.22708   41.01348
jla_mock     0.19699   40.15421    0.16337   39.99971
jla_mock     0.15295   39.33534    0.14755   39.39345
jla_mock     0.24850   40.69286    0.17448   40.56634
jla_mock     0.13818   39.10757    0.12409   39.15309
jla_mock     0.20704   40.17207    0.17045   40.12025
jla_mock     0.21468   40.34288    0.18060   40.20831
jla_mock     0.30632   40.89543    0.21503   41.08550
jla_mock     0.24695   40.75985    0.17120   40.55095
jla_mock     0.19801   39.92586    0.14490   40.01220
jla_mock     0.22256   40.05961    0.15195   40.29616
jla_mock     0.13508   39.08079    0.15131   39.09960
jla_mock     0.21054   40.07111    0.18261   40.16096
jla_mock     0.27258   40.63262    0.16911   40.79482
jla_mock     0.24660   40.72132    0.16169   40.54746
jla_mock     0.22068   40.47093    0.19429   40.27546
jla_mock     0.27447   40.73754    0.19147   40.81196
jla_mock     0.17656   39.71159    0.15540   39.73604
jla_mock     0.31088   41.34979    0.22016   41.12250
jla_mock     0.18435   39.78324    0.17308   39.83976
jla_mock     0.15935   39.63801    0.14827   39.49093
jla_mock     0.21976   40.15936    0.16605   40.26527
jla_mock     0.25205   40.82295    0.18410   40.60127
jla_mock     0.18122   39.69407    0.14940   39.79858
jla_mock     0.17373   39.86360    0.13336   39.69730
jla_mock     0.38047   41.44995    0.24246   41.63265
jla_mock     0.17865   39.69119    0.17172   39.76428
jla_mock     0.24568   40.70151    0.18910   40.53826
jla_mock     0.20910   40.17946    0.16102   40.14428
jla_mock     0.24947   40.46625    0.20971   40.57593
jla_mock     0.13392   39.00465    0.16606   39.07929
jla_mock     0.17706   39.97567    0.16040   39.74282
jla_mock     0.28111   40.83255    0.18775   40.87131
jla_mock     0.17383   39.80886    0.15187   39.69868
jla_mock     0.19654   39.95165    0.16513   39.99418
jla_mock     0.36397   41.64660    0.22725   41.51999
jla_mock     0.37835   41.76183    0.26733   41.61843
jla_mock     0.31646   41.30668    0.21039   41.16711
jla_mock     0.18322   39.81474    0.13519   39.82497
jla_mock     0.24102   40.55305    0.16774   40.49121
jla_mock     0.20203   40.22775    0.19953   40.06085
jla_mock     0.16869   39.81186    0.16512   39.62684
jla_mock     0.19794   40.14683    0.17492   40.01135
jla_mock     0.12276   38.65044    0.14575   38.87499
jla_mock     0.20318   40.40657    0.16105   40.07461
jla_mock     0.12739   38.97365    0.14896   38.96178
jla_mock     0.27549   40.99084    0.19973   40.82116
jla_mock     0.14468   39.37284    0.14722   39.26169
jla_mock     0.33436   41.54988    0.24978   41.30545
jla_mock     0.19580   40.12209    0.15393   39.98507
jla_mock     0.19392   39.97219    0.16375   39.96176
jla_mock     0.24973   40.64540    0.18581   40.57850
jla_mock     0.14860   39.27520    0.14880   39.32499
jla_mock     0.15596   39.51254    0.14872   39.43976
jla_mock     0.09582   38.28634    0.15035   38.29889
jla_mock     0.15065   39.44335    0.15873   39.35748
jla_mock     0.30933   41.44369    0.24716   41.10998
jla_mock     0.24857   40.63284    0.17340   40.56704
jla_mock     0.36554   41.46142    0.24312   41.53091
jla_mock     0.11771   38.94179    0.12848   38.77674
jla_mock     0.19176   40.03198    0.14428   39.93472
jla_mock     0.18255   39.64487    0.16171   39.81616
jla_mock     0.23472   40.25020    0.18445   40.42624
jla_mock     0.24647   40.47018    0.19928   40.54616
jla_mock     0.28845   41.03016    0.18873   40.93544
jla_mock     0.20960   39.95959    0.19927   40.15008
jla_mock     0.19198   40.10959    0.17965   39.93748
jla_mock     0.11402   38.75764    0.12215   38.70241
jla_mock     0.11389   38.84194    0.18397   38.69975
jla_mock     0.19880   39.95717    0.20967   40.02183
jla_mock     0.22058   40.25756    0.22796   40.27436
jla_mock     0.18257   39.87120    0.16454   39.81642
jla_mock     0.15895   39.46879    0.16373   39.48495
jla_mock     0.07849   37.88251    0.14912   37.84038
jla_mock     0.13864   39.11030    0.13217   39.16093
jla_mock     0.18079   39.68390    0.15446   39.79287
jla_mock     0.17757   39.89929    0.18629   39.74972
jla_mock     0.17066   39.73666    0.16102   39.65461
jla_mock     0.23381   40.31115    0.20859   40.41672
jla_mock     0.07153   37.68892    0.17411   37.62842
jla_mock     0.15463   39.62041    0.18792   39.41940
jla_mock     0.09010   37.92492    0.15951   38.15695
jla_mock     0.17658   40.00192    0.20449   39.73631
jla_mock     0.13045   39.21367    0.16441   39.01753
jla_mock     0.18204   39.89372    0.17167   39.80943
jla_mock     0.25617   40.69366    0.17261   40.64125
jla_mock     0.13811   39.13396    0.14854   39.15189
jla_mock     0.17070   39.61277    0.16750   39.65518
jla_mock     0.21674   40.14429    0.14793   40.23156
jla_mock     0.24555   40.41985    0.17888   40.53696
jla_mock     0.14382   39.15681    0.16710   39.24758
jla_mock     0.24862   40.80287    0.18856   40.56753
jla_mock     0.14533   39.18734    0.17139   39.27229
jla_mock     0.13588   39.34019    0.12760   39.11351
jla_mock     0.05874   37.33055    0.12754   37.18137
jla_mock     0.03652   36.10363    0.15192   36.11500
jla_mock     0.27749   40.71101    0.22703   40.83912
jla_mock     0.20515   40.05487    0.29701   40.09800
jla_mock     0.28051   41.01774    0.20079   40.86600
jla_mock     0.19867   40.00522    0.16216   40.02025
jla_mock     0.15999   39.71432    0.15164   39.50048
jla_mock     0.21075   40.15760    0.18113   40.16338
jla_mock     0.07195   37.59977    0.17246   37.64176
jla_mock     0.23782   40.38233    0.19074   40.45841
jla_mock     0.14139   39.24166    0.17359   39.20730
jla_mock     0.15506   39.73771    0.15761   39.42600
jla_mock     0.37013   41.45110    0.22887   41.56259
jla_mock     0.09391   38.14904    0.17056   38.25241
jla_mock     0.11863   38.52418    0.17058   38.79493
jla_mock     0.15363   39.36691    0.15381   39.40398
jla_mock     0.25356   40.94148    0.16810   40.61600
jla_mock     0.10725   38.39022    0.14420   38.55994
jla_mock     0.12961   38.79932    0.15302   39.00235
jla_mock     0.26665   40.67180    0.19376   40.74033
jla_mock     0.21226   40.15072    0.16263   40.18073
jla_mock     0.27822   40.78740    0.18167   40.84564
jla_mock     0.24540   40.36244    0.16812   40.53546
jla_mock     0.13362   39.09696    0.15059   39.07401
jla_mock     0.17656   39.45316    0.16208   39.73604
jla_mock     0.11368   38.62397    0.14584   38.69545
jla_mock     0.32038   40.93861    0.26368   41.19801
jla_mock     0.11271   38.81491    0.12253   38.67548
jla_mock     0.10602   38.49679    0.14473   38.53314
jla_mock     0.39135   41.76001    0.26610   41.70449
jla_mock     0.15575   39.47200    0.14612   39.43656
jla_mock     0.18667   39.70998    0.16762   39.86986
jla_mock     0.19671   39.90706    0.16670   39.99627
jla_mock     0.19191   40.29268    0.17339   39.93660
jla_mock     0.19084   39.72420    0.15088   39.92311
jla_mock     0.17625   39.89408    0.15361   39.73182
jla_mock     0.12837   38.93949    0.15036   38.97977
jla_mock     0.12262   38.78844    0.14734   38.87232
jla_mock     0.12715   39.07431    0.14706   38.95736
jla_mock     0.21323   40.32662    0.17621   40.19182
jla_mock     0.21861   40.22449    0.18110   40.25249
jla_mock     0.26856   40.65242    0.19152   40.75800
jla_mock     0.20466   40.05178    0.16519   40.09220
jla_mock     0.26710   40.83051    0.17378   40.74451
jla_mock     0.21757   40.52607    0.17265   40.24087
jla_mock     0.24185   40.34003    0.17151   40.49965
jla_mock     0.29350   40.83770    0.20072   40.97870
jla_mock     0.35346   41.54185    0.23114   41.44575
jla_mock     0.18563   39.71956    0.15495   39.85641
jla_mock     0.28543   41.06166    0.19928   40.90924
jla_mock     0.19494   40.35045    0.16836   39.97443
jla_mock     0.07592   37.89257    0.14500   37.76429
jla_mock     0.16357   39.61970    0.15778   39.55323
jla_mock     0.25721   40.74691    0.20821   40.65125
jla_mock     0.21955   40.17341    0.18725   40.26294
jla_mock     0.17558   39.71662    0.15163   39.72269
jla_mock     0.22667   40.16158    0.18608   40.34084
jla_mock     0.15322   39.46389    0.15082   39.39764
jla_mock     0.21025   40.48192    0.19550   40.15761
jla_mock     0.12164   38.76044    0.12361   38.85353
jla_mock     0.29135   40.73234    0.19905   40.96037
jla_mock     0.29448   41.15703    0.27860   40.98701
jla_mock     0.16455   39.68383    0.12599   39.56749
jla_mock     0.30702   41.39560    0.20907   41.09122
jla_mock     0.19863   40.09355    0.16158   40.01976
jla_mock     0.26821   41.10456    0.21540   40.75477
jla_mock     0.40128   41.80409    0.24823   41.76846
jla_mock     0.13668   39.08602    0.15334   39.12735
jla_mock     0.29542   40.97374    0.24720   40.99496
jla_mock     0.29192   41.07524    0.19220   40.96524
jla_mock     0.09007   38.10411    0.12097   38.15619
jla_mock     0.20557   40.20169    0.18293   40.10296
jla_mock     0.14582   39.72004    0.14935   39.28026
jla_mock     0.11767   38.84773    0.14487   38.77595
jla_mock     0.05499   36.90432    0.14998   37.03240
jla_mock     0.17420   39.53992    0.15143   39.70378
jla_mock     0.24495   40.48584    0.18021   40.53095
jla_mock     0.22452   40.17137    0.18250   40.31756
jla_mock     0.24558   40.35524    0.16228   40.53726
jla_mock     0.28351   41.06144    0.21250   40.89245
jla_mock     0.18056   39.87741    0.17619   39.78982
jla_mock     0.10391   38.31730    0.12352   38.48649
jla_mock     0.12961   39.07893    0.15327   39.00235
jla_mock     0.24352   40.45717    0.16046   40.51656
jla_mock     0.33136   40.86908    0.26935   41.28275
jla_mock     0.24348   40.58627    0.19048   40.51615
jla_mock     0.31468   41.13706    0.17578   41.15296
jla_mock     0.21865   40.02348    0.18935   40.25293
jla_mock     0.26014   40.43002    0.21926   40.67922
jla_mock     0.28243   41.06788    0.19831   40.88296
jla_mock     0.30041   40.25430    0.20582   41.03679
jla_mock     0.15186   39.54369    0.14864   39.37647
jla_mock     0.26357   40.64438    0.18937   40.71159
jla_mock     0.21382   40.14275    0.20621   40.19854
jla_mock     0.16284   39.51856    0.16762   39.54256
jla_mock     0.12440   38.94878    0.17141   38.90608
jla_mock     0.19465   40.05313    0.13939   39.97083
jla_mock     0.20554   40.20366    0.18299   40.10260
jla_mock     0.10667   38.51447    0.14589   38.54734
jla_mock     0.18772   39.83156    0.18725   39.88338
jla_mock     0.16387   39.49835    0.15682   39.55760
jla_mock     0.29021   40.95395    0.19470   40.95060
jla_mock     0.09401   38.47632    0.12498   38.25487
jla_mock     0.22786   40.25866    0.18010   40.35364
jla_mock     0.10751   38.69588    0.14765   38.56556
jla_mock     0.31065   41.03468    0.22259   41.12065
jla_mock     0.14564   39.36851    0.15576   39.27734
jla_mock     0.08784   38.03728    0.12610   38.09850
jla_mock     0.14839   39.31606    0.15573   39.32164
jla_mock     0.28662   40.75399    0.19366   40.91960
jla_mock     0.12281   39.01255    0.13329   38.87594
jla_mock     0.18655   39.83888    0.20280   39.86832
jla_mock     0.12893   38.96049    0.15504   38.99000
jla_mock     0.19422   40.01541    0.16864   39.96549
jla_mock     0.14800   39.26868    0.14676   39.31541
jla_mock     0.21179   40.20910    0.22866   40.17534
jla_mock     0.17962   39.68453    0.17351   39.77728
jla_mock     0.26349   40.68762    0.18130   40.71084
jla_mock     0.19215   40.09224    0.15957   39.93962
jla_mock     0.33880   40.94275    0.22988   41.33871
jla_mock     0.11741   38.87106    0.14767   38.77078
jla_mock     0.14310   39.15717    0.16842   39.23571
jla_mock     0.16035   39.43263    0.13218   39.50583
jla_mock     0.28872   40.81583    0.21130   40.93777
jla_mock     0.12303   38.82660    0.15465   38.88013
jla_mock     0.26405   40.63219    0.18534   40.71609
jla_mock     0.12608   38.84590    0.17183   38.93753
jla_mock     0.17374   39.62734    0.14981   39.69744
jla_mock     0.16440   39.58491    0.14973   39.56531
jla_mock     0.24961   40.72044    0.16242   40.57731
jla_mock     0.15999   39.44659    0.15137   39.50048
jla_mock     0.24448   40.76064    0.15150   40.52623
jla_mock     0.24851   40.58074    0.17708   40.56644
jla_mock     0.22893   40.13364    0.16848   40.36509
jla_mock     0.08528   37.94637    0.14385   38.03054
jla_mock     0.06282   37.55123    0.14855   37.33331
jla_mock     0.27745   40.99944    0.23370   40.83876
jla_mock     0.27544   40.83875    0.21508   40.82071
jla_mock     0.33051   41.29399    0.21088   41.27628
jla_mock     0.36193   41.74529    0.24565   41.50573
jla_mock     0.33103   41.46180    0.21801   41.28024
jla_mock     0.16050   39.69607    0.12715   39.50806
jla_mock     0.30021   40.91787    0.20430   41.03513
jla_mock     0.11635   38.93987    0.12231   38.74960
jla_mock     0.21829   40.30698    0.16062   40.24892
jla_mock     0.11967   38.92996    0.12046   38.81533
jla_mock     0.15473   39.60392    0.12395   39.42094
jla_mock     0.17810   39.62734    0.16563   39.75688
jla_mock     0.25037   40.59932    0.16561   40.58480
jla_mock     0.25174   40.80914    0.14466   40.59824
jla_mock     0.12953   38.88508    0.14519   39.00090
jla_mock     0.30929   41.12998    0.18811   41.10966
jla_mock     0.27852   40.90299    0.17882   40.84832
jla_mock     0.18581   39.75677    0.13606   39.85875
jla_mock     0.06651   37.26636    0.17228   37.46289
jla_mock     0.25800   40.66266    0.18757   40.65882
jla_mock     0.29888   40.72116    0.21609   41.02403
jla_mock     0.27044   40.77275    0.22437   40.77528
jla_mock     0.27916   40.55288    0.17184   40.85402
jla_mock     0.29287   41.10438    0.21554   40.97334
jla_mock     0.18965   40.01054    0.15711   39.90803
jla_mock     0.26576   40.70577    0.19291   40.73206
jla_mock     0.12376   39.02548    0.14509   38.89399
jla_mock     0.18255   39.78771    0.14972   39.81616
jla_mock     0.05634   37.00235    0.14895   37.08713
jla_mock     0.31288   41.17252    0.18264   41.13858
jla_mock     0.30915   41.37057    0.22329   41.10853
jla_mock     0.20061   40.14834    0.15588   40.04377
jla_mock     0.32640   41.32707    0.20549   41.24480
jla_mock     0.21163   40.35632    0.13899   40.17351
jla_mock     0.17969   40.21547    0.15636   39.77821
jla_mock     0.30240   40.84104    0.19662   41.05329
jla_mock     0.10924   38.56219    0.14870   38.60268
jla_mock     0.08522   38.28598    0.15002   38.02892
jla_mock     0.20231   40.29026    0.16132   40.06421
jla_mock     0.12649   38.79428    0.15585   38.94515
jla_mock     0.21457   40.40619    0.16813   40.20706
jla_mock     0.32045   41.18533    0.19169   41.19856
jla_mock     0.21835   40.04280    0.17273   40.24959
jla_mock     0.19010   39.61604    0.15982   39.91374
jla_mock     0.09243   38.12958    0.15614   38.21577
jla_mock     0.37986   41.83740    0.18489   41.62856
jla_mock     0.21134   40.11440    0.16608   40.17017
jla_mock     0.25833   40.66040    0.18012   40.66198
jla_mock     0.18327   39.86268    0.16856   39.82563
jla_mock     0.21295   39.94505    0.17785   40.18862
jla_mock     0.11651   38.68263    0.15544   38.75281
jla_mock     0.14401   39.07623    0.17186   39.25071
jla_mock     0.25249   40.57382    0.18600   40.60557
jla_mock     0.25539   40.30095    0.21320   40.63373
jla_mock     0.21698   40.64305    0.18861   40.23425
jla_mock     1.26590   44.62817    0.22380   44.79699
jla_mock     0.93577   43.94278    0.22959   43.98915
jla_mock     0.04952   36.61732    0.20229   36.79644
jla_mock     0.03033   35.92345    0.18208   35.70157
jla_mock     0.07458   37.90209    0.21873   37.72360
jla_mock     0.02520   35.17829    0.22034   35.29123
jla_mock     0.01441   34.06935    0.20528   34.06048
jla_mock     0.02079   34.63294    0.19750   34.86681
jla_mock     0.03522   36.32637    0.20378   36.03412
jla_mock     0.04166   36.36277    0.21523   36.40883
jla_mock     0.04240   36.19511    0.20619   36.44838
jla_mock     0.01890   34.71236    0.18362   34.65682
jla_mock     0.07884   37.86483    0.21534   37.85056
jla_mock     0.06334   37.41975    0.20759   37.35224
jla_mock     0.02764   35.74513    0.23142   35.49574
jla_mock     0.04933   37.07346    0.21068   36.78762
jla_mock     0.07015   37.94165    0.22041   37.58415
jla_mock     0.02391   35.29610    0.18368   35.17514
jla_mock     0.05313   36.81678    0.22336   36.95466
jla_mock     0.02495   35.23010    0.18978   35.26944
jla_mock     0.01566   34.35971    0.20165   34.24356
jla_mock     0.04898   36.81063    0.15986   36.77203
jla_mock     0.02240   34.97609    0.18928   35.03106
jla_mock     0.03485   36.22031    0.23666   36.01099
jla_mock     0.01697   34.93213    0.20291   34.41905
jla_mock     0.03072   35.86031    0.18172   35.73037
jla_mock     0.03048   35.45803    0.18204   35.71303
jla_mock     0.01055   33.19699    0.21945   33.37697
jla_mock     0.01426   34.38228    0.17171   34.03675
jla_mock     0.02769   35.44202    0.18125   35.49983
jla_mock     0.05386   36.97084    0.15904   36.98558
jla_mock     0.01767   34.22573    0.19251   34.50873
jla_mock     0.01745   34.61322    0.17037   34.48092
jla_mock     0.01557   34.53943    0.20220   34.23076
jla_mock     0.01006   33.34931    0.23113   33.27290
jla_mock     0.05493   37.10404    0.18431   37.02998
jla_mock     0.03908   36.45469    0.16317   36.26630
jla_mock     0.07832   37.91328    0.18392   37.83534
jla_mock     0.03176   35.80773    0.15356   35.80452
jla_mock     0.01444   34.30440    0.22581   34.06489
jla_mock     0.01353   33.68742    0.22079   33.92255
jla_mock     0.02668   35.29315    0.19350   35.41745
jla_mock     0.02336   34.95527    0.17881   35.12382
jla_mock     0.03693   36.00449    0.19002   36.14013
jla_mock     0.02355   35.17127    0.17820   35.14190
jla_mock     0.01748   34.23307    0.19212   34.48507
jla_mock     0.04026   36.30280    0.17448   36.33252
jla_mock     0.03038   35.79462    0.20408   35.70566
jla_mock     0.01550   34.25756    0.20028   34.22101
jla_mock     0.01415   34.30818    0.18788   34.02052
jla_mock     0.01549   34.39582    0.18431   34.21860
jla_mock     0.01555   34.52430    0.19852   34.22808
jla_mock     0.03707   36.25085    0.15485   36.14862
jla_mock     0.01548   33.89589    0.20250   34.21789
jla_mock     0.01332   33.85518    0.18644   33.88842
jla_mock     0.01457   34.14515    0.20791   34.08532
jla_mock     0.01579   34.25478    0.19847   34.26130
jla_mock     0.02475   35.19374    0.17955   35.25120
jla_mock     0.02775   35.84860    0.17503   35.50463
jla_mock     0.01089   33.18411    0.25478   33.44601
jla_mock     0.01365   33.84488    0.18671   33.94176
jla_mock     0.03576   35.97180    0.16296   36.06783
jla_mock     0.02473   35.47628    0.17711   35.24932
jla_mock     0.03809   36.32107    0.17052   36.20863
jla_mock     0.02154   34.99735    0.17712   34.94487
jla_mock     0.01958   34.76680    0.17899   34.73456
jla_mock     0.03042   35.69942    0.17572   35.70822
jla_mock     0.03922   36.13354    0.17021   36.27406
jla_mock     0.03497   36.23950    0.15988   36.01845
jla_mock     0.02856   35.29787    0.17650   35.56863
jla_mock     0.02100   35.03016    0.18823   34.88845
jla_mock     0.03254   35.72296    0.18232   35.85802
jla_mock     0.01547   34.34473    0.19319   34.21604
jla_mock     0.01568   33.98065    0.20748   34.24552
jla_mock     0.02750   35.21358    0.15599   35.48465
jla_mock     0.04686   36.76979    0.17135   36.67229
jla_mock     0.03317   35.96211    0.18296   35.90099
jla_mock     0.01029   33.88384    0.23550   33.32258
jla_mock     0.08010   38.04319    0.17116   37.88694
jla_mock     0.01232   33.91026    0.20021   33.71613
jla_mock     0.02459   35.41204    0.20631   35.23686
jla_mock     0.01447   34.20999    0.20828   34.06899
jla_mock     0.01515   34.45963    0.18400   34.17085
jla_mock     0.02909   35.73723    0.17337   35.60902
jla_mock     0.03478   36.13858    0.17929   36.00632
jla_mock     0.04492   36.71544    0.14071   36.57766
jla_mock     0.03407   35.81356    0.16958   35.96061
jla_mock     0.07487   37.70775    0.14386   37.73249
jla_mock     0.01496   34.04098    0.19783   34.14256
jla_mock     0.02040   34.66342    0.17104   34.82442
jla_mock     0.04069   36.30401    0.17468   36.35626
jla_mock     0.02657   35.74132    0.18033   35.40830
jla_mock     0.02688   35.81834    0.15331   35.43431
jla_mock     0.02347   35.44433    0.17598   35.13429
jla_mock     0.06912   37.61364    0.19118   37.55045
jla_mock     0.06519   37.43012    0.15880   37.41747
jla_mock     0.02298   35.06138    0.17791   35.08760
jla_mock     0.01739   34.27525    0.19829   34.47296
jla_mock     0.03148   35.82375    0.15109   35.78492
jla_mock     0.01118   33.56550    0.19448   33.50474
jla_mock     0.02196   34.78568    0.17567   34.98697
jla_mock     0.03148   35.89723    0.15081   35.78485
jla_mock     0.02332   35.44783    0.20285   35.12013
jla_mock     0.02039   34.83238    0.18301   34.82377
jla_mock     0.02247   34.83342    0.18141   35.03765
jla_mock     0.03361   36.00650    0.18044   35.93037
jla_mock     0.03697   35.95959    0.17917   36.14224
jla_mock     0.02263   34.75302    0.18007   35.05361
jla_mock     0.01470   34.17903    0.18462   34.10407
jla_mock     0.03695   36.40046    0.14876   36.14109
jla_mock     0.06096   36.99697    0.12531   37.26526
jla_mock     0.05929   37.14488    0.12136   37.20241
jla_mock     0.06975   37.61394    0.15874   37.57107
jla_mock     0.02953   35.62224    0.17470   35.64232
jla_mock     0.03325   35.88210    0.17565   35.90649
jla_mock     0.02416   34.96166    0.18124   35.19813
jla_mock     0.01600   34.15804    0.19156   34.29005
jla_mock     0.06296   36.99735    0.16531   37.33846
jla_mock     0.02171   35.07933    0.19186   34.96170
jla_mock     0.03164   36.14641    0.18944   35.79569
jla_mock     0.01860   34.85749    0.17305   34.62124
jla_mock     0.02706   35.54606    0.17333   35.44934
jla_mock     0.02547   34.95415    0.18470   35.31480
jla_mock     0.02381   34.84239    0.19337   35.16597
jla_mock     0.02387   35.15416    0.18298   35.17126
jla_mock     0.02207   35.04639    0.16678   34.99820
