jla_mock     0.50308   42.45518    0.14571   42.35104
jla_mock     0.58072   42.87567    0.16123   42.72544
jla_mock     0.49479   42.43309    0.12071   42.30792
jla_mock     0.34593   41.29111    0.13253   41.39128
jla_mock     0.67766   43.32205    0.22872   43.13160
jla_mock     0.61071   42.66546    0.22549   42.85755
jla_mock     0.86649   43.58419    0.25803   43.78400
jla_mock     0.33093   41.23766    0.12801   41.27950
jla_mock     0.79857   43.89803    0.25920   43.56670
jla_mock     0.44956   42.22710    0.16140   42.06004
jla_mock     0.37144   41.62847    0.14922   41.57158
jla_mock     0.29172   41.06246    0.14231   40.96351
jla_mock     0.35582   41.60010    0.14101   41.46259
jla_mock     0.46127   42.31104    0.15587   42.12638
jla_mock     0.28361   40.98981    0.13056   40.89333
jla_mock     0.63223   43.20981    0.22183   42.94863
jla_mock     0.46641   41.87939    0.17244   42.15500
jla_mock     0.26862   40.81538    0.12820   40.75859
jla_mock     0.94689   44.26202    0.29225   44.02068
jla_mock     0.92492   43.72807    0.31213   43.95801
jla_mock     0.69317   43.52994    0.29243   43.19137
jla_mock     0.62523   43.05392    0.19089   42.91933
jla_mock     0.89694   43.50910    0.26745   43.87607
jla_mock     0.60826   42.95730    0.15987   42.84699
jla_mock     0.78905   43.05211    0.26933   43.53485
jla_mock     0.57829   42.65167    0.14638   42.71445
jla_mock     0.59028   42.97511    0.18967   42.76823
jla_mock     0.71963   43.32023    0.25305   43.29050
jla_mock     0.21003   40.41356    0.13132   40.15509
jla_mock     0.76659   43.38432    0.22577   43.45813
jla_mock     0.85851   43.96847    0.22290   43.75934
jla_mock     0.36790   41.43414    0.09931   41.54727
jla_mock     0.55875   42.68277    0.15678   42.62447
jla_mock     0.84851   43.42220    0.21739   43.72812
jla_mock     0.99639   44.66745    0.24266   44.15679
jla_mock     0.77659   43.61365    0.26449   43.49256
jla_mock     0.58293   42.80403    0.13307   42.73539
jla_mock     0.58374   43.13093    0.16753   42.73903
jla_mock     0.79655   43.63947    0.22888   43.55998
jla_mock     0.58872   42.78127    0.15579   42.76129
jla_mock     0.91347   44.12596    0.24294   43.92478
jla_mock     0.76859   43.67083    0.23905   43.46504
jla_mock     0.94846   44.13116    0.26528   44.02509
jla_mock     0.51379   42.59854    0.15288   42.40578
jla_mock     0.73361   43.54739    0.19294   43.34148
jla_mock     0.63770   43.24855    0.27011   42.97130
jla_mock     0.76559   43.55423    0.21114   43.45466
jla_mock     0.43486   42.05114    0.15773   41.97447
jla_mock     0.98341   44.42373    0.25880   44.12175
jla_mock     0.58374   42.75038    0.16233   42.73903
jla_mock     0.70063   43.56463    0.21687   43.21970
jla_mock     0.66206   43.17576    0.21295   43.07010
jla_mock     0.83813   43.88788    0.28077   43.69533
jla_mock     0.62187   43.08721    0.17547   42.90516
jla_mock     0.37059   41.64205    0.14292   41.56572
jla_mock     0.41663   42.16418    0.13815   41.86455
jla_mock     0.35857   41.48498    0.10704   41.48209
jla_mock     0.45168   42.29247    0.15279   42.07216
jla_mock     0.52276   42.63602    0.16113   42.45081
jla_mock     0.73400   44.13555    0.30409   43.34288
jla_mock     0.70196   43.31672    0.31177   43.22473
jla_mock     0.74201   43.69139    0.29013   43.37166
jla_mock     0.74612   43.44246    0.21822   43.38631
jla_mock     0.34956   41.40807    0.13473   41.41768
jla_mock     0.59183   42.64397    0.15357   42.77513
jla_mock     0.51475   42.45280    0.15561   42.41060
jla_mock     0.62063   43.10929    0.18447   42.89990
jla_mock     0.64365   43.16855    0.24392   42.99574
jla_mock     1.00280   44.00066    0.33217   44.17391
jla_mock     0.47059   42.27061    0.14421   42.17801
jla_mock     0.61064   42.88983    0.15878   42.85725
jla_mock     0.26349   40.64449    0.12805   40.71081
jla_mock     0.35834   41.62995    0.12919   41.48044
jla_mock     0.74270   43.74648    0.25909   43.37412
jla_mock     0.45156   41.72822    0.11539   42.07145
jla_mock     0.91075   43.97858    0.26165   43.91682
jla_mock     0.55261   42.48470    0.15821   42.59559
jla_mock     0.33753   41.38035    0.12813   41.32927
jla_mock     0.75068   43.59940    0.24281   43.40248
jla_mock     0.98378   43.94109    0.34665   44.12275
jla_mock     0.82270   43.58793    0.22176   43.64588
jla_mock     0.81370   43.57768    0.24257   43.61661
jla_mock     0.95076   44.36571    0.26473   44.03158
jla_mock     0.81773   43.60262    0.24643   43.62977
jla_mock     0.34052   41.43678    0.12574   41.35149
jla_mock     0.96075   44.28400    0.28766   44.05949
jla_mock     0.81072   43.93108    0.27276   43.60686
jla_mock     0.75669   43.93446    0.24755   43.42362
jla_mock     0.61125   42.92693    0.18573   42.85987
jla_mock     0.87797   43.64397    0.22379   43.81907
jla_mock     0.54832   42.52194    0.14258   42.57529
jla_mock     0.80903   43.90941    0.23222   43.60132
jla_mock     1.02880   43.86214    0.28337   44.24234
jla_mock     0.62724   42.82380    0.17555   42.92776
jla_mock     0.42245   41.77015    0.15607   41.90012
jla_mock     0.93390   43.77638    0.35000   43.98380
jla_mock     0.70116   43.25701    0.22741   43.22169
jla_mock     0.69716   43.42098    0.20952   43.20658
jla_mock     0.68518   43.25619    0.27044   43.16074
jla_mock     0.76707   43.87733    0.25234   43.45981
jla_mock     0.93190   44.21508    0.25137   43.97808
jla_mock     0.86398   43.90339    0.24510   43.77625
jla_mock     0.74910   43.15976    0.22590   43.39689
jla_mock     0.51435   42.49871    0.15357   42.40861
jla_mock     0.46841   42.12843    0.11440   42.16601
jla_mock     0.47040   42.35620    0.15655   42.17698
jla_mock     0.95887   43.90122    0.27681   44.05426
jla_mock     0.92791   43.93260    0.29724   43.96663
jla_mock     0.84052   43.55936    0.21913   43.70293
jla_mock     0.63070   43.00051    0.17083   42.94224
jla_mock     0.56275   42.59370    0.14441   42.64315
jla_mock     0.61570   42.93700    0.16969   42.87892
jla_mock     0.82853   43.60030    0.22446   43.66467
jla_mock     0.56474   42.98535    0.16043   42.65238
jla_mock     0.57874   42.79851    0.14758   42.71650
jla_mock     0.55774   42.96473    0.15832   42.61978
jla_mock     0.86450   43.52910    0.22870   43.77785
jla_mock     0.73561   43.53727    0.23469   43.34870
jla_mock     0.85851   44.06652    0.28337   43.75932
jla_mock     0.26198   40.58683    0.10443   40.69667
jla_mock     0.58574   42.70032    0.18661   42.74800
jla_mock     0.76158   43.33443    0.21599   43.44073
jla_mock     0.48880   42.23162    0.11155   42.27631
jla_mock     0.85852   43.63861    0.27431   43.75935
jla_mock     0.68866   43.39563    0.18053   43.17412
jla_mock     0.55874   42.75839    0.15492   42.62446
jla_mock     0.32453   41.39319    0.12602   41.23036
jla_mock     0.48070   42.32500    0.10839   42.23305
jla_mock     0.18537   39.89178    0.13096   39.85305
jla_mock     0.92222   43.86795    0.33855   43.95022
jla_mock     0.68194   42.92763    0.19640   43.14823
jla_mock     0.47571   42.23993    0.10811   42.20600
jla_mock     0.92221   43.70699    0.27644   43.95018
jla_mock     0.89318   43.92785    0.25783   43.86487
jla_mock     0.42865   41.93530    0.14144   41.93748
jla_mock     0.63188   42.87272    0.23474   42.94717
jla_mock     0.69996   43.41752    0.25835   43.21717
jla_mock     0.73601   43.89963    0.26469   43.35013
jla_mock     0.57582   42.74978    0.15954   42.70324
jla_mock     0.41863   41.78746    0.10652   41.87683
jla_mock     0.51175   42.34546    0.12001   42.39540
jla_mock     0.53577   42.54493    0.12653   42.51485
jla_mock     0.64189   43.06167    0.21547   42.98856
jla_mock     0.73500   43.68711    0.22720   43.34649
jla_mock     0.35156   41.68607    0.13079   41.43211
jla_mock     0.60986   43.01471    0.17401   42.85388
jla_mock     0.34956   41.64111    0.13437   41.41766
jla_mock     0.70197   43.09796    0.18820   43.22475
jla_mock     0.35526   41.25162    0.10428   41.45861
jla_mock     0.98328   44.30263    0.25757   44.12140
jla_mock     0.87215   43.94584    0.26598   43.80134
jla_mock     0.75903   43.46725    0.20819   43.43183
jla_mock     0.92622   44.04236    0.24599   43.96176
jla_mock     0.64364   43.34427    0.22846   42.99573
jla_mock     0.41957   41.91108    0.13773   41.88255
jla_mock     0.51559   42.27311    0.20314   42.41484
jla_mock     0.89073   43.64728    0.21058   43.85753
jla_mock     0.80570   43.58732    0.22987   43.59033
jla_mock     0.48057   42.31928    0.10875   42.23231
jla_mock     0.80070   43.07928    0.24546   43.57378
jla_mock     0.58060   42.51532    0.18881   42.72490
jla_mock     0.71565   42.89059    0.24397   43.27584
jla_mock     0.80570   43.79150    0.23277   43.59033
jla_mock     0.76668   43.38987    0.25284   43.45846
jla_mock     0.66464   43.34815    0.19579   43.08037
jla_mock     0.90174   44.03780    0.25191   43.89028
jla_mock     0.74567   43.21212    0.21143   43.38470
jla_mock     0.71868   43.43227    0.20380   43.28702
jla_mock     0.73669   43.74655    0.19636   43.35259
jla_mock     0.57960   42.68687    0.12085   42.72037
jla_mock     0.37053   41.68716    0.10257   41.56534
jla_mock     0.96074   44.29729    0.23956   44.05946
jla_mock     0.85073   43.72243    0.21180   43.73508
jla_mock     0.64864   43.14479    0.19255   43.01611
jla_mock     0.21946   40.14489    0.13037   40.26197
jla_mock     0.93676   43.93160    0.24130   43.99195
jla_mock     0.64764   42.90315    0.17876   43.01204
jla_mock     0.46156   42.14065    0.13341   42.12800
jla_mock     0.60060   42.74593    0.17945   42.81372
jla_mock     0.67065   43.28727    0.23101   43.10415
jla_mock     0.76070   43.72208    0.20946   43.43765
jla_mock     0.24649   40.75797    0.13212   40.54638
jla_mock     0.47057   42.24419    0.14759   42.17794
jla_mock     0.16945   39.75095    0.11210   39.63766
jla_mock     0.49738   42.11997    0.12913   42.32144
jla_mock     0.63823   43.06437    0.19689   42.97350
jla_mock     0.50737   42.35105    0.14543   42.37308
jla_mock     0.53533   42.46665    0.14230   42.51269
jla_mock     0.58728   42.90115    0.16639   42.75489
jla_mock     0.77308   43.58857    0.25621   43.48052
jla_mock     0.69917   43.13036    0.22210   43.21417
jla_mock     0.37051   41.62254    0.12736   41.56520
jla_mock     0.76109   43.58052    0.22809   43.43902
jla_mock     0.69917   43.24761    0.21960   43.21418
jla_mock     0.78806   43.85838    0.19242   43.53150
jla_mock     0.37351   41.81943    0.13203   41.58571
jla_mock     0.40548   42.03319    0.13199   41.79507
jla_mock     0.85299   43.46744    0.25729   43.74216
jla_mock     0.80805   43.28573    0.24185   43.59808
jla_mock     0.60327   43.18244    0.18398   42.82536
jla_mock     0.58329   42.69648    0.17903   42.73700
jla_mock     0.53434   42.56513    0.14774   42.50785
jla_mock     0.72014   43.34543    0.24070   43.29239
jla_mock     0.40048   42.10500    0.21061   41.76340
jla_mock     0.83700   44.24808    0.21503   43.69176
jla_mock     0.37151   41.53480    0.10193   41.57203
jla_mock     0.80604   43.09746    0.25908   43.59147
jla_mock     0.84001   43.86331    0.23507   43.70129
jla_mock     0.50073   42.31277    0.12981   42.33885
jla_mock     0.53277   42.53819    0.17422   42.50018
jla_mock     0.53377   42.55072    0.18215   42.50508
jla_mock     0.93223   43.51031    0.34153   43.97902
jla_mock     0.82210   43.59327    0.25791   43.64395
jla_mock     0.55380   42.58950    0.13545   42.60122
jla_mock     0.12530   39.04765    0.13709   38.92294
jla_mock     0.84212   43.90429    0.28303   43.70800
jla_mock     0.44367   42.23127    0.15187   42.02605
jla_mock     0.72767   43.23772    0.24978   43.31996
jla_mock     0.68366   42.72217    0.41253   43.15487
jla_mock     0.44255   42.10671    0.13368   42.01954
jla_mock     0.72668   43.44440    0.20022   43.31634
jla_mock     0.28251   40.79109    0.12748   40.88366
jla_mock     0.40455   41.99031    0.12965   41.78921
jla_mock     0.51961   42.33268    0.13964   42.43507
jla_mock     0.69065   43.09594    0.23215   43.18177
jla_mock     1.06080   44.10427    0.27869   44.32423
jla_mock     0.57661   42.83152    0.15376   42.70683
jla_mock     0.26849   40.99124    0.12614   40.75735
jla_mock     0.72068   43.49155    0.25107   43.29438
jla_mock     0.25050   40.72379    0.13111   40.58606
jla_mock     0.76069   43.64384    0.27664   43.43763
jla_mock     0.69817   43.34774    0.26129   43.21038
jla_mock     0.55031   42.75232    0.16854   42.58475
jla_mock     0.73013   43.45979    0.23525   43.32888
jla_mock     0.84798   43.56444    0.24703   43.72647
jla_mock     0.99783   44.31710    0.24706   44.16064
jla_mock     0.43545   42.10056    0.13052   41.97792
jla_mock     0.40947   42.04875    0.12922   41.82014
jla_mock     0.30159   41.19457    0.12599   41.04659
jla_mock     1.29911   45.00733    0.19341   44.86622
jla_mock     1.02081   44.62194    0.23668   44.22149
jla_mock     0.83973   43.80469    0.19265   43.70043
jla_mock     1.12085   44.14331    0.20807   44.47149
jla_mock     1.23089   44.97033    0.23900   44.72199
jla_mock     0.97423   44.06401    0.18427   44.09670
jla_mock     0.97078   43.61922    0.33863   44.08723
jla_mock     0.06423   37.57949    0.15073   37.38367
jla_mock     0.12903   39.07716    0.16417   38.99182
jla_mock     0.10289   38.65979    0.14984   38.46361
jla_mock     0.04413   36.55523    0.17360   36.53791
jla_mock     0.11304   38.56455    0.15277   38.68229
jla_mock     0.25611   40.63492    0.20496   40.64067
jla_mock     0.38026   42.01315    0.28703   41.63124
jla_mock     0.14547   39.54802    0.16219   39.27457
jla_mock     0.08889   38.53038    0.14637   38.12583
jla_mock     0.26059   40.76398    0.18294   40.68349
jla_mock     0.07891   37.87865    0.15603   37.85259
jla_mock     0.08304   38.11059    0.15332   37.96945
jla_mock     0.16565   39.57811    0.13854   39.58339
jla_mock     0.16817   39.72705    0.16196   39.61946
jla_mock     0.17063   39.62655    0.16521   39.65419
jla_mock     0.17028   39.65495    0.17036   39.64928
jla_mock     0.12044   38.81903    0.15110   38.83033
jla_mock     0.27653   40.89065    0.21444   40.83051
jla_mock     0.23160   40.40588    0.18253   40.39347
jla_mock     0.30569   40.79917    0.26735   41.08035
jla_mock     0.07997   37.86426    0.16566   37.88313
jla_mock     0.17415   40.23345    0.15831   39.70309
jla_mock     0.13868   39.34226    0.16605   39.16161
jla_mock     0.14607   39.41360    0.16392   39.28432
jla_mock     0.08133   38.14075    0.14393   37.92176
jla_mock     0.23380   40.52950    0.17178   40.41662
jla_mock     0.25655   40.62742    0.17733   40.64491
jla_mock     0.24562   40.80951    0.20041   40.53766
jla_mock     0.12593   39.23872    0.19133   38.93474
jla_mock     0.22351   40.77251    0.21583   40.30655
jla_mock     0.10264   38.69015    0.14664   38.45798
jla_mock     0.11967   39.19594    0.14567   38.81533
jla_mock     0.18055   39.87408    0.16851   39.78968
jla_mock     0.19709   40.23605    0.17390   40.00094
jla_mock     0.22916   40.68061    0.19939   40.36755
jla_mock     0.26451   40.52381    0.19876   40.72040
jla_mock     0.10337   38.59719    0.12264   38.47441
jla_mock     0.36441   41.74286    0.23043   41.52305
jla_mock     0.20560   40.38624    0.15584   40.10331
jla_mock     0.17981   39.87247    0.19620   39.77982
jla_mock     0.19959   39.87366    0.18224   40.03143
jla_mock     0.15653   39.48484    0.15013   39.44844
jla_mock     0.16180   39.83838    0.14761   39.52729
jla_mock     0.20953   40.50693    0.20608   40.14927
jla_mock     0.24179   40.48059    0.19813   40.49904
jla_mock     0.23646   40.15107    0.16266   40.44434
jla_mock     0.22668   40.13378    0.21051   40.34095
jla_mock     0.29678   41.10315    0.19716   41.00643
jla_mock     0.20852   40.19966    0.16317   40.13754
jla_mock     0.25104   41.35708    0.22086   40.59138
jla_mock     0.25012   40.83121    0.17967   40.58234
jla_mock     0.11771   38.91921    0.14551   38.77674
jla_mock     0.21971   40.47913    0.16999   40.26472
jla_mock     0.14901   39.27096    0.14890   39.33153
jla_mock     0.28742   41.09313    0.18840   40.92654
jla_mock     0.14360   39.29600    0.16640   39.24396
jla_mock     0.32837   41.47252    0.19601   41.25993
jla_mock     0.24625   40.61997    0.16507   40.54396
jla_mock     0.11966   38.92339    0.15027   38.81514
jla_mock     0.32838   41.34556    0.27642   41.26001
jla_mock     0.21513   40.09982    0.18367   40.21341
jla_mock     0.14478   38.82430    0.13617   39.26332
jla_mock     0.13243   39.00208    0.12839   39.05296
jla_mock     0.21082   40.20450    0.16235   40.16418
jla_mock     0.20399   40.33445    0.15781   40.08425
jla_mock     0.27952   40.77722    0.16701   40.85722
jla_mock     0.04428   36.67119    0.15510   36.54551
jla_mock     0.18037   40.08688    0.15078   39.78729
jla_mock     0.26070   40.65907    0.18972   40.68453
jla_mock     0.05654   37.15465    0.18697   37.09513
jla_mock     0.21260   40.40055    0.19195   40.18462
jla_mock     0.36941   41.68401    0.23700   41.55764
jla_mock     0.17386   39.68786    0.13052   39.69910
jla_mock     0.14265   38.99895    0.16863   39.22827
jla_mock     0.17789   39.90946    0.17323   39.75404
jla_mock     0.32837   41.34145    0.20656   41.25993
jla_mock     0.25351   40.76906    0.19561   40.61551
jla_mock     0.30001   41.07667    0.19320   41.03346
jla_mock     0.10589   38.72624    0.14608   38.53030
jla_mock     0.22328   40.26867    0.16844   40.30404
jla_mock     0.11845   38.95551    0.12252   38.79138
jla_mock     0.17653   39.82941    0.17119   39.73563
jla_mock     0.18280   40.03026    0.18907   39.81945
jla_mock     0.29762   41.19022    0.22708   41.01348
jla_mock     0.19699   40.00136    0.16337   39.99971
jla_mock     0.15295   39.50812    0.14755   39.39345
jla_mock     0.24850   40.54292    0.17448   40.56634
jla_mock     0.13818   39.25974    0.12409   39.15309
jla_mock     0.20704   39.98475    0.17045   40.12025
jla_mock     0.21468   40.67286    0.18060   40.20831
jla_mock     0.30632   41.28331    0.21503   41.08550
jla_mock     0.24695   40.88737    0.17120   40.55095
jla_mock     0.19801   39.91955    0.14490   40.01220
jla_mock     0.22256   40.19257    0.15195   40.29616
jla_mock     0.13508   39.26537    0.15131   39.09960
jla_mock     0.21054   40.05681    0.18261   40.16096
jla_mock     0.27258   40.58903    0.16911   40.79482
jla_mock     0.24660   40.63381    0.16169   40.54746
jla_mock     0.22068   40.66994    0.19429   40.27546
jla_mock     0.27447   40.67051    0.19147   40.81196
jla_mock     0.17656   39.70836    0.15540   39.73604
jla_mock     0.31088   41.54535    0.22016   41.12250
jla_mock     0.18435   40.03445    0.17308   39.83976
jla_mock     0.15935   39.79062    0.14827   39.49093
jla_mock     0.21976   40.75552    0.16605   40.26527
jla_mock     0.25205   40.91261    0.18410   40.60127
jla_mock     0.18122   39.80145    0.14940   39.79858
jla_mock     0.17373   39.65191    0.13336   39.69730
jla_mock     0.38047   41.78784    0.24246   41.63265
jla_mock     0.17865   39.86828    0.17172   39.76428
jla_mock     0.24568   40.67177    0.18910   40.53826
jla_mock     0.20910   40.30694    0.16102   40.14428
jla_mock     0.24947   40.81964    0.20971   40.57593
jla_mock     0.13392   39.14959    0.16606   39.07929
jla_mock     0.17706   39.86614    0.16040   39.74282
jla_mock     0.28111   41.19460    0.18775   40.87131
jla_mock     0.17383   39.67442    0.15187   39.69868
jla_mock     0.19654   40.06569    0.16513   39.99418
jla_mock     0.36397   41.54830    0.22725   41.51999
jla_mock     0.37835   41.57443    0.26733   41.61843
jla_mock     0.31646   41.40689    0.21039   41.16711
jla_mock     0.18322   39.98627    0.13519   39.82497
jla_mock     0.24102   40.72299    0.16774   40.49121
jla_mock     0.20203   40.31739    0.19953   40.06085
jla_mock     0.16869   39.70807    0.16512   39.62684
jla_mock     0.19794   40.10605    0.17492   40.01135
jla_mock     0.12276   39.02864    0.14575   38.87499
jla_mock     0.20318   39.82914    0.16105   40.07461
jla_mock     0.12739   39.03775    0.14896   38.96178
jla_mock     0.27549   40.99013    0.19973   40.82116
jla_mock     0.14468   39.42440    0.14722   39.26169
jla_mock     0.33436   41.91033    0.24978   41.30545
jla_mock     0.19580   40.23437    0.15393   39.98507
jla_mock     0.19392   40.47465    0.16375   39.96176
jla_mock     0.24973   40.49224    0.18581   40.57850
jla_mock     0.14860   39.45537    0.14880   39.32499
jla_mock     0.15596   39.42235    0.14872   39.43976
jla_mock     0.09582   38.36653    0.15035   38.29889
jla_mock     0.15065   39.51493    0.15873   39.35748
jla_mock     0.30933   41.18507    0.24716   41.10998
jla_mock     0.24857   40.74271    0.17340   40.56704
jla_mock     0.36554   41.53017    0.24312   41.53091
jla_mock     0.11771   38.66413    0.12848   38.77674
jla_mock     0.19176   40.29238    0.14428   39.93472
jla_mock     0.18255   39.85415    0.16171   39.81616
jla_mock     0.23472   40.35898    0.18445   40.42624
jla_mock     0.24647   40.60014    0.19928   40.54616
jla_mock     0.28845   40.92784    0.18873   40.93544
jla_mock     0.20960   40.41221    0.19927   40.15008
jla_mock     0.19198   40.29011    0.17965   39.93748
jla_mock     0.11402   38.64024    0.12215   38.70241
jla_mock     0.11389   38.72309    0.18397   38.69975
jla_mock     0.19880   39.97009    0.20967   40.02183
jla_mock     0.22058   40.49220    0.22796   40.27436
jla_mock     0.18257   39.88191    0.16454   39.81642
jla_mock     0.15895   39.49858    0.16373   39.48495
jla_mock     0.07849   38.02554    0.14912   37.84038
jla_mock     0.13864   38.97365    0.13217   39.16093
jla_mock     0.18079   39.56446    0.15446   39.79287
jla_mock     0.17757   39.62831    0.18629   39.74972
jla_mock     0.17066   39.83503    0.16102   39.65461
jla_mock     0.23381   40.62442    0.20859   40.41672
jla_mock     0.07153   37.81666    0.17411   37.62842
jla_mock     0.15463   39.56581    0.18792   39.41940
jla_mock     0.09010   38.07348    0.15951   38.15695
jla_mock     0.17658   40.16567    0.20449   39.73631
jla_mock     0.13045   39.23126    0.16441   39.01753
jla_mock     0.18204   39.89251    0.17167   39.80943
jla_mock     0.25617   40.61001    0.17261   40.64125
jla_mock     0.13811   39.35369    0.14854   39.15189
jla_mock     0.17070   39.59668    0.16750   39.65518
jla_mock     0.21674   40.42911    0.14793   40.23156
jla_mock     0.24555   40.48715    0.17888   40.53696
jla_mock     0.14382   39.30154    0.16710   39.24758
jla_mock     0.24862   40.61657    0.18856   40.56753
jla_mock     0.14533   39.50900    0.17139   39.27229
jla_mock     0.13588   38.85447    0.12760   39.11351
jla_mock     0.05874   37.11596    0.12754   37.18137
jla_mock     0.03652   36.23733    0.15192   36.11500
jla_mock     0.27749   40.69743    0.22703   40.83912
jla_mock     0.20515   40.39012    0.29701   40.09800
jla_mock     0.28051   41.17712    0.20079   40.86600
jla_mock     0.19867   39.99303    0.16216   40.02025
jla_mock     0.15999   39.46124    0.15164   39.50048
jla_mock     0.21075   40.17612    0.18113   40.16338
jla_mock     0.07195   37.74944    0.17246   37.64176
jla_mock     0.23782   40.55368    0.19074   40.45841
jla_mock     0.14139   38.86504    0.17359   39.20730
jla_mock     0.15506   39.46558    0.15761   39.42600
jla_mock     0.37013   41.45246    0.22887   41.56259
jla_mock     0.09391   38.72092    0.17056   38.25241
jla_mock     0.11863   38.77095    0.17058   38.79493
jla_mock     0.15363   39.51544    0.15381   39.40398
jla_mock     0.25356   40.61254    0.16810   40.61600
jla_mock     0.10725   38.67678    0.14420   38.55994
jla_mock     0.12961   39.19421    0.15302   39.00235
jla_mock     0.26665   41.08845    0.19376   40.74033
jla_mock     0.21226   40.33236    0.16263   40.18073
jla_mock     0.27822   41.11715    0.18167   40.84564
jla_mock     0.24540   40.33714    0.16812   40.53546
jla_mock     0.13362   39.20296    0.15059   39.07401
jla_mock     0.17656   39.80981    0.16208   39.73604
jla_mock     0.11368   38.56247    0.14584   38.69545
jla_mock     0.32038   41.50822    0.26368   41.19801
jla_mock     0.11271   38.69803    0.12253   38.67548
jla_mock     0.10602   38.72182    0.14473   38.53314
jla_mock     0.39135   41.17123    0.26610   41.70449
jla_mock     0.15575   39.63951    0.14612   39.43656
jla_mock     0.18667   40.17834    0.16762   39.86986
jla_mock     0.19671   40.11888    0.16670   39.99627
jla_mock     0.19191   39.99903    0.17339   39.93660
jla_mock     0.19084   39.99432    0.15088   39.92311
jla_mock     0.17625   39.60873    0.15361   39.73182
jla_mock     0.12837   39.08705    0.15036   38.97977
jla_mock     0.12262   38.91995    0.14734   38.87232
jla_mock     0.12715   39.06201    0.14706   38.95736
jla_mock     0.21323   40.42693    0.17621   40.19182
jla_mock     0.21861   40.22848    0.18110   40.25249
jla_mock     0.26856   41.01440    0.19152   40.75800
jla_mock     0.20466   40.16404    0.16519   40.09220
jla_mock     0.26710   40.92426    0.17378   40.74451
jla_mock     0.21757   40.39722    0.17265   40.24087
jla_mock     0.24185   40.48382    0.17151   40.49965
jla_mock     0.29350   40.96376    0.20072   40.97870
jla_mock     0.35346   41.56909    0.23114   41.44575
jla_mock     0.18563   39.86455    0.15495   39.85641
jla_mock     0.28543   41.19447    0.19928   40.90924
jla_mock     0.19494   39.98820    0.16836   39.97443
jla_mock     0.07592   37.91972    0.14500   37.76429
jla_mock     0.16357   39.77170    0.15778   39.55323
jla_mock     0.25721   40.83546    0.20821   40.65125
jla_mock     0.21955   40.19927    0.18725   40.26294
jla_mock     0.17558   39.62449    0.15163   39.72269
jla_mock     0.22667   40.48588    0.18608   40.34084
jla_mock     0.15322   39.56700    0.15082   39.39764
jla_mock     0.21025   40.07710    0.19550   40.15761
jla_mock     0.12164   38.78338    0.12361   38.85353
jla_mock     0.29135   41.10153    0.19905   40.96037
jla_mock     0.29448   41.18181    0.27860   40.98701
jla_mock     0.16455   39.75124    0.12599   39.56749
jla_mock     0.30702   41.41657    0.20907   41.09122
jla_mock     0.19863   40.18858    0.16158   40.01976
jla_mock     0.26821   40.28122    0.21540   40.75477
jla_mock     0.40128   42.21802    0.24823   41.76846
jla_mock     0.13668   39.24751    0.15334   39.12735
jla_mock     0.29542   40.64511    0.24720   40.99496
jla_mock     0.29192   41.03571    0.19220   40.96524
jla_mock     0.09007   38.19438    0.12097   38.15619
jla_mock     0.20557   40.06122    0.18293   40.10296
jla_mock     0.14582   39.53001    0.14935   39.28026
jla_mock     0.11767   38.96486    0.14487   38.77595
jla_mock     0.05499   37.20248    0.14998   37.03240
jla_mock     0.17420   40.06594    0.15143   39.70378
jla_mock     0.24495   40.76298    0.18021   40.53095
jla_mock     0.22452   40.55923    0.18250   40.31756
jla_mock     0.24558   40.50763    0.16228   40.53726
jla_mock     0.28351   41.09427    0.21250   40.89245
jla_mock     0.18056   39.69248    0.17619   39.78982
jla_mock     0.10391   38.58985    0.12352   38.48649
jla_mock     0.12961   39.32925    0.15327   39.00235
jla_mock     0.24352   40.61802    0.16046   40.51656
jla_mock     0.33136   41.54893    0.26935   41.28275
jla_mock     0.24348   40.63483    0.19048   40.51615
jla_mock     0.31468   41.21431    0.17578   41.15296
jla_mock     0.21865   40.51188    0.18935   40.25293
jla_mock     0.26014   41.00090    0.21926   40.67922
jla_mock     0.28243   41.29141    0.19831   40.88296
jla_mock     0.30041   40.81020    0.20582   41.03679
jla_mock     0.15186   39.37214    0.14864   39.37647
jla_mock     0.26357   40.54128    0.18937   40.71159
jla_mock     0.21382   40.43586    0.20621   40.19854
jla_mock     0.16284   39.51473    0.16762   39.54256
jla_mock     0.12440   39.07336    0.17141   38.90608
jla_mock     0.19465   39.92293    0.13939   39.97083
jla_mock     0.20554   40.06042    0.18299   40.10260
jla_mock     0.10667   38.79570    0.14589   38.54734
jla_mock     0.18772   40.14645    0.18725   39.88338
jla_mock     0.16387   39.63926    0.15682   39.55760
jla_mock     0.29021   41.33916    0.19470   40.95060
jla_mock     0.09401   38.21318    0.12498   38.25487
jla_mock     0.22786   40.09428    0.18010   40.35364
jla_mock     0.10751   38.55077    0.14765   38.56556
jla_mock     0.31065   40.94248    0.22259   41.12065
jla_mock     0.14564   39.41569    0.15576   39.27734
jla_mock     0.08784   38.13985    0.12610   38.09850
jla_mock     0.14839   39.46326    0.15573   39.32164
jla_mock     0.28662   41.07943    0.19366   40.91960
jla_mock     0.12281   38.82870    0.13329   38.87594
jla_mock     0.18655   39.68073    0.20280   39.86832
jla_mock     0.12893   39.20332    0.15504   38.99000
jla_mock     0.19422   40.31408    0.16864   39.96549
jla_mock     0.14800   39.67618    0.14676   39.31541
jla_mock     0.21179   40.36169    0.22866   40.17534
jla_mock     0.17962   39.95142    0.17351   39.77728
jla_mock     0.26349   40.88228    0.18130   40.71084
jla_mock     0.19215   40.17110    0.15957   39.93962
jla_mock     0.33880   41.32114    0.22988   41.33871
jla_mock     0.11741   38.91020    0.14767   38.77078
jla_mock     0.14310   39.39748    0.16842   39.23571
jla_mock     0.16035   39.59425    0.13218   39.50583
jla_mock     0.28872   41.28724    0.21130   40.93777
jla_mock     0.12303   38.99474    0.15465   38.88013
jla_mock     0.26405   40.60221    0.18534   40.71609
jla_mock     0.12608   38.89720    0.17183   38.93753
jla_mock     0.17374   39.79272    0.14981   39.69744
jla_mock     0.16440   39.84177    0.14973   39.56531
jla_mock     0.24961   40.30785    0.16242   40.57731
jla_mock     0.15999   39.54653    0.15137   39.50048
jla_mock     0.24448   40.46881    0.15150   40.52623
jla_mock     0.24851   40.66656    0.17708   40.56644
jla_mock     0.22893   40.18422    0.16848   40.36509
jla_mock     0.08528   38.19038    0.14385   38.03054
jla_mock     0.06282   37.53660    0.14855   37.33331
jla_mock     0.27745   41.04762    0.23370   40.83876
jla_mock     0.27544   40.90694    0.21508   40.82071
jla_mock     0.33051   41.39058    0.21088   41.27628
jla_mock     0.36193   41.65587    0.24565   41.50573
jla_mock     0.33103   41.24610    0.21801   41.28024
jla_mock     0.16050   39.66285    0.12715   39.50806
jla_mock     0.30021   40.78906    0.20430   41.03513
jla_mock     0.11635   38.78265    0.12231   38.74960
jla_mock     0.21829   40.26334    0.16062   40.24892
jla_mock     0.11967   38.92515    0.12046   38.81533
jla_mock     0.15473   39.48530    0.12395   39.42094
jla_mock     0.17810   39.73494    0.16563   39.75688
jla_mock     0.25037   40.65503    0.16561   40.58480
jla_mock     0.25174   40.46400    0.14466   40.59824
jla_mock     0.12953   39.05394    0.14519   39.00090
jla_mock     0.30929   40.88877    0.18811   41.10966
jla_mock     0.27852   41.13646    0.17882   40.84832
jla_mock     0.18581   39.80829    0.13606   39.85875
jla_mock     0.06651   37.43162    0.17228   37.46289
jla_mock     0.25800   40.70112    0.18757   40.65882
jla_mock     0.29888   40.93427    0.21609   41.02403
jla_mock     0.27044   40.72605    0.22437   40.77528
jla_mock     0.27916   40.68460    0.17184   40.85402
jla_mock     0.29287   41.17805    0.21554   40.97334
jla_mock     0.18965   40.12252    0.15711   39.90803
jla_mock     0.26576   40.96347    0.19291   40.73206
jla_mock     0.12376   39.01544    0.14509   38.89399
jla_mock     0.18255   39.95874    0.14972   39.81616
jla_mock     0.05634   37.37790    0.14895   37.08713
jla_mock     0.31288   40.95127    0.18264   41.13858
jla_mock     0.30915   41.30353    0.22329   41.10853
jla_mock     0.20061   40.24479    0.15588   40.04377
jla_mock     0.32640   41.33633    0.20549   41.24480
jla_mock     0.21163   40.32549    0.13899   40.17351
jla_mock     0.17969   39.87572    0.15636   39.77821
jla_mock     0.30240   41.27430    0.19662   41.05329
jla_mock     0.10924   38.69228    0.14870   38.60268
jla_mock     0.08522   38.19592    0.15002   38.02892
jla_mock     0.20231   40.13954    0.16132   40.06421
jla_mock     0.12649   39.13288    0.15585   38.94515
jla_mock     0.21457   40.13516    0.16813   40.20706
jla_mock     0.32045   41.30609    0.19169   41.19856
jla_mock     0.21835   40.39197    0.17273   40.24959
jla_mock     0.19010   39.98672    0.15982   39.91374
jla_mock     0.09243   38.42803    0.15614   38.21577
jla_mock     0.37986   41.50413    0.18489   41.62856
jla_mock     0.21134   40.23954    0.16608   40.17017
jla_mock     0.25833   40.65110    0.18012   40.66198
jla_mock     0.18327   40.07116    0.16856   39.82563
jla_mock     0.21295   40.21744    0.17785   40.18862
jla_mock     0.11651   38.78260    0.15544   38.75281
jla_mock     0.14401   39.34923    0.17186   39.25071
jla_mock     0.25249   40.62158    0.18600   40.60557
jla_mock     0.25539   40.71613    0.21320   40.63373
jla_mock     0.21698   40.51180    0.18861   40.23425
jla_mock     1.26590   44.64488    0.22380   44.79699
jla_mock     0.93577   44.17708    0.22959   43.98915
jla_mock     0.04952   36.81095    0.20229   36.79644
jla_mock     0.03033   35.75262    0.18208   35.70157
jla_mock     0.07458   38.18457    0.21873   37.72360
jla_mock     0.02520   35.68331    0.22034   35.29123
jla_mock     0.01441   33.92353    0.20528   34.06048
jla_mock     0.02079   34.95817    0.19750   34.86681
jla_mock     0.03522   36.33466    0.20378   36.03412
jla_mock     0.04166   36.75715    0.21523   36.40883
jla_mock     0.04240   36.36936    0.20619   36.44838
jla_mock     0.01890   34.86613    0.18362   34.65682
jla_mock     0.07884   38.07624    0.21534   37.85056
jla_mock     0.06334   37.50116    0.20759   37.35224
jla_mock     0.02764   35.67786    0.23142   35.49574
jla_mock     0.04933   36.88639    0.21068   36.78762
jla_mock     0.07015   38.06894    0.22041   37.58415
jla_mock     0.02391   35.33889    0.18368   35.17514
jla_mock     0.05313   37.06706    0.22336   36.95466
jla_mock     0.02495   35.22886    0.18978   35.26944
jla_mock     0.01566   34.32023    0.20165   34.24356
jla_mock     0.04898   36.87613    0.15986   36.77203
jla_mock     0.02240   35.19609    0.18928   35.03106
jla_mock     0.03485   35.85756    0.23666   36.01099
jla_mock     0.01697   34.24969    0.20291   34.41905
jla_mock     0.03072   36.04956    0.18172   35.73037
jla_mock     0.03048   35.58121    0.18204   35.71303
jla_mock     0.01055   33.66635    0.21945   33.37697
jla_mock     0.01426   33.92270    0.17171   34.03675
jla_mock     0.02769   35.93959    0.18125   35.49983
jla_mock     0.05386   37.01719    0.15904   36.98558
jla_mock     0.01767   34.48768    0.19251   34.50873
jla_mock     0.01745   34.31140    0.17037   34.48092
jla_mock     0.01557   34.22003    0.20220   34.23076
jla_mock     0.01006   33.07306    0.23113   33.27290
jla_mock     0.05493   37.15411    0.18431   37.02998
jla_mock     0.03908   36.26313    0.16317   36.26630
jla_mock     0.07832   37.89823    0.18392   37.83534
jla_mock     0.03176   35.97180    0.15356   35.80452
jla_mock     0.01444   34.01482    0.22581   34.06489
jla_mock     0.01353   34.18643    0.22079   33.92255
jla_mock     0.02668   35.36937    0.19350   35.41745
jla_mock     0.02336   35.19583    0.17881   35.12382
jla_mock     0.03693   36.48574    0.19002   36.14013
jla_mock     0.02355   35.42657    0.17820   35.14190
jla_mock     0.01748   34.81628    0.19212   34.48507
jla_mock     0.04026   36.50226    0.17448   36.33252
jla_mock     0.03038   35.81745    0.20408   35.70566
jla_mock     0.01550   34.18790    0.20028   34.22101
jla_mock     0.01415   34.00512    0.18788   34.02052
jla_mock     0.01549   34.40733    0.18431   34.21860
jla_mock     0.01555   34.59147    0.19852   34.22808
jla_mock     0.03707   36.27529    0.15485   36.14862
jla_mock     0.01548   34.18555    0.20250   34.21789
jla_mock     0.01332   34.00151    0.18644   33.88842
jla_mock     0.01457   34.37547    0.20791   34.08532
jla_mock     0.01579   34.63863    0.19847   34.26130
jla_mock     0.02475   35.34728    0.17955   35.25120
jla_mock     0.02775   35.51201    0.17503   35.50463
jla_mock     0.01089   33.62970    0.25478   33.44601
jla_mock     0.01365   33.68980    0.18671   33.94176
jla_mock     0.03576   36.35384    0.16296   36.06783
jla_mock     0.02473   35.51521    0.17711   35.24932
jla_mock     0.03809   36.49778    0.17052   36.20863
jla_mock     0.02154   35.03117    0.17712   34.94487
jla_mock     0.01958   34.68211    0.17899   34.73456
jla_mock     0.03042   35.81435    0.17572   35.70822
jla_mock     0.03922   36.43324    0.17021   36.27406
jla_mock     0.03497   35.89520    0.15988   36.01845
jla_mock     0.02856   35.85733    0.17650   35.56863
jla_mock     0.02100   35.42736    0.18823   34.88845
jla_mock     0.03254   36.06347    0.18232   35.85802
jla_mock     0.01547   34.35923    0.19319   34.21604
jla_mock     0.01568   34.72061    0.20748   34.24552
jla_mock     0.02750   35.70693    0.15599   35.48465
jla_mock     0.04686   36.67118    0.17135   36.67229
jla_mock     0.03317   35.68992    0.18296   35.90099
jla_mock     0.01029   33.71604    0.23550   33.32258
jla_mock     0.08010   38.05235    0.17116   37.88694
jla_mock     0.01232   33.90949    0.20021   33.71613
jla_mock     0.02459   35.37543    0.20631   35.23686
jla_mock     0.01447   34.48545    0.20828   34.06899
jla_mock     0.01515   34.21830    0.18400   34.17085
jla_mock     0.02909   35.77604    0.17337   35.60902
jla_mock     0.03478   35.77309    0.17929   36.00632
jla_mock     0.04492   36.88490    0.14071   36.57766
jla_mock     0.03407   35.98213    0.16958   35.96061
jla_mock     0.07487   37.82636    0.14386   37.73249
jla_mock     0.01496   34.33811    0.19783   34.14256
jla_mock     0.02040   34.62863    0.17104   34.82442
jla_mock     0.04069   36.40483    0.17468   36.35626
jla_mock     0.02657   35.64311    0.18033   35.40830
jla_mock     0.02688   35.26851    0.15331   35.43431
jla_mock     0.02347   35.35458    0.17598   35.13429
jla_mock     0.06912   37.87808    0.19118   37.55045
jla_mock     0.06519   37.61222    0.15880   37.41747
jla_mock     0.02298   34.86363    0.17791   35.08760
jla_mock     0.01739   34.99141    0.19829   34.47296
jla_mock     0.03148   35.62528    0.15109   35.78492
jla_mock     0.01118   33.46740    0.19448   33.50474
jla_mock     0.02196   35.14967    0.17567   34.98697
jla_mock     0.03148   35.76223    0.15081   35.78485
jla_mock     0.02332   35.01888    0.20285   35.12013
jla_mock     0.02039   34.92295    0.18301   34.82377
jla_mock     0.02247   34.96539    0.18141   35.03765
jla_mock     0.03361   35.71728    0.18044   35.93037
jla_mock     0.03697   36.28360    0.17917   36.14224
jla_mock     0.02263   35.07868    0.18007   35.05361
jla_mock     0.01470   34.09990    0.18462   34.10407
jla_mock     0.03695   36.29657    0.14876   36.14109
jla_mock     0.06096   37.29590    0.12531   37.26526
jla_mock     0.05929   37.24565    0.12136   37.20241
jla_mock     0.06975   37.70427    0.15874   37.57107
jla_mock     0.02953   35.76233    0.17470   35.64232
jla_mock     0.03325   36.24087    0.17565   35.90649
jla_mock     0.02416   35.37388    0.18124   35.19813
jla_mock     0.01600   34.29024    0.19156   34.29005
jla_mock     0.06296   37.53536    0.16531   37.33846
jla_mock     0.02171   35.25615    0.19186   34.96170
jla_mock     0.03164   35.94995    0.18944   35.79569
jla_mock     0.01860   34.59647    0.17305   34.62124
jla_mock     0.02706   35.32415    0.17333   35.44934
jla_mock     0.02547   35.08000    0.18470   35.31480
jla_mock     0.02381   35.43875    0.19337   35.16597
jla_mock     0.02387   34.74267    0.18298   35.17126
jla_mock     0.02207   35.01724    0.16678   34.99820
