jla_mock     0.50308   42.47135    0.14571   42.35104
jla_mock     0.58072   42.79727    0.16123   42.72544
jla_mock     0.49479   42.31371    0.12071   42.30792
jla_mock     0.34593   41.38431    0.13253   41.39128
jla_mock     0.67766   43.19999    0.22872   43.13160
jla_mock     0.61071   42.60764    0.22549   42.85755
jla_mock     0.86649   44.23493    0.25803   43.78400
jla_mock     0.33093   41.11865    0.12801   41.27950
jla_mock     0.79857   43.48876    0.25920   43.56670
jla_mock     0.44956   42.02486    0.16140   42.06004
jla_mock     0.37144   41.40729    0.14922   41.57158
jla_mock     0.29172   40.82773    0.14231   40.96351
jla_mock     0.35582   41.35276    0.14101   41.46259
jla_mock     0.46127   42.33990    0.15587   42.12638
jla_mock     0.28361   40.85045    0.13056   40.89333
jla_mock     0.63223   42.81850    0.22183   42.94863
jla_mock     0.46641   42.40203    0.17244   42.15500
jla_mock     0.26862   40.78199    0.12820   40.75859
jla_mock     0.94689   44.33856    0.29225   44.02068
jla_mock     0.92492   44.28612    0.31213   43.95801
jla_mock     0.69317   42.83442    0.29243   43.19137
jla_mock     0.62523   43.07103    0.19089   42.91933
jla_mock     0.89694   43.83210    0.26745   43.87607
jla_mock     0.60826   42.86051    0.15987   42.84699
jla_mock     0.78905   43.76335    0.26933   43.53485
jla_mock     0.57829   42.71150    0.14638   42.71445
jla_mock     0.59028   42.92646    0.18967   42.76823
jla_mock     0.71963   43.36206    0.25305   43.29050
jla_mock     0.21003   40.15409    0.13132   40.15509
jla_mock     0.76659   43.38859    0.22577   43.45813
jla_mock     0.85851   43.68982    0.22290   43.75934
jla_mock     0.36790   41.45506    0.09931   41.54727
jla_mock     0.55875   42.59568    0.15678   42.62447
jla_mock     0.84851   43.08902    0.21739   43.72812
jla_mock     0.99639   44.31123    0.24266   44.15679
jla_mock     0.77659   43.67887    0.26449   43.49256
jla_mock     0.58293   42.85217    0.13307   42.73539
jla_mock     0.58374   42.82091    0.16753   42.73903
jla_mock     0.79655   44.07186    0.22888   43.55998
jla_mock     0.58872   42.71463    0.15579   42.76129
jla_mock     0.91347   44.37271    0.24294   43.92478
jla_mock     0.76859   43.46611    0.23905   43.46504
jla_mock     0.94846   43.84259    0.26528   44.02509
jla_mock     0.51379   42.48659    0.15288   42.40578
jla_mock     0.73361   43.44642    0.19294   43.34148
jla_mock     0.63770   42.81146    0.27011   42.97130
jla_mock     0.76559   43.41224    0.21114   43.45466
jla_mock     0.43486   41.97446    0.15773   41.97447
jla_mock     0.98341   44.20829    0.25880   44.12175
jla_mock     0.58374   42.73298    0.16233   42.73903
jla_mock     0.70063   43.20631    0.21687   43.21970
jla_mock     0.66206   43.25605    0.21295   43.07010
jla_mock     0.83813   43.87988    0.28077   43.69533
jla_mock     0.62187   43.00913    0.17547   42.90516
jla_mock     0.37059   41.33262    0.14292   41.56572
jla_mock     0.41663   41.93883    0.13815   41.86455
jla_mock     0.35857   41.30935    0.10704   41.48209
jla_mock     0.45168   42.07873    0.15279   42.07216
jla_mock     0.52276   42.48937    0.16113   42.45081
jla_mock     0.73400   43.69454    0.30409   43.34288
jla_mock     0.70196   43.55105    0.31177   43.22473
jla_mock     0.74201   43.14702    0.29013   43.37166
jla_mock     0.74612   42.98940    0.21822   43.38631
jla_mock     0.34956   41.38644    0.13473   41.41768
jla_mock     0.59183   42.78885    0.15357   42.77513
jla_mock     0.51475   42.71141    0.15561   42.41060
jla_mock     0.62063   43.13564    0.18447   42.89990
jla_mock     0.64365   42.97302    0.24392   42.99574
jla_mock     1.00280   44.07540    0.33217   44.17391
jla_mock     0.47059   42.16616    0.14421   42.17801
jla_mock     0.61064   42.94390    0.15878   42.85725
jla_mock     0.26349   40.60886    0.12805   40.71081
jla_mock     0.35834   41.29347    0.12919   41.48044
jla_mock     0.74270   43.96811    0.25909   43.37412
jla_mock     0.45156   41.96799    0.11539   42.07145
jla_mock     0.91075   43.67311    0.26165   43.91682
jla_mock     0.55261   42.49586    0.15821   42.59559
jla_mock     0.33753   41.44157    0.12813   41.32927
jla_mock     0.75068   43.72039    0.24281   43.40248
jla_mock     0.98378   43.44534    0.34665   44.12275
jla_mock     0.82270   43.92813    0.22176   43.64588
jla_mock     0.81370   43.78338    0.24257   43.61661
jla_mock     0.95076   43.99673    0.26473   44.03158
jla_mock     0.81773   43.66960    0.24643   43.62977
jla_mock     0.34052   41.38666    0.12574   41.35149
jla_mock     0.96075   43.42909    0.28766   44.05949
jla_mock     0.81072   43.28676    0.27276   43.60686
jla_mock     0.75669   43.64679    0.24755   43.42362
jla_mock     0.61125   42.59788    0.18573   42.85987
jla_mock     0.87797   43.82947    0.22379   43.81907
jla_mock     0.54832   42.41651    0.14258   42.57529
jla_mock     0.80903   43.87338    0.23222   43.60132
jla_mock     1.02880   44.41896    0.28337   44.24234
jla_mock     0.62724   42.90634    0.17555   42.92776
jla_mock     0.42245   41.86897    0.15607   41.90012
jla_mock     0.93390   44.29178    0.35000   43.98380
jla_mock     0.70116   42.84283    0.22741   43.22169
jla_mock     0.69716   43.48454    0.20952   43.20658
jla_mock     0.68518   43.53925    0.27044   43.16074
jla_mock     0.76707   43.08674    0.25234   43.45981
jla_mock     0.93190   44.22874    0.25137   43.97808
jla_mock     0.86398   43.50415    0.24510   43.77625
jla_mock     0.74910   43.42028    0.22590   43.39689
jla_mock     0.51435   42.55340    0.15357   42.40861
jla_mock     0.46841   42.17824    0.11440   42.16601
jla_mock     0.47040   42.18629    0.15655   42.17698
jla_mock     0.95887   43.89005    0.27681   44.05426
jla_mock     0.92791   44.76793    0.29724   43.96663
jla_mock     0.84052   43.73847    0.21913   43.70293
jla_mock     0.63070   42.82819    0.17083   42.94224
jla_mock     0.56275   42.47040    0.14441   42.64315
jla_mock     0.61570   42.85724    0.16969   42.87892
jla_mock     0.82853   43.85601    0.22446   43.66467
jla_mock     0.56474   42.54446    0.16043   42.65238
jla_mock     0.57874   42.70492    0.14758   42.71650
jla_mock     0.55774   42.66757    0.15832   42.61978
jla_mock     0.86450   43.51989    0.22870   43.77785
jla_mock     0.73561   43.19581    0.23469   43.34870
jla_mock     0.85851   43.21994    0.28337   43.75932
jla_mock     0.26198   40.66525    0.10443   40.69667
jla_mock     0.58574   43.05032    0.18661   42.74800
jla_mock     0.76158   43.62871    0.21599   43.44073
jla_mock     0.48880   42.15696    0.11155   42.27631
jla_mock     0.85852   43.52610    0.27431   43.75935
jla_mock     0.68866   43.47210    0.18053   43.17412
jla_mock     0.55874   42.54513    0.15492   42.62446
jla_mock     0.32453   41.21938    0.12602   41.23036
jla_mock     0.48070   42.32299    0.10839   42.23305
jla_mock     0.18537   39.80564    0.13096   39.85305
jla_mock     0.92222   43.84140    0.33855   43.95022
jla_mock     0.68194   42.99134    0.19640   43.14823
jla_mock     0.47571   42.10967    0.10811   42.20600
jla_mock     0.92221   43.96898    0.27644   43.95018
jla_mock     0.89318   43.86936    0.25783   43.86487
jla_mock     0.42865   42.26524    0.14144   41.93748
jla_mock     0.63188   43.04711    0.23474   42.94717
jla_mock     0.69996   43.34411    0.25835   43.21717
jla_mock     0.73601   43.53792    0.26469   43.35013
jla_mock     0.57582   42.75710    0.15954   42.70324
jla_mock     0.41863   41.83437    0.10652   41.87683
jla_mock     0.51175   42.37296    0.12001   42.39540
jla_mock     0.53577   42.60617    0.12653   42.51485
jla_mock     0.64189   43.11458    0.21547   42.98856
jla_mock     0.73500   43.34737    0.22720   43.34649
jla_mock     0.35156   41.47758    0.13079   41.43211
jla_mock     0.60986   42.66308    0.17401   42.85388
jla_mock     0.34956   41.40901    0.13437   41.41766
jla_mock     0.70197   43.22963    0.18820   43.22475
jla_mock     0.35526   41.50505    0.10428   41.45861
jla_mock     0.98328   43.88339    0.25757   44.12140
jla_mock     0.87215   43.70307    0.26598   43.80134
jla_mock     0.75903   43.62906    0.20819   43.43183
jla_mock     0.92622   44.37060    0.24599   43.96176
jla_mock     0.64364   42.77039    0.22846   42.99573
jla_mock     0.41957   41.89418    0.13773   41.88255
jla_mock     0.51559   42.24020    0.20314   42.41484
jla_mock     0.89073   43.95756    0.21058   43.85753
jla_mock     0.80570   43.88850    0.22987   43.59033
jla_mock     0.48057   42.05379    0.10875   42.23231
jla_mock     0.80070   43.77047    0.24546   43.57378
jla_mock     0.58060   43.05610    0.18881   42.72490
jla_mock     0.71565   43.48034    0.24397   43.27584
jla_mock     0.80570   43.75413    0.23277   43.59033
jla_mock     0.76668   43.41196    0.25284   43.45846
jla_mock     0.66464   43.00792    0.19579   43.08037
jla_mock     0.90174   43.86124    0.25191   43.89028
jla_mock     0.74567   43.27388    0.21143   43.38470
jla_mock     0.71868   43.15288    0.20380   43.28702
jla_mock     0.73669   43.66438    0.19636   43.35259
jla_mock     0.57960   42.95175    0.12085   42.72037
jla_mock     0.37053   41.51725    0.10257   41.56534
jla_mock     0.96074   43.94584    0.23956   44.05946
jla_mock     0.85073   43.82142    0.21180   43.73508
jla_mock     0.64864   43.15392    0.19255   43.01611
jla_mock     0.21946   40.07200    0.13037   40.26197
jla_mock     0.93676   43.97261    0.24130   43.99195
jla_mock     0.64764   43.29326    0.17876   43.01204
jla_mock     0.46156   41.98027    0.13341   42.12800
jla_mock     0.60060   42.64987    0.17945   42.81372
jla_mock     0.67065   42.99574    0.23101   43.10415
jla_mock     0.76070   43.30926    0.20946   43.43765
jla_mock     0.24649   40.42109    0.13212   40.54638
jla_mock     0.47057   42.26735    0.14759   42.17794
jla_mock     0.16945   39.58730    0.11210   39.63766
jla_mock     0.49738   42.41039    0.12913   42.32144
jla_mock     0.63823   42.61413    0.19689   42.97350
jla_mock     0.50737   42.15805    0.14543   42.37308
jla_mock     0.53533   42.55397    0.14230   42.51269
jla_mock     0.58728   42.49793    0.16639   42.75489
jla_mock     0.77308   43.35647    0.25621   43.48052
jla_mock     0.69917   43.17831    0.22210   43.21417
jla_mock     0.37051   41.63909    0.12736   41.56520
jla_mock     0.76109   42.95472    0.22809   43.43902
jla_mock     0.69917   43.49481    0.21960   43.21418
jla_mock     0.78806   43.58226    0.19242   43.53150
jla_mock     0.37351   41.56075    0.13203   41.58571
jla_mock     0.40548   41.83753    0.13199   41.79507
jla_mock     0.85299   43.83710    0.25729   43.74216
jla_mock     0.80805   43.72555    0.24185   43.59808
jla_mock     0.60327   42.83295    0.18398   42.82536
jla_mock     0.58329   42.32941    0.17903   42.73700
jla_mock     0.53434   42.45418    0.14774   42.50785
jla_mock     0.72014   43.36253    0.24070   43.29239
jla_mock     0.40048   41.11745    0.21061   41.76340
jla_mock     0.83700   43.53740    0.21503   43.69176
jla_mock     0.37151   41.32461    0.10193   41.57203
jla_mock     0.80604   44.10340    0.25908   43.59147
jla_mock     0.84001   43.94142    0.23507   43.70129
jla_mock     0.50073   42.07333    0.12981   42.33885
jla_mock     0.53277   42.79540    0.17422   42.50018
jla_mock     0.53377   42.53088    0.18215   42.50508
jla_mock     0.93223   44.38425    0.34153   43.97902
jla_mock     0.82210   43.13563    0.25791   43.64395
jla_mock     0.55380   42.53168    0.13545   42.60122
jla_mock     0.12530   38.96244    0.13709   38.92294
jla_mock     0.84212   43.89224    0.28303   43.70800
jla_mock     0.44367   42.10106    0.15187   42.02605
jla_mock     0.72767   43.51380    0.24978   43.31996
jla_mock     0.68366   42.14308    0.41253   43.15487
jla_mock     0.44255   41.79660    0.13368   42.01954
jla_mock     0.72668   43.21377    0.20022   43.31634
jla_mock     0.28251   41.03418    0.12748   40.88366
jla_mock     0.40455   41.73283    0.12965   41.78921
jla_mock     0.51961   42.53849    0.13964   42.43507
jla_mock     0.69065   43.55954    0.23215   43.18177
jla_mock     1.06080   44.31190    0.27869   44.32423
jla_mock     0.57661   42.89399    0.15376   42.70683
jla_mock     0.26849   40.77949    0.12614   40.75735
jla_mock     0.72068   43.18334    0.25107   43.29438
jla_mock     0.25050   40.46640    0.13111   40.58606
jla_mock     0.76069   43.40226    0.27664   43.43763
jla_mock     0.69817   42.96628    0.26129   43.21038
jla_mock     0.55031   42.56560    0.16854   42.58475
jla_mock     0.73013   43.15260    0.23525   43.32888
jla_mock     0.84798   43.80204    0.24703   43.72647
jla_mock     0.99783   44.54415    0.24706   44.16064
jla_mock     0.43545   41.88052    0.13052   41.97792
jla_mock     0.40947   41.81846    0.12922   41.82014
jla_mock     0.30159   41.11363    0.12599   41.04659
jla_mock     1.29911   44.86700    0.19341   44.86622
jla_mock     1.02081   44.09761    0.23668   44.22149
jla_mock     0.83973   43.52091    0.19265   43.70043
jla_mock     1.12085   44.47901    0.20807   44.47149
jla_mock     1.23089   44.57318    0.23900   44.72199
jla_mock     0.97423   44.29593    0.18427   44.09670
jla_mock     0.97078   44.02125    0.33863   44.08723
jla_mock     0.06423   37.42803    0.15073   37.38367
jla_mock     0.12903   38.83126    0.16417   38.99182
jla_mock     0.10289   38.41422    0.14984   38.46361
jla_mock     0.04413   36.49404    0.17360   36.53791
jla_mock     0.11304   38.82144    0.15277   38.68229
jla_mock     0.25611   40.81110    0.20496   40.64067
jla_mock     0.38026   41.19573    0.28703   41.63124
jla_mock     0.14547   39.18152    0.16219   39.27457
jla_mock     0.08889   38.05341    0.14637   38.12583
jla_mock     0.26059   40.79135    0.18294   40.68349
jla_mock     0.07891   37.43716    0.15603   37.85259
jla_mock     0.08304   37.90551    0.15332   37.96945
jla_mock     0.16565   39.59398    0.13854   39.58339
jla_mock     0.16817   39.76582    0.16196   39.61946
jla_mock     0.17063   39.78486    0.16521   39.65419
jla_mock     0.17028   39.54067    0.17036   39.64928
jla_mock     0.12044   38.64082    0.15110   38.83033
jla_mock     0.27653   40.85445    0.21444   40.83051
jla_mock     0.23160   40.34279    0.18253   40.39347
jla_mock     0.30569   40.78271    0.26735   41.08035
jla_mock     0.07997   37.83100    0.16566   37.88313
jla_mock     0.17415   39.81587    0.15831   39.70309
jla_mock     0.13868   39.01037    0.16605   39.16161
jla_mock     0.14607   39.27921    0.16392   39.28432
jla_mock     0.08133   38.10004    0.14393   37.92176
jla_mock     0.23380   40.19834    0.17178   40.41662
jla_mock     0.25655   41.02764    0.17733   40.64491
jla_mock     0.24562   40.42429    0.20041   40.53766
jla_mock     0.12593   39.13344    0.19133   38.93474
jla_mock     0.22351   40.51314    0.21583   40.30655
jla_mock     0.10264   38.23117    0.14664   38.45798
jla_mock     0.11967   39.05339    0.14567   38.81533
jla_mock     0.18055   40.01422    0.16851   39.78968
jla_mock     0.19709   39.78463    0.17390   40.00094
jla_mock     0.22916   40.16547    0.19939   40.36755
jla_mock     0.26451   40.74285    0.19876   40.72040
jla_mock     0.10337   38.48796    0.12264   38.47441
jla_mock     0.36441   41.69780    0.23043   41.52305
jla_mock     0.20560   40.14509    0.15584   40.10331
jla_mock     0.17981   40.04311    0.19620   39.77982
jla_mock     0.19959   39.97009    0.18224   40.03143
jla_mock     0.15653   39.34011    0.15013   39.44844
jla_mock     0.16180   39.28983    0.14761   39.52729
jla_mock     0.20953   40.09168    0.20608   40.14927
jla_mock     0.24179   40.43214    0.19813   40.49904
jla_mock     0.23646   40.26504    0.16266   40.44434
jla_mock     0.22668   39.80602    0.21051   40.34095
jla_mock     0.29678   41.14004    0.19716   41.00643
jla_mock     0.20852   40.08299    0.16317   40.13754
jla_mock     0.25104   39.94434    0.22086   40.59138
jla_mock     0.25012   40.77164    0.17967   40.58234
jla_mock     0.11771   38.57828    0.14551   38.77674
jla_mock     0.21971   40.45605    0.16999   40.26472
jla_mock     0.14901   39.42626    0.14890   39.33153
jla_mock     0.28742   40.83796    0.18840   40.92654
jla_mock     0.14360   39.14995    0.16640   39.24396
jla_mock     0.32837   41.03408    0.19601   41.25993
jla_mock     0.24625   40.50988    0.16507   40.54396
jla_mock     0.11966   38.70125    0.15027   38.81514
jla_mock     0.32838   41.15783    0.27642   41.26001
jla_mock     0.21513   40.16651    0.18367   40.21341
jla_mock     0.14478   39.08213    0.13617   39.26332
jla_mock     0.13243   39.04352    0.12839   39.05296
jla_mock     0.21082   40.13588    0.16235   40.16418
jla_mock     0.20399   39.90922    0.15781   40.08425
jla_mock     0.27952   41.09993    0.16701   40.85722
jla_mock     0.04428   36.28492    0.15510   36.54551
jla_mock     0.18037   39.79179    0.15078   39.78729
jla_mock     0.26070   40.63264    0.18972   40.68453
jla_mock     0.05654   37.02712    0.18697   37.09513
jla_mock     0.21260   40.01916    0.19195   40.18462
jla_mock     0.36941   41.41895    0.23700   41.55764
jla_mock     0.17386   39.59125    0.13052   39.69910
jla_mock     0.14265   39.36972    0.16863   39.22827
jla_mock     0.17789   39.87398    0.17323   39.75404
jla_mock     0.32837   41.01819    0.20656   41.25993
jla_mock     0.25351   40.30457    0.19561   40.61551
jla_mock     0.30001   40.97051    0.19320   41.03346
jla_mock     0.10589   38.71665    0.14608   38.53030
jla_mock     0.22328   40.12325    0.16844   40.30404
jla_mock     0.11845   38.70240    0.12252   38.79138
jla_mock     0.17653   39.64586    0.17119   39.73563
jla_mock     0.18280   39.53232    0.18907   39.81945
jla_mock     0.29762   40.77125    0.22708   41.01348
jla_mock     0.19699   39.68278    0.16337   39.99971
jla_mock     0.15295   39.70596    0.14755   39.39345
jla_mock     0.24850   40.75250    0.17448   40.56634
jla_mock     0.13818   39.07901    0.12409   39.15309
jla_mock     0.20704   40.41965    0.17045   40.12025
jla_mock     0.21468   40.10714    0.18060   40.20831
jla_mock     0.30632   40.97634    0.21503   41.08550
jla_mock     0.24695   40.41203    0.17120   40.55095
jla_mock     0.19801   40.07393    0.14490   40.01220
jla_mock     0.22256   40.27660    0.15195   40.29616
jla_mock     0.13508   39.06305    0.15131   39.09960
jla_mock     0.21054   40.23075    0.18261   40.16096
jla_mock     0.27258   40.79004    0.16911   40.79482
jla_mock     0.24660   40.52648    0.16169   40.54746
jla_mock     0.22068   40.13122    0.19429   40.27546
jla_mock     0.27447   40.74435    0.19147   40.81196
jla_mock     0.17656   39.75733    0.15540   39.73604
jla_mock     0.31088   40.96893    0.22016   41.12250
jla_mock     0.18435   39.70245    0.17308   39.83976
jla_mock     0.15935   39.52273    0.14827   39.49093
jla_mock     0.21976   40.17173    0.16605   40.26527
jla_mock     0.25205   40.43437    0.18410   40.60127
jla_mock     0.18122   39.88827    0.14940   39.79858
jla_mock     0.17373   39.80612    0.13336   39.69730
jla_mock     0.38047   41.83509    0.24246   41.63265
jla_mock     0.17865   39.56247    0.17172   39.76428
jla_mock     0.24568   40.51395    0.18910   40.53826
jla_mock     0.20910   40.06205    0.16102   40.14428
jla_mock     0.24947   40.76240    0.20971   40.57593
jla_mock     0.13392   39.20717    0.16606   39.07929
jla_mock     0.17706   39.77438    0.16040   39.74282
jla_mock     0.28111   40.85425    0.18775   40.87131
jla_mock     0.17383   39.66086    0.15187   39.69868
jla_mock     0.19654   39.88295    0.16513   39.99418
jla_mock     0.36397   41.22192    0.22725   41.51999
jla_mock     0.37835   41.58484    0.26733   41.61843
jla_mock     0.31646   41.01371    0.21039   41.16711
jla_mock     0.18322   39.82209    0.13519   39.82497
jla_mock     0.24102   40.51479    0.16774   40.49121
jla_mock     0.20203   40.07770    0.19953   40.06085
jla_mock     0.16869   39.47608    0.16512   39.62684
jla_mock     0.19794   40.16486    0.17492   40.01135
jla_mock     0.12276   38.79053    0.14575   38.87499
jla_mock     0.20318   40.22205    0.16105   40.07461
jla_mock     0.12739   38.60668    0.14896   38.96178
jla_mock     0.27549   40.93499    0.19973   40.82116
jla_mock     0.14468   39.44453    0.14722   39.26169
jla_mock     0.33436   41.70895    0.24978   41.30545
jla_mock     0.19580   40.07731    0.15393   39.98507
jla_mock     0.19392   39.93611    0.16375   39.96176
jla_mock     0.24973   40.38829    0.18581   40.57850
jla_mock     0.14860   39.36877    0.14880   39.32499
jla_mock     0.15596   39.42674    0.14872   39.43976
jla_mock     0.09582   38.34399    0.15035   38.29889
jla_mock     0.15065   39.35842    0.15873   39.35748
jla_mock     0.30933   41.75274    0.24716   41.10998
jla_mock     0.24857   40.31183    0.17340   40.56704
jla_mock     0.36554   41.27819    0.24312   41.53091
jla_mock     0.11771   38.86233    0.12848   38.77674
jla_mock     0.19176   39.93252    0.14428   39.93472
jla_mock     0.18255   39.69708    0.16171   39.81616
jla_mock     0.23472   40.73585    0.18445   40.42624
jla_mock     0.24647   40.28888    0.19928   40.54616
jla_mock     0.28845   41.11663    0.18873   40.93544
jla_mock     0.20960   40.20792    0.19927   40.15008
jla_mock     0.19198   40.14393    0.17965   39.93748
jla_mock     0.11402   38.73210    0.12215   38.70241
jla_mock     0.11389   38.29911    0.18397   38.69975
jla_mock     0.19880   40.18559    0.20967   40.02183
jla_mock     0.22058   40.43418    0.22796   40.27436
jla_mock     0.18257   40.00220    0.16454   39.81642
jla_mock     0.15895   39.11753    0.16373   39.48495
jla_mock     0.07849   37.87655    0.14912   37.84038
jla_mock     0.13864   39.24345    0.13217   39.16093
jla_mock     0.18079   39.93693    0.15446   39.79287
jla_mock     0.17757   39.68925    0.18629   39.74972
jla_mock     0.17066   39.43621    0.16102   39.65461
jla_mock     0.23381   40.60993    0.20859   40.41672
jla_mock     0.07153   37.84806    0.17411   37.62842
jla_mock     0.15463   39.45679    0.18792   39.41940
jla_mock     0.09010   38.11892    0.15951   38.15695
jla_mock     0.17658   39.54328    0.20449   39.73631
jla_mock     0.13045   38.90796    0.16441   39.01753
jla_mock     0.18204   39.73260    0.17167   39.80943
jla_mock     0.25617   40.89151    0.17261   40.64125
jla_mock     0.13811   38.93615    0.14854   39.15189
jla_mock     0.17070   39.40212    0.16750   39.65518
jla_mock     0.21674   40.25668    0.14793   40.23156
jla_mock     0.24555   40.32619    0.17888   40.53696
jla_mock     0.14382   39.11824    0.16710   39.24758
jla_mock     0.24862   40.50737    0.18856   40.56753
jla_mock     0.14533   39.20098    0.17139   39.27229
jla_mock     0.13588   39.13577    0.12760   39.11351
jla_mock     0.05874   37.24201    0.12754   37.18137
jla_mock     0.03652   36.29550    0.15192   36.11500
jla_mock     0.27749   40.56263    0.22703   40.83912
jla_mock     0.20515   40.75115    0.29701   40.09800
jla_mock     0.28051   41.23462    0.20079   40.86600
jla_mock     0.19867   39.71179    0.16216   40.02025
jla_mock     0.15999   39.69717    0.15164   39.50048
jla_mock     0.21075   39.82856    0.18113   40.16338
jla_mock     0.07195   37.49724    0.17246   37.64176
jla_mock     0.23782   40.35685    0.19074   40.45841
jla_mock     0.14139   39.23828    0.17359   39.20730
jla_mock     0.15506   39.28066    0.15761   39.42600
jla_mock     0.37013   41.76389    0.22887   41.56259
jla_mock     0.09391   38.10996    0.17056   38.25241
jla_mock     0.11863   38.67428    0.17058   38.79493
jla_mock     0.15363   39.62585    0.15381   39.40398
jla_mock     0.25356   40.54107    0.16810   40.61600
jla_mock     0.10725   38.46970    0.14420   38.55994
jla_mock     0.12961   38.93535    0.15302   39.00235
jla_mock     0.26665   40.72144    0.19376   40.74033
jla_mock     0.21226   40.13414    0.16263   40.18073
jla_mock     0.27822   40.58610    0.18167   40.84564
jla_mock     0.24540   40.27211    0.16812   40.53546
jla_mock     0.13362   39.00514    0.15059   39.07401
jla_mock     0.17656   39.47011    0.16208   39.73604
jla_mock     0.11368   38.77200    0.14584   38.69545
jla_mock     0.32038   41.31266    0.26368   41.19801
jla_mock     0.11271   38.67352    0.12253   38.67548
jla_mock     0.10602   38.26399    0.14473   38.53314
jla_mock     0.39135   41.36702    0.26610   41.70449
jla_mock     0.15575   39.29381    0.14612   39.43656
jla_mock     0.18667   39.84540    0.16762   39.86986
jla_mock     0.19671   40.36716    0.16670   39.99627
jla_mock     0.19191   39.74059    0.17339   39.93660
jla_mock     0.19084   39.97910    0.15088   39.92311
jla_mock     0.17625   39.88905    0.15361   39.73182
jla_mock     0.12837   39.04063    0.15036   38.97977
jla_mock     0.12262   38.88067    0.14734   38.87232
jla_mock     0.12715   38.86545    0.14706   38.95736
jla_mock     0.21323   40.23258    0.17621   40.19182
jla_mock     0.21861   40.24500    0.18110   40.25249
jla_mock     0.26856   40.85552    0.19152   40.75800
jla_mock     0.20466   39.90263    0.16519   40.09220
jla_mock     0.26710   40.72696    0.17378   40.74451
jla_mock     0.21757   40.17896    0.17265   40.24087
jla_mock     0.24185   40.38123    0.17151   40.49965
jla_mock     0.29350   41.02028    0.20072   40.97870
jla_mock     0.35346   41.80733    0.23114   41.44575
jla_mock     0.18563   39.89963    0.15495   39.85641
jla_mock     0.28543   40.50013    0.19928   40.90924
jla_mock     0.19494   39.89065    0.16836   39.97443
jla_mock     0.07592   37.65633    0.14500   37.76429
jla_mock     0.16357   39.36817    0.15778   39.55323
jla_mock     0.25721   40.40335    0.20821   40.65125
jla_mock     0.21955   40.34539    0.18725   40.26294
jla_mock     0.17558   39.56630    0.15163   39.72269
jla_mock     0.22667   39.70169    0.18608   40.34084
jla_mock     0.15322   39.21861    0.15082   39.39764
jla_mock     0.21025   39.94483    0.19550   40.15761
jla_mock     0.12164   39.10455    0.12361   38.85353
jla_mock     0.29135   41.01104    0.19905   40.96037
jla_mock     0.29448   41.33103    0.27860   40.98701
jla_mock     0.16455   39.50188    0.12599   39.56749
jla_mock     0.30702   40.96702    0.20907   41.09122
jla_mock     0.19863   40.21544    0.16158   40.01976
jla_mock     0.26821   41.19027    0.21540   40.75477
jla_mock     0.40128   41.77469    0.24823   41.76846
jla_mock     0.13668   39.03162    0.15334   39.12735
jla_mock     0.29542   40.86958    0.24720   40.99496
jla_mock     0.29192   40.61582    0.19220   40.96524
jla_mock     0.09007   38.32545    0.12097   38.15619
jla_mock     0.20557   40.21262    0.18293   40.10296
jla_mock     0.14582   39.44806    0.14935   39.28026
jla_mock     0.11767   38.73814    0.14487   38.77595
jla_mock     0.05499   37.15695    0.14998   37.03240
jla_mock     0.17420   39.71570    0.15143   39.70378
jla_mock     0.24495   40.47216    0.18021   40.53095
jla_mock     0.22452   40.10162    0.18250   40.31756
jla_mock     0.24558   40.41808    0.16228   40.53726
jla_mock     0.28351   41.10471    0.21250   40.89245
jla_mock     0.18056   39.79950    0.17619   39.78982
jla_mock     0.10391   38.59479    0.12352   38.48649
jla_mock     0.12961   39.15868    0.15327   39.00235
jla_mock     0.24352   40.42401    0.16046   40.51656
jla_mock     0.33136   41.18828    0.26935   41.28275
jla_mock     0.24348   40.38531    0.19048   40.51615
jla_mock     0.31468   40.92011    0.17578   41.15296
jla_mock     0.21865   39.87431    0.18935   40.25293
jla_mock     0.26014   40.67485    0.21926   40.67922
jla_mock     0.28243   40.59363    0.19831   40.88296
jla_mock     0.30041   41.24275    0.20582   41.03679
jla_mock     0.15186   39.46827    0.14864   39.37647
jla_mock     0.26357   40.95385    0.18937   40.71159
jla_mock     0.21382   39.85915    0.20621   40.19854
jla_mock     0.16284   39.66045    0.16762   39.54256
jla_mock     0.12440   38.81629    0.17141   38.90608
jla_mock     0.19465   40.13023    0.13939   39.97083
jla_mock     0.20554   39.96128    0.18299   40.10260
jla_mock     0.10667   38.53340    0.14589   38.54734
jla_mock     0.18772   39.80969    0.18725   39.88338
jla_mock     0.16387   39.33065    0.15682   39.55760
jla_mock     0.29021   40.77060    0.19470   40.95060
jla_mock     0.09401   38.30230    0.12498   38.25487
jla_mock     0.22786   40.49138    0.18010   40.35364
jla_mock     0.10751   38.56070    0.14765   38.56556
jla_mock     0.31065   41.40604    0.22259   41.12065
jla_mock     0.14564   39.32989    0.15576   39.27734
jla_mock     0.08784   37.94264    0.12610   38.09850
jla_mock     0.14839   39.22786    0.15573   39.32164
jla_mock     0.28662   41.11518    0.19366   40.91960
jla_mock     0.12281   38.81113    0.13329   38.87594
jla_mock     0.18655   39.76848    0.20280   39.86832
jla_mock     0.12893   38.98524    0.15504   38.99000
jla_mock     0.19422   39.68237    0.16864   39.96549
jla_mock     0.14800   39.16063    0.14676   39.31541
jla_mock     0.21179   40.07103    0.22866   40.17534
jla_mock     0.17962   39.89913    0.17351   39.77728
jla_mock     0.26349   40.71708    0.18130   40.71084
jla_mock     0.19215   39.84696    0.15957   39.93962
jla_mock     0.33880   41.36888    0.22988   41.33871
jla_mock     0.11741   38.69027    0.14767   38.77078
jla_mock     0.14310   39.23283    0.16842   39.23571
jla_mock     0.16035   39.68954    0.13218   39.50583
jla_mock     0.28872   41.04590    0.21130   40.93777
jla_mock     0.12303   38.88680    0.15465   38.88013
jla_mock     0.26405   40.93382    0.18534   40.71609
jla_mock     0.12608   39.12617    0.17183   38.93753
jla_mock     0.17374   39.56762    0.14981   39.69744
jla_mock     0.16440   39.35853    0.14973   39.56531
jla_mock     0.24961   40.83935    0.16242   40.57731
jla_mock     0.15999   39.71341    0.15137   39.50048
jla_mock     0.24448   40.55529    0.15150   40.52623
jla_mock     0.24851   39.98094    0.17708   40.56644
jla_mock     0.22893   40.55308    0.16848   40.36509
jla_mock     0.08528   37.98441    0.14385   38.03054
jla_mock     0.06282   37.25227    0.14855   37.33331
jla_mock     0.27745   40.84967    0.23370   40.83876
jla_mock     0.27544   40.42172    0.21508   40.82071
jla_mock     0.33051   41.23568    0.21088   41.27628
jla_mock     0.36193   41.40083    0.24565   41.50573
jla_mock     0.33103   41.56068    0.21801   41.28024
jla_mock     0.16050   39.33719    0.12715   39.50806
jla_mock     0.30021   40.76948    0.20430   41.03513
jla_mock     0.11635   38.66986    0.12231   38.74960
jla_mock     0.21829   40.19629    0.16062   40.24892
jla_mock     0.11967   38.93379    0.12046   38.81533
jla_mock     0.15473   39.44547    0.12395   39.42094
jla_mock     0.17810   39.89349    0.16563   39.75688
jla_mock     0.25037   40.59698    0.16561   40.58480
jla_mock     0.25174   40.62898    0.14466   40.59824
jla_mock     0.12953   38.79938    0.14519   39.00090
jla_mock     0.30929   40.86691    0.18811   41.10966
jla_mock     0.27852   40.88430    0.17882   40.84832
jla_mock     0.18581   39.79167    0.13606   39.85875
jla_mock     0.06651   37.34376    0.17228   37.46289
jla_mock     0.25800   40.67684    0.18757   40.65882
jla_mock     0.29888   40.69240    0.21609   41.02403
jla_mock     0.27044   40.68815    0.22437   40.77528
jla_mock     0.27916   40.60491    0.17184   40.85402
jla_mock     0.29287   40.61085    0.21554   40.97334
jla_mock     0.18965   39.71558    0.15711   39.90803
jla_mock     0.26576   40.64921    0.19291   40.73206
jla_mock     0.12376   38.60577    0.14509   38.89399
jla_mock     0.18255   39.77437    0.14972   39.81616
jla_mock     0.05634   37.29906    0.14895   37.08713
jla_mock     0.31288   41.21377    0.18264   41.13858
jla_mock     0.30915   40.80909    0.22329   41.10853
jla_mock     0.20061   39.88824    0.15588   40.04377
jla_mock     0.32640   41.36958    0.20549   41.24480
jla_mock     0.21163   40.18341    0.13899   40.17351
jla_mock     0.17969   39.51303    0.15636   39.77821
jla_mock     0.30240   40.76297    0.19662   41.05329
jla_mock     0.10924   38.47601    0.14870   38.60268
jla_mock     0.08522   38.02591    0.15002   38.02892
jla_mock     0.20231   39.96733    0.16132   40.06421
jla_mock     0.12649   38.96845    0.15585   38.94515
jla_mock     0.21457   39.73471    0.16813   40.20706
jla_mock     0.32045   41.32758    0.19169   41.19856
jla_mock     0.21835   40.35243    0.17273   40.24959
jla_mock     0.19010   39.96551    0.15982   39.91374
jla_mock     0.09243   38.04248    0.15614   38.21577
jla_mock     0.37986   41.70305    0.18489   41.62856
jla_mock     0.21134   40.28519    0.16608   40.17017
jla_mock     0.25833   40.94416    0.18012   40.66198
jla_mock     0.18327   39.85350    0.16856   39.82563
jla_mock     0.21295   40.19384    0.17785   40.18862
jla_mock     0.11651   38.75713    0.15544   38.75281
jla_mock     0.14401   39.29242    0.17186   39.25071
jla_mock     0.25249   40.48995    0.18600   40.60557
jla_mock     0.25539   40.37662    0.21320   40.63373
jla_mock     0.21698   40.15113    0.18861   40.23425
jla_mock     1.26590   45.02190    0.22380   44.79699
jla_mock     0.93577   43.59842    0.22959   43.98915
jla_mock     0.04952   36.22636    0.20229   36.79644
jla_mock     0.03033   35.48180    0.18208   35.70157
jla_mock     0.07458   37.55894    0.21873   37.72360
jla_mock     0.02520   35.25149    0.22034   35.29123
jla_mock     0.01441   33.82379    0.20528   34.06048
jla_mock     0.02079   35.08813    0.19750   34.86681
jla_mock     0.03522   35.61605    0.20378   36.03412
jla_mock     0.04166   36.47122    0.21523   36.40883
jla_mock     0.04240   36.34004    0.20619   36.44838
jla_mock     0.01890   34.57171    0.18362   34.65682
jla_mock     0.07884   37.68638    0.21534   37.85056
jla_mock     0.06334   37.21101    0.20759   37.35224
jla_mock     0.02764   35.41632    0.23142   35.49574
jla_mock     0.04933   36.39584    0.21068   36.78762
jla_mock     0.07015   37.35486    0.22041   37.58415
jla_mock     0.02391   35.02262    0.18368   35.17514
jla_mock     0.05313   36.84347    0.22336   36.95466
jla_mock     0.02495   35.44186    0.18978   35.26944
jla_mock     0.01566   33.97124    0.20165   34.24356
jla_mock     0.04898   36.62347    0.15986   36.77203
jla_mock     0.02240   34.88795    0.18928   35.03106
jla_mock     0.03485   36.04327    0.23666   36.01099
jla_mock     0.01697   34.56886    0.20291   34.41905
jla_mock     0.03072   35.58717    0.18172   35.73037
jla_mock     0.03048   35.78518    0.18204   35.71303
jla_mock     0.01055   33.42132    0.21945   33.37697
jla_mock     0.01426   34.38487    0.17171   34.03675
jla_mock     0.02769   35.70643    0.18125   35.49983
jla_mock     0.05386   36.94905    0.15904   36.98558
jla_mock     0.01767   34.29493    0.19251   34.50873
jla_mock     0.01745   34.43742    0.17037   34.48092
jla_mock     0.01557   34.17851    0.20220   34.23076
jla_mock     0.01006   33.28958    0.23113   33.27290
jla_mock     0.05493   37.08397    0.18431   37.02998
jla_mock     0.03908   36.61923    0.16317   36.26630
jla_mock     0.07832   37.93337    0.18392   37.83534
jla_mock     0.03176   35.96653    0.15356   35.80452
jla_mock     0.01444   34.05380    0.22581   34.06489
jla_mock     0.01353   33.94599    0.22079   33.92255
jla_mock     0.02668   35.53709    0.19350   35.41745
jla_mock     0.02336   34.78343    0.17881   35.12382
jla_mock     0.03693   35.98695    0.19002   36.14013
jla_mock     0.02355   35.09939    0.17820   35.14190
jla_mock     0.01748   34.52957    0.19212   34.48507
jla_mock     0.04026   36.51911    0.17448   36.33252
jla_mock     0.03038   35.50013    0.20408   35.70566
jla_mock     0.01550   34.16994    0.20028   34.22101
jla_mock     0.01415   34.33955    0.18788   34.02052
jla_mock     0.01549   34.13704    0.18431   34.21860
jla_mock     0.01555   34.17250    0.19852   34.22808
jla_mock     0.03707   36.37717    0.15485   36.14862
jla_mock     0.01548   34.34729    0.20250   34.21789
jla_mock     0.01332   33.62593    0.18644   33.88842
jla_mock     0.01457   33.98152    0.20791   34.08532
jla_mock     0.01579   34.19450    0.19847   34.26130
jla_mock     0.02475   35.33667    0.17955   35.25120
jla_mock     0.02775   35.58765    0.17503   35.50463
jla_mock     0.01089   33.54087    0.25478   33.44601
jla_mock     0.01365   34.20411    0.18671   33.94176
jla_mock     0.03576   35.95962    0.16296   36.06783
jla_mock     0.02473   35.00300    0.17711   35.24932
jla_mock     0.03809   36.15054    0.17052   36.20863
jla_mock     0.02154   34.98705    0.17712   34.94487
jla_mock     0.01958   34.81980    0.17899   34.73456
jla_mock     0.03042   35.73627    0.17572   35.70822
jla_mock     0.03922   36.16497    0.17021   36.27406
jla_mock     0.03497   35.91939    0.15988   36.01845
jla_mock     0.02856   35.27004    0.17650   35.56863
jla_mock     0.02100   34.84056    0.18823   34.88845
jla_mock     0.03254   35.93963    0.18232   35.85802
jla_mock     0.01547   34.00335    0.19319   34.21604
jla_mock     0.01568   34.14095    0.20748   34.24552
jla_mock     0.02750   35.59774    0.15599   35.48465
jla_mock     0.04686   36.72079    0.17135   36.67229
jla_mock     0.03317   35.56123    0.18296   35.90099
jla_mock     0.01029   33.25545    0.23550   33.32258
jla_mock     0.08010   37.86321    0.17116   37.88694
jla_mock     0.01232   33.51368    0.20021   33.71613
jla_mock     0.02459   35.01379    0.20631   35.23686
jla_mock     0.01447   33.86593    0.20828   34.06899
jla_mock     0.01515   34.06196    0.18400   34.17085
jla_mock     0.02909   35.53836    0.17337   35.60902
jla_mock     0.03478   36.27699    0.17929   36.00632
jla_mock     0.04492   36.48663    0.14071   36.57766
jla_mock     0.03407   35.86601    0.16958   35.96061
jla_mock     0.07487   37.86435    0.14386   37.73249
jla_mock     0.01496   34.00163    0.19783   34.14256
jla_mock     0.02040   34.68545    0.17104   34.82442
jla_mock     0.04069   36.29772    0.17468   36.35626
jla_mock     0.02657   35.15435    0.18033   35.40830
jla_mock     0.02688   35.31280    0.15331   35.43431
jla_mock     0.02347   35.10978    0.17598   35.13429
jla_mock     0.06912   37.75984    0.19118   37.55045
jla_mock     0.06519   37.39239    0.15880   37.41747
jla_mock     0.02298   34.99428    0.17791   35.08760
jla_mock     0.01739   34.46159    0.19829   34.47296
jla_mock     0.03148   35.68896    0.15109   35.78492
jla_mock     0.01118   33.64020    0.19448   33.50474
jla_mock     0.02196   34.94676    0.17567   34.98697
jla_mock     0.03148   35.86419    0.15081   35.78485
jla_mock     0.02332   35.08892    0.20285   35.12013
jla_mock     0.02039   34.94744    0.18301   34.82377
jla_mock     0.02247   34.65668    0.18141   35.03765
jla_mock     0.03361   36.19115    0.18044   35.93037
jla_mock     0.03697   35.86748    0.17917   36.14224
jla_mock     0.02263   35.07882    0.18007   35.05361
jla_mock     0.01470   34.05528    0.18462   34.10407
jla_mock     0.03695   35.92592    0.14876   36.14109
jla_mock     0.06096   37.45022    0.12531   37.26526
jla_mock     0.05929   37.40376    0.12136   37.20241
jla_mock     0.06975   37.65358    0.15874   37.57107
jla_mock     0.02953   35.86071    0.17470   35.64232
jla_mock     0.03325   35.98438    0.17565   35.90649
jla_mock     0.02416   35.11747    0.18124   35.19813
jla_mock     0.01600   34.32866    0.19156   34.29005
jla_mock     0.06296   37.24390    0.16531   37.33846
jla_mock     0.02171   35.00917    0.19186   34.96170
jla_mock     0.03164   36.09689    0.18944   35.79569
jla_mock     0.01860   34.38481    0.17305   34.62124
jla_mock     0.02706   35.34817    0.17333   35.44934
jla_mock     0.02547   35.17907    0.18470   35.31480
jla_mock     0.02381   34.96653    0.19337   35.16597
jla_mock     0.02387   35.45502    0.18298   35.17126
jla_mock     0.02207   34.87530    0.16678   34.99820
