jla_mock     0.50308   42.50147    0.14571   42.35104
jla_mock     0.58072   42.53693    0.16123   42.72544
jla_mock     0.49479   42.32092    0.12071   42.30792
jla_mock     0.34593   41.41384    0.13253   41.39128
jla_mock     0.67766   43.21620    0.22872   43.13160
jla_mock     0.61071   42.73515    0.22549   42.85755
jla_mock     0.86649   43.66135    0.25803   43.78400
jla_mock     0.33093   41.24375    0.12801   41.27950
jla_mock     0.79857   43.41514    0.25920   43.56670
jla_mock     0.44956   42.06331    0.16140   42.06004
jla_mock     0.37144   41.92454    0.14922   41.57158
jla_mock     0.29172   41.09354    0.14231   40.96351
jla_mock     0.35582   41.60806    0.14101   41.46259
jla_mock     0.46127   42.23445    0.15587   42.12638
jla_mock     0.28361   41.11204    0.13056   40.89333
jla_mock     0.63223   42.78780    0.22183   42.94863
jla_mock     0.46641   42.16573    0.17244   42.15500
jla_mock     0.26862   40.74417    0.12820   40.75859
jla_mock     0.94689   44.15122    0.29225   44.02068
jla_mock     0.92492   44.34585    0.31213   43.95801
jla_mock     0.69317   43.36172    0.29243   43.19137
jla_mock     0.62523   42.84462    0.19089   42.91933
jla_mock     0.89694   43.94478    0.26745   43.87607
jla_mock     0.60826   42.81199    0.15987   42.84699
jla_mock     0.78905   43.73508    0.26933   43.53485
jla_mock     0.57829   42.73264    0.14638   42.71445
jla_mock     0.59028   42.77102    0.18967   42.76823
jla_mock     0.71963   43.83430    0.25305   43.29050
jla_mock     0.21003   40.24468    0.13132   40.15509
jla_mock     0.76659   43.51200    0.22577   43.45813
jla_mock     0.85851   43.73336    0.22290   43.75934
jla_mock     0.36790   41.61525    0.09931   41.54727
jla_mock     0.55875   42.51706    0.15678   42.62447
jla_mock     0.84851   43.80729    0.21739   43.72812
jla_mock     0.99639   44.19385    0.24266   44.15679
jla_mock     0.77659   43.87945    0.26449   43.49256
jla_mock     0.58293   42.62319    0.13307   42.73539
jla_mock     0.58374   43.02417    0.16753   42.73903
jla_mock     0.79655   43.23718    0.22888   43.55998
jla_mock     0.58872   42.70221    0.15579   42.76129
jla_mock     0.91347   43.92192    0.24294   43.92478
jla_mock     0.76859   43.23151    0.23905   43.46504
jla_mock     0.94846   44.21386    0.26528   44.02509
jla_mock     0.51379   42.67970    0.15288   42.40578
jla_mock     0.73361   43.55627    0.19294   43.34148
jla_mock     0.63770   42.85565    0.27011   42.97130
jla_mock     0.76559   43.53480    0.21114   43.45466
jla_mock     0.43486   41.98215    0.15773   41.97447
jla_mock     0.98341   43.92866    0.25880   44.12175
jla_mock     0.58374   42.66630    0.16233   42.73903
jla_mock     0.70063   42.93356    0.21687   43.21970
jla_mock     0.66206   42.97985    0.21295   43.07010
jla_mock     0.83813   43.94402    0.28077   43.69533
jla_mock     0.62187   42.72554    0.17547   42.90516
jla_mock     0.37059   41.57992    0.14292   41.56572
jla_mock     0.41663   42.02133    0.13815   41.86455
jla_mock     0.35857   41.51417    0.10704   41.48209
jla_mock     0.45168   42.16434    0.15279   42.07216
jla_mock     0.52276   42.77112    0.16113   42.45081
jla_mock     0.73400   43.59011    0.30409   43.34288
jla_mock     0.70196   43.43248    0.31177   43.22473
jla_mock     0.74201   43.16247    0.29013   43.37166
jla_mock     0.74612   43.46822    0.21822   43.38631
jla_mock     0.34956   41.54591    0.13473   41.41768
jla_mock     0.59183   42.75993    0.15357   42.77513
jla_mock     0.51475   42.36677    0.15561   42.41060
jla_mock     0.62063   42.84822    0.18447   42.89990
jla_mock     0.64365   42.78716    0.24392   42.99574
jla_mock     1.00280   44.03364    0.33217   44.17391
jla_mock     0.47059   42.43131    0.14421   42.17801
jla_mock     0.61064   42.96771    0.15878   42.85725
jla_mock     0.26349   40.71642    0.12805   40.71081
jla_mock     0.35834   41.52104    0.12919   41.48044
jla_mock     0.74270   43.26123    0.25909   43.37412
jla_mock     0.45156   41.80342    0.11539   42.07145
jla_mock     0.91075   44.25855    0.26165   43.91682
jla_mock     0.55261   42.68819    0.15821   42.59559
jla_mock     0.33753   41.34199    0.12813   41.32927
jla_mock     0.75068   43.50046    0.24281   43.40248
jla_mock     0.98378   44.00227    0.34665   44.12275
jla_mock     0.82270   43.64098    0.22176   43.64588
jla_mock     0.81370   43.78437    0.24257   43.61661
jla_mock     0.95076   44.18227    0.26473   44.03158
jla_mock     0.81773   43.87902    0.24643   43.62977
jla_mock     0.34052   41.52979    0.12574   41.35149
jla_mock     0.96075   44.05918    0.28766   44.05949
jla_mock     0.81072   43.86438    0.27276   43.60686
jla_mock     0.75669   43.31869    0.24755   43.42362
jla_mock     0.61125   42.87002    0.18573   42.85987
jla_mock     0.87797   43.57657    0.22379   43.81907
jla_mock     0.54832   42.35146    0.14258   42.57529
jla_mock     0.80903   43.72686    0.23222   43.60132
jla_mock     1.02880   44.06148    0.28337   44.24234
jla_mock     0.62724   42.92479    0.17555   42.92776
jla_mock     0.42245   42.10058    0.15607   41.90012
jla_mock     0.93390   44.54410    0.35000   43.98380
jla_mock     0.70116   43.26335    0.22741   43.22169
jla_mock     0.69716   43.27253    0.20952   43.20658
jla_mock     0.68518   43.39416    0.27044   43.16074
jla_mock     0.76707   43.62968    0.25234   43.45981
jla_mock     0.93190   44.18782    0.25137   43.97808
jla_mock     0.86398   43.50504    0.24510   43.77625
jla_mock     0.74910   43.61118    0.22590   43.39689
jla_mock     0.51435   42.24224    0.15357   42.40861
jla_mock     0.46841   42.16187    0.11440   42.16601
jla_mock     0.47040   42.33047    0.15655   42.17698
jla_mock     0.95887   44.26300    0.27681   44.05426
jla_mock     0.92791   44.39465    0.29724   43.96663
jla_mock     0.84052   43.66727    0.21913   43.70293
jla_mock     0.63070   42.78845    0.17083   42.94224
jla_mock     0.56275   42.61101    0.14441   42.64315
jla_mock     0.61570   43.00692    0.16969   42.87892
jla_mock     0.82853   43.69319    0.22446   43.66467
jla_mock     0.56474   42.53698    0.16043   42.65238
jla_mock     0.57874   43.00380    0.14758   42.71650
jla_mock     0.55774   42.58082    0.15832   42.61978
jla_mock     0.86450   43.60117    0.22870   43.77785
jla_mock     0.73561   43.67156    0.23469   43.34870
jla_mock     0.85851   43.54993    0.28337   43.75932
jla_mock     0.26198   40.67079    0.10443   40.69667
jla_mock     0.58574   42.80047    0.18661   42.74800
jla_mock     0.76158   43.72181    0.21599   43.44073
jla_mock     0.48880   42.13689    0.11155   42.27631
jla_mock     0.85852   43.56097    0.27431   43.75935
jla_mock     0.68866   43.38868    0.18053   43.17412
jla_mock     0.55874   42.70418    0.15492   42.62446
jla_mock     0.32453   41.27744    0.12602   41.23036
jla_mock     0.48070   42.16326    0.10839   42.23305
jla_mock     0.18537   39.94286    0.13096   39.85305
jla_mock     0.92222   43.50822    0.33855   43.95022
jla_mock     0.68194   43.46339    0.19640   43.14823
jla_mock     0.47571   42.14299    0.10811   42.20600
jla_mock     0.92221   44.44078    0.27644   43.95018
jla_mock     0.89318   44.06267    0.25783   43.86487
jla_mock     0.42865   41.91277    0.14144   41.93748
jla_mock     0.63188   42.71367    0.23474   42.94717
jla_mock     0.69996   43.41679    0.25835   43.21717
jla_mock     0.73601   43.38275    0.26469   43.35013
jla_mock     0.57582   42.63322    0.15954   42.70324
jla_mock     0.41863   42.03487    0.10652   41.87683
jla_mock     0.51175   42.25869    0.12001   42.39540
jla_mock     0.53577   42.69842    0.12653   42.51485
jla_mock     0.64189   43.12501    0.21547   42.98856
jla_mock     0.73500   43.34803    0.22720   43.34649
jla_mock     0.35156   41.23952    0.13079   41.43211
jla_mock     0.60986   42.83355    0.17401   42.85388
jla_mock     0.34956   41.40722    0.13437   41.41766
jla_mock     0.70197   43.42387    0.18820   43.22475
jla_mock     0.35526   41.51667    0.10428   41.45861
jla_mock     0.98328   44.03631    0.25757   44.12140
jla_mock     0.87215   43.24326    0.26598   43.80134
jla_mock     0.75903   43.55118    0.20819   43.43183
jla_mock     0.92622   44.03950    0.24599   43.96176
jla_mock     0.64364   43.12671    0.22846   42.99573
jla_mock     0.41957   41.87332    0.13773   41.88255
jla_mock     0.51559   42.33697    0.20314   42.41484
jla_mock     0.89073   44.25869    0.21058   43.85753
jla_mock     0.80570   43.26277    0.22987   43.59033
jla_mock     0.48057   42.13617    0.10875   42.23231
jla_mock     0.80070   43.73014    0.24546   43.57378
jla_mock     0.58060   42.70034    0.18881   42.72490
jla_mock     0.71565   43.66865    0.24397   43.27584
jla_mock     0.80570   43.62058    0.23277   43.59033
jla_mock     0.76668   43.33046    0.25284   43.45846
jla_mock     0.66464   43.14481    0.19579   43.08037
jla_mock     0.90174   44.02946    0.25191   43.89028
jla_mock     0.74567   43.73896    0.21143   43.38470
jla_mock     0.71868   43.21723    0.20380   43.28702
jla_mock     0.73669   43.37622    0.19636   43.35259
jla_mock     0.57960   42.55304    0.12085   42.72037
jla_mock     0.37053   41.76475    0.10257   41.56534
jla_mock     0.96074   43.68608    0.23956   44.05946
jla_mock     0.85073   43.63832    0.21180   43.73508
jla_mock     0.64864   42.97184    0.19255   43.01611
jla_mock     0.21946   40.25654    0.13037   40.26197
jla_mock     0.93676   44.22195    0.24130   43.99195
jla_mock     0.64764   42.94060    0.17876   43.01204
jla_mock     0.46156   42.21467    0.13341   42.12800
jla_mock     0.60060   43.09710    0.17945   42.81372
jla_mock     0.67065   43.17141    0.23101   43.10415
jla_mock     0.76070   43.35896    0.20946   43.43765
jla_mock     0.24649   40.70396    0.13212   40.54638
jla_mock     0.47057   42.19062    0.14759   42.17794
jla_mock     0.16945   39.57172    0.11210   39.63766
jla_mock     0.49738   42.36851    0.12913   42.32144
jla_mock     0.63823   43.24209    0.19689   42.97350
jla_mock     0.50737   42.34764    0.14543   42.37308
jla_mock     0.53533   42.70121    0.14230   42.51269
jla_mock     0.58728   42.98743    0.16639   42.75489
jla_mock     0.77308   43.59452    0.25621   43.48052
jla_mock     0.69917   43.40897    0.22210   43.21417
jla_mock     0.37051   41.68564    0.12736   41.56520
jla_mock     0.76109   43.42199    0.22809   43.43902
jla_mock     0.69917   43.45723    0.21960   43.21418
jla_mock     0.78806   43.46751    0.19242   43.53150
jla_mock     0.37351   41.64086    0.13203   41.58571
jla_mock     0.40548   41.70808    0.13199   41.79507
jla_mock     0.85299   44.15815    0.25729   43.74216
jla_mock     0.80805   43.36576    0.24185   43.59808
jla_mock     0.60327   42.44597    0.18398   42.82536
jla_mock     0.58329   42.80517    0.17903   42.73700
jla_mock     0.53434   42.34458    0.14774   42.50785
jla_mock     0.72014   43.72233    0.24070   43.29239
jla_mock     0.40048   41.77918    0.21061   41.76340
jla_mock     0.83700   43.76914    0.21503   43.69176
jla_mock     0.37151   41.45061    0.10193   41.57203
jla_mock     0.80604   43.34121    0.25908   43.59147
jla_mock     0.84001   43.63801    0.23507   43.70129
jla_mock     0.50073   42.44883    0.12981   42.33885
jla_mock     0.53277   42.90709    0.17422   42.50018
jla_mock     0.53377   42.46464    0.18215   42.50508
jla_mock     0.93223   44.34504    0.34153   43.97902
jla_mock     0.82210   43.51139    0.25791   43.64395
jla_mock     0.55380   42.76496    0.13545   42.60122
jla_mock     0.12530   38.92109    0.13709   38.92294
jla_mock     0.84212   43.95255    0.28303   43.70800
jla_mock     0.44367   42.31599    0.15187   42.02605
jla_mock     0.72767   43.39796    0.24978   43.31996
jla_mock     0.68366   43.21826    0.41253   43.15487
jla_mock     0.44255   41.89649    0.13368   42.01954
jla_mock     0.72668   43.36746    0.20022   43.31634
jla_mock     0.28251   40.96721    0.12748   40.88366
jla_mock     0.40455   41.92827    0.12965   41.78921
jla_mock     0.51961   42.69627    0.13964   42.43507
jla_mock     0.69065   43.51644    0.23215   43.18177
jla_mock     1.06080   44.76062    0.27869   44.32423
jla_mock     0.57661   42.88628    0.15376   42.70683
jla_mock     0.26849   40.87840    0.12614   40.75735
jla_mock     0.72068   43.63221    0.25107   43.29438
jla_mock     0.25050   40.69007    0.13111   40.58606
jla_mock     0.76069   43.20718    0.27664   43.43763
jla_mock     0.69817   43.30556    0.26129   43.21038
jla_mock     0.55031   42.72550    0.16854   42.58475
jla_mock     0.73013   43.67831    0.23525   43.32888
jla_mock     0.84798   43.36282    0.24703   43.72647
jla_mock     0.99783   43.95802    0.24706   44.16064
jla_mock     0.43545   42.03652    0.13052   41.97792
jla_mock     0.40947   41.64818    0.12922   41.82014
jla_mock     0.30159   41.20099    0.12599   41.04659
jla_mock     1.29911   45.10109    0.19341   44.86622
jla_mock     1.02081   44.03440    0.23668   44.22149
jla_mock     0.83973   43.55104    0.19265   43.70043
jla_mock     1.12085   44.56151    0.20807   44.47149
jla_mock     1.23089   44.51429    0.23900   44.72199
jla_mock     0.97423   44.33314    0.18427   44.09670
jla_mock     0.97078   44.20877    0.33863   44.08723
jla_mock     0.06423   37.30852    0.15073   37.38367
jla_mock     0.12903   39.10570    0.16417   38.99182
jla_mock     0.10289   38.40952    0.14984   38.46361
jla_mock     0.04413   36.54041    0.17360   36.53791
jla_mock     0.11304   38.78366    0.15277   38.68229
jla_mock     0.25611   40.61363    0.20496   40.64067
jla_mock     0.38026   41.67487    0.28703   41.63124
jla_mock     0.14547   39.35579    0.16219   39.27457
jla_mock     0.08889   38.21835    0.14637   38.12583
jla_mock     0.26059   40.65797    0.18294   40.68349
jla_mock     0.07891   37.93333    0.15603   37.85259
jla_mock     0.08304   37.92250    0.15332   37.96945
jla_mock     0.16565   39.59543    0.13854   39.58339
jla_mock     0.16817   39.40852    0.16196   39.61946
jla_mock     0.17063   39.82565    0.16521   39.65419
jla_mock     0.17028   39.52227    0.17036   39.64928
jla_mock     0.12044   38.76400    0.15110   38.83033
jla_mock     0.27653   40.75708    0.21444   40.83051
jla_mock     0.23160   40.38278    0.18253   40.39347
jla_mock     0.30569   41.02772    0.26735   41.08035
jla_mock     0.07997   37.91906    0.16566   37.88313
jla_mock     0.17415   39.59638    0.15831   39.70309
jla_mock     0.13868   39.27205    0.16605   39.16161
jla_mock     0.14607   39.52199    0.16392   39.28432
jla_mock     0.08133   37.99602    0.14393   37.92176
jla_mock     0.23380   40.42307    0.17178   40.41662
jla_mock     0.25655   40.58197    0.17733   40.64491
jla_mock     0.24562   40.63725    0.20041   40.53766
jla_mock     0.12593   39.04854    0.19133   38.93474
jla_mock     0.22351   40.18750    0.21583   40.30655
jla_mock     0.10264   38.44424    0.14664   38.45798
jla_mock     0.11967   38.87904    0.14567   38.81533
jla_mock     0.18055   39.76406    0.16851   39.78968
jla_mock     0.19709   40.08742    0.17390   40.00094
jla_mock     0.22916   40.39476    0.19939   40.36755
jla_mock     0.26451   40.82498    0.19876   40.72040
jla_mock     0.10337   38.50925    0.12264   38.47441
jla_mock     0.36441   40.87990    0.23043   41.52305
jla_mock     0.20560   40.07221    0.15584   40.10331
jla_mock     0.17981   40.19268    0.19620   39.77982
jla_mock     0.19959   39.92974    0.18224   40.03143
jla_mock     0.15653   39.61029    0.15013   39.44844
jla_mock     0.16180   39.79982    0.14761   39.52729
jla_mock     0.20953   40.32172    0.20608   40.14927
jla_mock     0.24179   40.41786    0.19813   40.49904
jla_mock     0.23646   40.71676    0.16266   40.44434
jla_mock     0.22668   40.58716    0.21051   40.34095
jla_mock     0.29678   40.89421    0.19716   41.00643
jla_mock     0.20852   40.16408    0.16317   40.13754
jla_mock     0.25104   40.69526    0.22086   40.59138
jla_mock     0.25012   40.56664    0.17967   40.58234
jla_mock     0.11771   38.77376    0.14551   38.77674
jla_mock     0.21971   40.19080    0.16999   40.26472
jla_mock     0.14901   39.26634    0.14890   39.33153
jla_mock     0.28742   40.91887    0.18840   40.92654
jla_mock     0.14360   39.27203    0.16640   39.24396
jla_mock     0.32837   41.16765    0.19601   41.25993
jla_mock     0.24625   40.61558    0.16507   40.54396
jla_mock     0.11966   38.92472    0.15027   38.81514
jla_mock     0.32838   40.95924    0.27642   41.26001
jla_mock     0.21513   40.22678    0.18367   40.21341
jla_mock     0.14478   39.26444    0.13617   39.26332
jla_mock     0.13243   38.94922    0.12839   39.05296
jla_mock     0.21082   40.26610    0.16235   40.16418
jla_mock     0.20399   40.04348    0.15781   40.08425
jla_mock     0.27952   40.72900    0.16701   40.85722
jla_mock     0.04428   36.65284    0.15510   36.54551
jla_mock     0.18037   39.91823    0.15078   39.78729
jla_mock     0.26070   40.80351    0.18972   40.68453
jla_mock     0.05654   37.08522    0.18697   37.09513
jla_mock     0.21260   40.25741    0.19195   40.18462
jla_mock     0.36941   41.38535    0.23700   41.55764
jla_mock     0.17386   39.70989    0.13052   39.69910
jla_mock     0.14265   39.36547    0.16863   39.22827
jla_mock     0.17789   39.73630    0.17323   39.75404
jla_mock     0.32837   41.44170    0.20656   41.25993
jla_mock     0.25351   40.55985    0.19561   40.61551
jla_mock     0.30001   40.96105    0.19320   41.03346
jla_mock     0.10589   38.39936    0.14608   38.53030
jla_mock     0.22328   40.37627    0.16844   40.30404
jla_mock     0.11845   38.97453    0.12252   38.79138
jla_mock     0.17653   39.86897    0.17119   39.73563
jla_mock     0.18280   39.73395    0.18907   39.81945
jla_mock     0.29762   40.47675    0.22708   41.01348
jla_mock     0.19699   40.13656    0.16337   39.99971
jla_mock     0.15295   39.28389    0.14755   39.39345
jla_mock     0.24850   40.51580    0.17448   40.56634
jla_mock     0.13818   39.24276    0.12409   39.15309
jla_mock     0.20704   39.84829    0.17045   40.12025
jla_mock     0.21468   39.86340    0.18060   40.20831
jla_mock     0.30632   40.75483    0.21503   41.08550
jla_mock     0.24695   40.42229    0.17120   40.55095
jla_mock     0.19801   39.93170    0.14490   40.01220
jla_mock     0.22256   40.20962    0.15195   40.29616
jla_mock     0.13508   39.07843    0.15131   39.09960
jla_mock     0.21054   40.03843    0.18261   40.16096
jla_mock     0.27258   40.88931    0.16911   40.79482
jla_mock     0.24660   40.58689    0.16169   40.54746
jla_mock     0.22068   40.14039    0.19429   40.27546
jla_mock     0.27447   40.84173    0.19147   40.81196
jla_mock     0.17656   39.60968    0.15540   39.73604
jla_mock     0.31088   41.46050    0.22016   41.12250
jla_mock     0.18435   39.60605    0.17308   39.83976
jla_mock     0.15935   39.64104    0.14827   39.49093
jla_mock     0.21976   40.13892    0.16605   40.26527
jla_mock     0.25205   40.68477    0.18410   40.60127
jla_mock     0.18122   39.83112    0.14940   39.79858
jla_mock     0.17373   39.79021    0.13336   39.69730
jla_mock     0.38047   41.37395    0.24246   41.63265
jla_mock     0.17865   40.02270    0.17172   39.76428
jla_mock     0.24568   40.68888    0.18910   40.53826
jla_mock     0.20910   40.42810    0.16102   40.14428
jla_mock     0.24947   40.71331    0.20971   40.57593
jla_mock     0.13392   39.09896    0.16606   39.07929
jla_mock     0.17706   39.63073    0.16040   39.74282
jla_mock     0.28111   40.85944    0.18775   40.87131
jla_mock     0.17383   39.73485    0.15187   39.69868
jla_mock     0.19654   39.84186    0.16513   39.99418
jla_mock     0.36397   41.09907    0.22725   41.51999
jla_mock     0.37835   41.02454    0.26733   41.61843
jla_mock     0.31646   41.22183    0.21039   41.16711
jla_mock     0.18322   40.12244    0.13519   39.82497
jla_mock     0.24102   40.54687    0.16774   40.49121
jla_mock     0.20203   39.75678    0.19953   40.06085
jla_mock     0.16869   39.40806    0.16512   39.62684
jla_mock     0.19794   40.07261    0.17492   40.01135
jla_mock     0.12276   38.91838    0.14575   38.87499
jla_mock     0.20318   40.13633    0.16105   40.07461
jla_mock     0.12739   39.04836    0.14896   38.96178
jla_mock     0.27549   41.04024    0.19973   40.82116
jla_mock     0.14468   39.39928    0.14722   39.26169
jla_mock     0.33436   41.21784    0.24978   41.30545
jla_mock     0.19580   40.17578    0.15393   39.98507
jla_mock     0.19392   39.77025    0.16375   39.96176
jla_mock     0.24973   40.45952    0.18581   40.57850
jla_mock     0.14860   39.44621    0.14880   39.32499
jla_mock     0.15596   39.39461    0.14872   39.43976
jla_mock     0.09582   38.62492    0.15035   38.29889
jla_mock     0.15065   39.32713    0.15873   39.35748
jla_mock     0.30933   41.06199    0.24716   41.10998
jla_mock     0.24857   40.41876    0.17340   40.56704
jla_mock     0.36554   41.87367    0.24312   41.53091
jla_mock     0.11771   38.72791    0.12848   38.77674
jla_mock     0.19176   39.88837    0.14428   39.93472
jla_mock     0.18255   39.74653    0.16171   39.81616
jla_mock     0.23472   40.49645    0.18445   40.42624
jla_mock     0.24647   40.49020    0.19928   40.54616
jla_mock     0.28845   40.80304    0.18873   40.93544
jla_mock     0.20960   40.13661    0.19927   40.15008
jla_mock     0.19198   40.12285    0.17965   39.93748
jla_mock     0.11402   38.74742    0.12215   38.70241
jla_mock     0.11389   38.80381    0.18397   38.69975
jla_mock     0.19880   40.19665    0.20967   40.02183
jla_mock     0.22058   40.17059    0.22796   40.27436
jla_mock     0.18257   39.88015    0.16454   39.81642
jla_mock     0.15895   39.39768    0.16373   39.48495
jla_mock     0.07849   37.97208    0.14912   37.84038
jla_mock     0.13864   39.31393    0.13217   39.16093
jla_mock     0.18079   39.52807    0.15446   39.79287
jla_mock     0.17757   39.75515    0.18629   39.74972
jla_mock     0.17066   39.62447    0.16102   39.65461
jla_mock     0.23381   40.08722    0.20859   40.41672
jla_mock     0.07153   37.69554    0.17411   37.62842
jla_mock     0.15463   39.88243    0.18792   39.41940
jla_mock     0.09010   38.34555    0.15951   38.15695
jla_mock     0.17658   39.66982    0.20449   39.73631
jla_mock     0.13045   39.00553    0.16441   39.01753
jla_mock     0.18204   39.65634    0.17167   39.80943
jla_mock     0.25617   40.60167    0.17261   40.64125
jla_mock     0.13811   39.07328    0.14854   39.15189
jla_mock     0.17070   39.68419    0.16750   39.65518
jla_mock     0.21674   40.13801    0.14793   40.23156
jla_mock     0.24555   40.42443    0.17888   40.53696
jla_mock     0.14382   39.22797    0.16710   39.24758
jla_mock     0.24862   40.55985    0.18856   40.56753
jla_mock     0.14533   39.44496    0.17139   39.27229
jla_mock     0.13588   39.10508    0.12760   39.11351
jla_mock     0.05874   37.28325    0.12754   37.18137
jla_mock     0.03652   36.19431    0.15192   36.11500
jla_mock     0.27749   40.94743    0.22703   40.83912
jla_mock     0.20515   39.14844    0.29701   40.09800
jla_mock     0.28051   41.04765    0.20079   40.86600
jla_mock     0.19867   40.39982    0.16216   40.02025
jla_mock     0.15999   39.76869    0.15164   39.50048
jla_mock     0.21075   40.35039    0.18113   40.16338
jla_mock     0.07195   37.62706    0.17246   37.64176
jla_mock     0.23782   41.04278    0.19074   40.45841
jla_mock     0.14139   39.14362    0.17359   39.20730
jla_mock     0.15506   39.67373    0.15761   39.42600
jla_mock     0.37013   41.67693    0.22887   41.56259
jla_mock     0.09391   38.00684    0.17056   38.25241
jla_mock     0.11863   38.63483    0.17058   38.79493
jla_mock     0.15363   39.47030    0.15381   39.40398
jla_mock     0.25356   40.74880    0.16810   40.61600
jla_mock     0.10725   38.59697    0.14420   38.55994
jla_mock     0.12961   38.94475    0.15302   39.00235
jla_mock     0.26665   40.81102    0.19376   40.74033
jla_mock     0.21226   40.05589    0.16263   40.18073
jla_mock     0.27822   40.84206    0.18167   40.84564
jla_mock     0.24540   40.54105    0.16812   40.53546
jla_mock     0.13362   39.26523    0.15059   39.07401
jla_mock     0.17656   39.67964    0.16208   39.73604
jla_mock     0.11368   38.70497    0.14584   38.69545
jla_mock     0.32038   41.20733    0.26368   41.19801
jla_mock     0.11271   38.57525    0.12253   38.67548
jla_mock     0.10602   38.50520    0.14473   38.53314
jla_mock     0.39135   41.55381    0.26610   41.70449
jla_mock     0.15575   39.49064    0.14612   39.43656
jla_mock     0.18667   39.85221    0.16762   39.86986
jla_mock     0.19671   39.98469    0.16670   39.99627
jla_mock     0.19191   40.01592    0.17339   39.93660
jla_mock     0.19084   40.06588    0.15088   39.92311
jla_mock     0.17625   39.82882    0.15361   39.73182
jla_mock     0.12837   39.19529    0.15036   38.97977
jla_mock     0.12262   38.76580    0.14734   38.87232
jla_mock     0.12715   38.87875    0.14706   38.95736
jla_mock     0.21323   39.99168    0.17621   40.19182
jla_mock     0.21861   40.08103    0.18110   40.25249
jla_mock     0.26856   40.60968    0.19152   40.75800
jla_mock     0.20466   40.17286    0.16519   40.09220
jla_mock     0.26710   40.69263    0.17378   40.74451
jla_mock     0.21757   40.19000    0.17265   40.24087
jla_mock     0.24185   40.67984    0.17151   40.49965
jla_mock     0.29350   41.09163    0.20072   40.97870
jla_mock     0.35346   40.60722    0.23114   41.44575
jla_mock     0.18563   39.63043    0.15495   39.85641
jla_mock     0.28543   40.92393    0.19928   40.90924
jla_mock     0.19494   40.12891    0.16836   39.97443
jla_mock     0.07592   37.77480    0.14500   37.76429
jla_mock     0.16357   39.45487    0.15778   39.55323
jla_mock     0.25721   41.20835    0.20821   40.65125
jla_mock     0.21955   40.47029    0.18725   40.26294
jla_mock     0.17558   39.87209    0.15163   39.72269
jla_mock     0.22667   40.30293    0.18608   40.34084
jla_mock     0.15322   39.56626    0.15082   39.39764
jla_mock     0.21025   40.10042    0.19550   40.15761
jla_mock     0.12164   38.60686    0.12361   38.85353
jla_mock     0.29135   41.18132    0.19905   40.96037
jla_mock     0.29448   40.88682    0.27860   40.98701
jla_mock     0.16455   39.74769    0.12599   39.56749
jla_mock     0.30702   41.44363    0.20907   41.09122
jla_mock     0.19863   40.13503    0.16158   40.01976
jla_mock     0.26821   40.45683    0.21540   40.75477
jla_mock     0.40128   41.65990    0.24823   41.76846
jla_mock     0.13668   39.04577    0.15334   39.12735
jla_mock     0.29542   40.76206    0.24720   40.99496
jla_mock     0.29192   41.04888    0.19220   40.96524
jla_mock     0.09007   38.27561    0.12097   38.15619
jla_mock     0.20557   39.99579    0.18293   40.10296
jla_mock     0.14582   39.17872    0.14935   39.28026
jla_mock     0.11767   39.03664    0.14487   38.77595
jla_mock     0.05499   36.96912    0.14998   37.03240
jla_mock     0.17420   39.64333    0.15143   39.70378
jla_mock     0.24495   40.55247    0.18021   40.53095
jla_mock     0.22452   40.20803    0.18250   40.31756
jla_mock     0.24558   40.49827    0.16228   40.53726
jla_mock     0.28351   40.87819    0.21250   40.89245
jla_mock     0.18056   39.94482    0.17619   39.78982
jla_mock     0.10391   38.48765    0.12352   38.48649
jla_mock     0.12961   39.13100    0.15327   39.00235
jla_mock     0.24352   40.56148    0.16046   40.51656
jla_mock     0.33136   41.44727    0.26935   41.28275
jla_mock     0.24348   40.49501    0.19048   40.51615
jla_mock     0.31468   41.11043    0.17578   41.15296
jla_mock     0.21865   40.18463    0.18935   40.25293
jla_mock     0.26014   40.51470    0.21926   40.67922
jla_mock     0.28243   41.13982    0.19831   40.88296
jla_mock     0.30041   41.33277    0.20582   41.03679
jla_mock     0.15186   39.31970    0.14864   39.37647
jla_mock     0.26357   40.42668    0.18937   40.71159
jla_mock     0.21382   40.22586    0.20621   40.19854
jla_mock     0.16284   39.78648    0.16762   39.54256
jla_mock     0.12440   39.22853    0.17141   38.90608
jla_mock     0.19465   39.92101    0.13939   39.97083
jla_mock     0.20554   39.84227    0.18299   40.10260
jla_mock     0.10667   38.60083    0.14589   38.54734
jla_mock     0.18772   39.82667    0.18725   39.88338
jla_mock     0.16387   39.60517    0.15682   39.55760
jla_mock     0.29021   41.39213    0.19470   40.95060
jla_mock     0.09401   38.38231    0.12498   38.25487
jla_mock     0.22786   40.23782    0.18010   40.35364
jla_mock     0.10751   38.70243    0.14765   38.56556
jla_mock     0.31065   40.96933    0.22259   41.12065
jla_mock     0.14564   39.28028    0.15576   39.27734
jla_mock     0.08784   38.31394    0.12610   38.09850
jla_mock     0.14839   39.44883    0.15573   39.32164
jla_mock     0.28662   40.94936    0.19366   40.91960
jla_mock     0.12281   38.92428    0.13329   38.87594
jla_mock     0.18655   39.98098    0.20280   39.86832
jla_mock     0.12893   38.88946    0.15504   38.99000
jla_mock     0.19422   39.86181    0.16864   39.96549
jla_mock     0.14800   39.53010    0.14676   39.31541
jla_mock     0.21179   40.05834    0.22866   40.17534
jla_mock     0.17962   39.70747    0.17351   39.77728
jla_mock     0.26349   40.74842    0.18130   40.71084
jla_mock     0.19215   39.69167    0.15957   39.93962
jla_mock     0.33880   41.38971    0.22988   41.33871
jla_mock     0.11741   38.74432    0.14767   38.77078
jla_mock     0.14310   39.42654    0.16842   39.23571
jla_mock     0.16035   39.44583    0.13218   39.50583
jla_mock     0.28872   41.01048    0.21130   40.93777
jla_mock     0.12303   38.79585    0.15465   38.88013
jla_mock     0.26405   40.78819    0.18534   40.71609
jla_mock     0.12608   38.67443    0.17183   38.93753
jla_mock     0.17374   39.81341    0.14981   39.69744
jla_mock     0.16440   39.88969    0.14973   39.56531
jla_mock     0.24961   40.52915    0.16242   40.57731
jla_mock     0.15999   39.54338    0.15137   39.50048
jla_mock     0.24448   40.69374    0.15150   40.52623
jla_mock     0.24851   40.72318    0.17708   40.56644
jla_mock     0.22893   40.37823    0.16848   40.36509
jla_mock     0.08528   37.99024    0.14385   38.03054
jla_mock     0.06282   37.40021    0.14855   37.33331
jla_mock     0.27745   41.00688    0.23370   40.83876
jla_mock     0.27544   40.87852    0.21508   40.82071
jla_mock     0.33051   41.35186    0.21088   41.27628
jla_mock     0.36193   41.73918    0.24565   41.50573
jla_mock     0.33103   41.44405    0.21801   41.28024
jla_mock     0.16050   39.41715    0.12715   39.50806
jla_mock     0.30021   40.68034    0.20430   41.03513
jla_mock     0.11635   38.69173    0.12231   38.74960
jla_mock     0.21829   40.26051    0.16062   40.24892
jla_mock     0.11967   38.93175    0.12046   38.81533
jla_mock     0.15473   39.56128    0.12395   39.42094
jla_mock     0.17810   39.93998    0.16563   39.75688
jla_mock     0.25037   40.60210    0.16561   40.58480
jla_mock     0.25174   40.58616    0.14466   40.59824
jla_mock     0.12953   39.01523    0.14519   39.00090
jla_mock     0.30929   41.19387    0.18811   41.10966
jla_mock     0.27852   40.74643    0.17882   40.84832
jla_mock     0.18581   39.76915    0.13606   39.85875
jla_mock     0.06651   37.54360    0.17228   37.46289
jla_mock     0.25800   40.64273    0.18757   40.65882
jla_mock     0.29888   40.96264    0.21609   41.02403
jla_mock     0.27044   41.14497    0.22437   40.77528
jla_mock     0.27916   40.80878    0.17184   40.85402
jla_mock     0.29287   40.87407    0.21554   40.97334
jla_mock     0.18965   39.79579    0.15711   39.90803
jla_mock     0.26576   40.75909    0.19291   40.73206
jla_mock     0.12376   39.05250    0.14509   38.89399
jla_mock     0.18255   39.92580    0.14972   39.81616
jla_mock     0.05634   37.16509    0.14895   37.08713
jla_mock     0.31288   41.11219    0.18264   41.13858
jla_mock     0.30915   41.26154    0.22329   41.10853
jla_mock     0.20061   40.18941    0.15588   40.04377
jla_mock     0.32640   41.32219    0.20549   41.24480
jla_mock     0.21163   40.27710    0.13899   40.17351
jla_mock     0.17969   39.77879    0.15636   39.77821
jla_mock     0.30240   41.12526    0.19662   41.05329
jla_mock     0.10924   38.62540    0.14870   38.60268
jla_mock     0.08522   38.00478    0.15002   38.02892
jla_mock     0.20231   40.01023    0.16132   40.06421
jla_mock     0.12649   39.26286    0.15585   38.94515
jla_mock     0.21457   40.38959    0.16813   40.20706
jla_mock     0.32045   41.09524    0.19169   41.19856
jla_mock     0.21835   40.04658    0.17273   40.24959
jla_mock     0.19010   39.84319    0.15982   39.91374
jla_mock     0.09243   38.07833    0.15614   38.21577
jla_mock     0.37986   41.29317    0.18489   41.62856
jla_mock     0.21134   40.05562    0.16608   40.17017
jla_mock     0.25833   40.65116    0.18012   40.66198
jla_mock     0.18327   40.07122    0.16856   39.82563
jla_mock     0.21295   40.07874    0.17785   40.18862
jla_mock     0.11651   38.51522    0.15544   38.75281
jla_mock     0.14401   39.22606    0.17186   39.25071
jla_mock     0.25249   40.65877    0.18600   40.60557
jla_mock     0.25539   40.72835    0.21320   40.63373
jla_mock     0.21698   39.91131    0.18861   40.23425
jla_mock     1.26590   44.78560    0.22380   44.79699
jla_mock     0.93577   43.74959    0.22959   43.98915
jla_mock     0.04952   36.76828    0.20229   36.79644
jla_mock     0.03033   35.59628    0.18208   35.70157
jla_mock     0.07458   37.70864    0.21873   37.72360
jla_mock     0.02520   35.09056    0.22034   35.29123
jla_mock     0.01441   34.14047    0.20528   34.06048
jla_mock     0.02079   34.93335    0.19750   34.86681
jla_mock     0.03522   36.12883    0.20378   36.03412
jla_mock     0.04166   36.31201    0.21523   36.40883
jla_mock     0.04240   36.73749    0.20619   36.44838
jla_mock     0.01890   34.97062    0.18362   34.65682
jla_mock     0.07884   37.77623    0.21534   37.85056
jla_mock     0.06334   37.09713    0.20759   37.35224
jla_mock     0.02764   35.78851    0.23142   35.49574
jla_mock     0.04933   37.14865    0.21068   36.78762
jla_mock     0.07015   37.99143    0.22041   37.58415
jla_mock     0.02391   35.02880    0.18368   35.17514
jla_mock     0.05313   36.89688    0.22336   36.95466
jla_mock     0.02495   35.26599    0.18978   35.26944
jla_mock     0.01566   34.63790    0.20165   34.24356
jla_mock     0.04898   36.52945    0.15986   36.77203
jla_mock     0.02240   34.70876    0.18928   35.03106
jla_mock     0.03485   35.80738    0.23666   36.01099
jla_mock     0.01697   34.23408    0.20291   34.41905
jla_mock     0.03072   35.89214    0.18172   35.73037
jla_mock     0.03048   35.72279    0.18204   35.71303
jla_mock     0.01055   33.49653    0.21945   33.37697
jla_mock     0.01426   34.09670    0.17171   34.03675
jla_mock     0.02769   35.56958    0.18125   35.49983
jla_mock     0.05386   36.94897    0.15904   36.98558
jla_mock     0.01767   34.39718    0.19251   34.50873
jla_mock     0.01745   34.56757    0.17037   34.48092
jla_mock     0.01557   34.21423    0.20220   34.23076
jla_mock     0.01006   33.23730    0.23113   33.27290
jla_mock     0.05493   36.94251    0.18431   37.02998
jla_mock     0.03908   36.29642    0.16317   36.26630
jla_mock     0.07832   37.55872    0.18392   37.83534
jla_mock     0.03176   35.81180    0.15356   35.80452
jla_mock     0.01444   34.11396    0.22581   34.06489
jla_mock     0.01353   33.82485    0.22079   33.92255
jla_mock     0.02668   35.32779    0.19350   35.41745
jla_mock     0.02336   35.30838    0.17881   35.12382
jla_mock     0.03693   36.29208    0.19002   36.14013
jla_mock     0.02355   34.93392    0.17820   35.14190
jla_mock     0.01748   34.62387    0.19212   34.48507
jla_mock     0.04026   36.33525    0.17448   36.33252
jla_mock     0.03038   35.64665    0.20408   35.70566
jla_mock     0.01550   34.27333    0.20028   34.22101
jla_mock     0.01415   33.83779    0.18788   34.02052
jla_mock     0.01549   34.23678    0.18431   34.21860
jla_mock     0.01555   34.32489    0.19852   34.22808
jla_mock     0.03707   36.43839    0.15485   36.14862
jla_mock     0.01548   33.87453    0.20250   34.21789
jla_mock     0.01332   33.88005    0.18644   33.88842
jla_mock     0.01457   34.29116    0.20791   34.08532
jla_mock     0.01579   34.17762    0.19847   34.26130
jla_mock     0.02475   35.27197    0.17955   35.25120
jla_mock     0.02775   35.58813    0.17503   35.50463
jla_mock     0.01089   33.33966    0.25478   33.44601
jla_mock     0.01365   33.96113    0.18671   33.94176
jla_mock     0.03576   36.13523    0.16296   36.06783
jla_mock     0.02473   35.37707    0.17711   35.24932
jla_mock     0.03809   36.09682    0.17052   36.20863
jla_mock     0.02154   34.81731    0.17712   34.94487
jla_mock     0.01958   34.92938    0.17899   34.73456
jla_mock     0.03042   35.98738    0.17572   35.70822
jla_mock     0.03922   36.17473    0.17021   36.27406
jla_mock     0.03497   35.98238    0.15988   36.01845
jla_mock     0.02856   35.67492    0.17650   35.56863
jla_mock     0.02100   34.95144    0.18823   34.88845
jla_mock     0.03254   35.89117    0.18232   35.85802
jla_mock     0.01547   34.13478    0.19319   34.21604
jla_mock     0.01568   34.09701    0.20748   34.24552
jla_mock     0.02750   35.24333    0.15599   35.48465
jla_mock     0.04686   36.76527    0.17135   36.67229
jla_mock     0.03317   35.52641    0.18296   35.90099
jla_mock     0.01029   33.56434    0.23550   33.32258
jla_mock     0.08010   37.86646    0.17116   37.88694
jla_mock     0.01232   33.99089    0.20021   33.71613
jla_mock     0.02459   35.33909    0.20631   35.23686
jla_mock     0.01447   33.89876    0.20828   34.06899
jla_mock     0.01515   34.21583    0.18400   34.17085
jla_mock     0.02909   35.51133    0.17337   35.60902
jla_mock     0.03478   36.31034    0.17929   36.00632
jla_mock     0.04492   36.80582    0.14071   36.57766
jla_mock     0.03407   35.79565    0.16958   35.96061
jla_mock     0.07487   37.51125    0.14386   37.73249
jla_mock     0.01496   33.99922    0.19783   34.14256
jla_mock     0.02040   34.79700    0.17104   34.82442
jla_mock     0.04069   36.36572    0.17468   36.35626
jla_mock     0.02657   35.27306    0.18033   35.40830
jla_mock     0.02688   35.62248    0.15331   35.43431
jla_mock     0.02347   35.10172    0.17598   35.13429
jla_mock     0.06912   37.59955    0.19118   37.55045
jla_mock     0.06519   37.64212    0.15880   37.41747
jla_mock     0.02298   34.95202    0.17791   35.08760
jla_mock     0.01739   34.43601    0.19829   34.47296
jla_mock     0.03148   35.79118    0.15109   35.78492
jla_mock     0.01118   33.78455    0.19448   33.50474
jla_mock     0.02196   35.06676    0.17567   34.98697
jla_mock     0.03148   35.60405    0.15081   35.78485
jla_mock     0.02332   35.21071    0.20285   35.12013
jla_mock     0.02039   34.80976    0.18301   34.82377
jla_mock     0.02247   35.03356    0.18141   35.03765
jla_mock     0.03361   35.80522    0.18044   35.93037
jla_mock     0.03697   35.93741    0.17917   36.14224
jla_mock     0.02263   35.00742    0.18007   35.05361
jla_mock     0.01470   33.94192    0.18462   34.10407
jla_mock     0.03695   36.04902    0.14876   36.14109
jla_mock     0.06096   37.29647    0.12531   37.26526
jla_mock     0.05929   37.11452    0.12136   37.20241
jla_mock     0.06975   37.58679    0.15874   37.57107
jla_mock     0.02953   35.61214    0.17470   35.64232
jla_mock     0.03325   35.81923    0.17565   35.90649
jla_mock     0.02416   35.39075    0.18124   35.19813
jla_mock     0.01600   34.29968    0.19156   34.29005
jla_mock     0.06296   37.30420    0.16531   37.33846
jla_mock     0.02171   35.41078    0.19186   34.96170
jla_mock     0.03164   35.93355    0.18944   35.79569
jla_mock     0.01860   34.57101    0.17305   34.62124
jla_mock     0.02706   35.52757    0.17333   35.44934
jla_mock     0.02547   35.42441    0.18470   35.31480
jla_mock     0.02381   35.20686    0.19337   35.16597
jla_mock     0.02387   35.17676    0.18298   35.17126
jla_mock     0.02207   35.11548    0.16678   34.99820
